0 0.197500 0.500000 0.018333 0.076087
11 0.198333 0.239130 0.030000 0.076087
1 0.325833 0.369565 0.018333 0.076087
7 0.454167 0.108696 0.018333 0.076087
3 0.454167 0.500000 0.018333 0.076087
11 0.583333 0.108696 0.030000 0.076087
5 0.584167 0.630435 0.018333 0.076087
7 0.584167 0.500000 0.018333 0.076087
12 0.583333 0.369565 0.030000 0.076087
1 0.712500 0.630435 0.018333 0.076087
0 0.712500 0.500000 0.018333 0.076087
20 0.840000 0.369565 0.030000 0.076087
2 0.840833 0.108696 0.018333 0.076087
8 0.840833 0.500000 0.018333 0.076087
2 0.840833 0.239130 0.018333 0.076087
0 0.840833 0.760870 0.018333 0.076087
