10 0.160000 0.813063 0.030000 0.058559
0 0.159167 0.317568 0.018333 0.058559
1 0.249167 0.416667 0.018333 0.058559
4 0.249167 0.317568 0.018333 0.058559
5 0.249167 0.515766 0.018333 0.058559
21 0.340000 0.515766 0.030000 0.058559
0 0.339167 0.813063 0.018333 0.058559
12 0.340000 0.317568 0.030000 0.058559
3 0.429167 0.614865 0.018333 0.058559
9 0.429167 0.416667 0.018333 0.058559
0 0.429167 0.713964 0.018333 0.058559
9 0.429167 0.515766 0.018333 0.058559
10 0.520000 0.813063 0.030000 0.058559
4 0.519167 0.713964 0.018333 0.058559
10 0.520000 0.317568 0.030000 0.058559
12 0.610000 0.614865 0.030000 0.058559
1 0.609167 0.813063 0.018333 0.058559
2 0.699167 0.813063 0.018333 0.058559
24 0.700000 0.317568 0.030000 0.058559
5 0.789167 0.813063 0.018333 0.058559
23 0.880000 0.813063 0.030000 0.058559
