2 0.125000 0.630435 0.015714 0.076087
6 0.125000 0.239130 0.015714 0.076087
13 0.190000 0.500000 0.025714 0.076087
18 0.190000 0.369565 0.025714 0.076087
1 0.255000 0.369565 0.015714 0.076087
3 0.255000 0.760870 0.015714 0.076087
0 0.255000 0.108696 0.015714 0.076087
1 0.320714 0.369565 0.015714 0.076087
7 0.386429 0.369565 0.015714 0.076087
0 0.386429 0.760870 0.015714 0.076087
2 0.386429 0.500000 0.015714 0.076087
0 0.450714 0.630435 0.015714 0.076087
0 0.450714 0.108696 0.015714 0.076087
10 0.451429 0.500000 0.025714 0.076087
2 0.450714 0.369565 0.015714 0.076087
17 0.517143 0.760870 0.025714 0.076087
1 0.516429 0.369565 0.015714 0.076087
10 0.517143 0.500000 0.025714 0.076087
0 0.582143 0.500000 0.015714 0.076087
19 0.581429 0.760870 0.025714 0.076087
10 0.647143 0.500000 0.025714 0.076087
10 0.647143 0.760870 0.025714 0.076087
21 0.647143 0.108696 0.025714 0.076087
6 0.646429 0.630435 0.015714 0.076087
9 0.712143 0.369565 0.015714 0.076087
28 0.777143 0.108696 0.048571 0.076087
12 0.777143 0.760870 0.025714 0.076087
0 0.777857 0.630435 0.015714 0.076087
4 0.777857 0.500000 0.015714 0.076087
0 0.777857 0.369565 0.015714 0.076087
1 0.843571 0.630435 0.015714 0.076087
9 0.843571 0.760870 0.015714 0.076087
0 0.843571 0.369565 0.015714 0.076087
5 0.907857 0.500000 0.015714 0.076087
