0 0.110000 0.253125 0.017500 0.106250
18 0.110000 0.628125 0.030000 0.106250
2 0.110000 0.753125 0.017500 0.106250
4 0.167500 0.503125 0.017500 0.106250
4 0.167500 0.628125 0.017500 0.106250
9 0.225000 0.503125 0.017500 0.106250
12 0.283750 0.128125 0.030000 0.106250
21 0.283750 0.378125 0.030000 0.106250
14 0.283750 0.628125 0.030000 0.106250
22 0.283750 0.753125 0.030000 0.106250
27 0.341250 0.250000 0.017500 0.087500
3 0.398750 0.503125 0.017500 0.106250
15 0.456250 0.503125 0.030000 0.106250
2 0.456250 0.253125 0.017500 0.106250
12 0.515000 0.753125 0.030000 0.106250
6 0.572500 0.378125 0.017500 0.106250
13 0.572500 0.628125 0.030000 0.106250
4 0.572500 0.253125 0.017500 0.106250
5 0.630000 0.128125 0.017500 0.106250
0 0.630000 0.378125 0.017500 0.106250
10 0.630000 0.503125 0.030000 0.106250
21 0.630000 0.628125 0.030000 0.106250
23 0.687500 0.503125 0.030000 0.106250
3 0.687500 0.628125 0.017500 0.106250
23 0.687500 0.753125 0.030000 0.106250
5 0.687500 0.253125 0.017500 0.106250
9 0.746250 0.628125 0.017500 0.106250
12 0.746250 0.128125 0.030000 0.106250
1 0.803750 0.253125 0.017500 0.106250
13 0.861250 0.128125 0.030000 0.106250
10 0.861250 0.628125 0.030000 0.106250
0 0.861250 0.378125 0.017500 0.106250
4 0.918750 0.753125 0.017500 0.106250
9 0.918750 0.503125 0.017500 0.106250
