7 0.109375 0.375000 0.016250 0.100000
4 0.109375 0.500000 0.016250 0.100000
15 0.167500 0.750000 0.027500 0.100000
4 0.168125 0.500000 0.016250 0.100000
3 0.168125 0.250000 0.016250 0.100000
28 0.168125 0.125000 0.041250 0.100000
9 0.168125 0.375000 0.016250 0.100000
0 0.225625 0.125000 0.016250 0.100000
0 0.225625 0.750000 0.016250 0.100000
1 0.225625 0.500000 0.016250 0.100000
22 0.283750 0.750000 0.027500 0.100000
23 0.283750 0.500000 0.027500 0.100000
22 0.341250 0.750000 0.027500 0.100000
16 0.341250 0.500000 0.027500 0.100000
22 0.398750 0.125000 0.027500 0.100000
4 0.399375 0.375000 0.016250 0.100000
28 0.456875 0.250000 0.041250 0.100000
28 0.456875 0.750000 0.041250 0.100000
13 0.456250 0.625000 0.027500 0.100000
9 0.456875 0.125000 0.016250 0.100000
15 0.515000 0.500000 0.027500 0.100000
10 0.515000 0.625000 0.027500 0.100000
2 0.514375 0.750000 0.016250 0.100000
0 0.514375 0.375000 0.016250 0.100000
12 0.572500 0.125000 0.027500 0.100000
4 0.571875 0.625000 0.016250 0.100000
0 0.571875 0.375000 0.016250 0.100000
14 0.572500 0.250000 0.027500 0.100000
22 0.630000 0.125000 0.027500 0.100000
1 0.630625 0.625000 0.016250 0.100000
28 0.688125 0.750000 0.041250 0.100000
0 0.745625 0.375000 0.016250 0.100000
9 0.745625 0.750000 0.016250 0.100000
4 0.803125 0.125000 0.016250 0.100000
9 0.803125 0.250000 0.016250 0.100000
4 0.803125 0.750000 0.016250 0.100000
0 0.861875 0.500000 0.016250 0.100000
20 0.861250 0.375000 0.027500 0.100000
16 0.861250 0.750000 0.027500 0.100000
11 0.918750 0.375000 0.027500 0.100000
