1 0.116667 0.369565 0.020000 0.086957
3 0.116667 0.500000 0.020000 0.086957
27 0.116667 0.630435 0.020000 0.065217
0 0.178000 0.369565 0.020000 0.086957
0 0.239333 0.760870 0.020000 0.086957
7 0.239333 0.369565 0.020000 0.086957
9 0.239333 0.630435 0.020000 0.086957
0 0.239333 0.500000 0.020000 0.086957
11 0.301333 0.760870 0.034667 0.086957
0 0.300667 0.239130 0.020000 0.086957
16 0.301333 0.108696 0.034667 0.086957
27 0.300667 0.369565 0.020000 0.065217
12 0.362667 0.500000 0.034667 0.086957
13 0.362667 0.760870 0.034667 0.086957
3 0.362000 0.369565 0.020000 0.086957
0 0.423333 0.239130 0.020000 0.086957
9 0.423333 0.630435 0.020000 0.086957
1 0.423333 0.760870 0.020000 0.086957
4 0.484667 0.108696 0.020000 0.086957
0 0.484667 0.369565 0.020000 0.086957
10 0.546667 0.239130 0.034667 0.086957
17 0.546667 0.369565 0.034667 0.086957
24 0.546667 0.630435 0.034667 0.086957
12 0.608000 0.630435 0.034667 0.086957
2 0.668667 0.239130 0.020000 0.086957
3 0.668667 0.369565 0.020000 0.086957
12 0.669333 0.108696 0.034667 0.086957
2 0.730000 0.108696 0.020000 0.086957
4 0.791333 0.108696 0.020000 0.086957
2 0.791333 0.760870 0.020000 0.086957
2 0.852667 0.500000 0.020000 0.086957
8 0.852667 0.108696 0.020000 0.086957
18 0.853333 0.369565 0.034667 0.086957
9 0.852667 0.760870 0.020000 0.086957
20 0.853333 0.630435 0.034667 0.086957
12 0.914667 0.500000 0.034667 0.086957
6 0.914000 0.239130 0.020000 0.086957
8 0.914000 0.369565 0.020000 0.086957
