4 0.116667 0.760870 0.014667 0.065217
5 0.116667 0.369565 0.014667 0.065217
0 0.116667 0.239130 0.014667 0.065217
5 0.178000 0.760870 0.014667 0.065217
10 0.178667 0.108696 0.024000 0.065217
18 0.240000 0.239130 0.024000 0.065217
4 0.239333 0.500000 0.014667 0.065217
1 0.239333 0.760870 0.014667 0.065217
27 0.239333 0.108696 0.014667 0.054348
17 0.301333 0.500000 0.024000 0.065217
11 0.301333 0.108696 0.024000 0.065217
0 0.300667 0.760870 0.014667 0.065217
0 0.300667 0.239130 0.014667 0.065217
0 0.362000 0.630435 0.014667 0.065217
22 0.424000 0.239130 0.024000 0.065217
19 0.424000 0.369565 0.024000 0.065217
5 0.423333 0.108696 0.014667 0.065217
18 0.485333 0.239130 0.024000 0.065217
8 0.484667 0.760870 0.014667 0.065217
7 0.546000 0.500000 0.014667 0.065217
13 0.608000 0.108696 0.024000 0.065217
12 0.669333 0.369565 0.024000 0.065217
5 0.668667 0.760870 0.014667 0.065217
17 0.730667 0.239130 0.024000 0.065217
6 0.730000 0.760870 0.014667 0.065217
4 0.791333 0.500000 0.014667 0.065217
9 0.791333 0.630435 0.014667 0.065217
2 0.791333 0.760870 0.014667 0.065217
2 0.852667 0.630435 0.014667 0.065217
17 0.853333 0.369565 0.024000 0.065217
9 0.914000 0.760870 0.014667 0.065217
7 0.914000 0.630435 0.014667 0.065217
