3 0.145000 0.503378 0.020000 0.087838
5 0.145000 0.381757 0.020000 0.087838
28 0.220000 0.503378 0.060000 0.087838
11 0.220000 0.138514 0.033333 0.087838
10 0.220000 0.746622 0.033333 0.087838
2 0.295000 0.746622 0.020000 0.087838
0 0.295000 0.260135 0.020000 0.087838
0 0.370000 0.625000 0.020000 0.087838
28 0.370000 0.138514 0.046667 0.087838
5 0.370000 0.381757 0.020000 0.087838
0 0.370000 0.503378 0.020000 0.087838
0 0.445000 0.138514 0.020000 0.087838
9 0.445000 0.746622 0.020000 0.087838
1 0.445000 0.260135 0.020000 0.087838
16 0.520000 0.746622 0.033333 0.087838
3 0.595000 0.381757 0.020000 0.087838
3 0.595000 0.138514 0.020000 0.087838
4 0.595000 0.746622 0.020000 0.087838
1 0.670000 0.260135 0.020000 0.087838
0 0.670000 0.746622 0.020000 0.087838
9 0.670000 0.625000 0.020000 0.087838
13 0.670000 0.381757 0.033333 0.087838
2 0.745000 0.503378 0.020000 0.087838
0 0.745000 0.746622 0.020000 0.087838
1 0.745000 0.625000 0.020000 0.087838
0 0.745000 0.260135 0.020000 0.087838
0 0.820000 0.381757 0.020000 0.087838
15 0.820000 0.260135 0.033333 0.087838
4 0.820000 0.746622 0.020000 0.087838
12 0.895000 0.138514 0.033333 0.087838
