10 0.170000 0.333333 0.030000 0.057143
4 0.169167 0.619048 0.018333 0.057143
11 0.170000 0.523810 0.030000 0.057143
4 0.169167 0.714286 0.018333 0.057143
27 0.269167 0.428571 0.018333 0.047619
3 0.269167 0.619048 0.018333 0.057143
2 0.269167 0.809524 0.018333 0.057143
19 0.270000 0.523810 0.030000 0.057143
1 0.369167 0.619048 0.018333 0.057143
14 0.370000 0.714286 0.030000 0.057143
2 0.369167 0.333333 0.018333 0.057143
4 0.469167 0.714286 0.018333 0.057143
15 0.570000 0.619048 0.030000 0.057143
3 0.669167 0.523810 0.018333 0.057143
9 0.669167 0.333333 0.018333 0.057143
5 0.769167 0.809524 0.018333 0.057143
28 0.769167 0.714286 0.041667 0.057143
0 0.769167 0.523810 0.018333 0.057143
1 0.869167 0.619048 0.018333 0.057143
8 0.869167 0.809524 0.018333 0.057143
12 0.870000 0.333333 0.030000 0.057143
0 0.869167 0.714286 0.018333 0.057143
0 0.869167 0.523810 0.018333 0.057143
