10 0.117333 0.111413 0.026667 0.070652
0 0.117333 0.372283 0.016000 0.070652
0 0.178667 0.241848 0.016000 0.070652
3 0.240000 0.633152 0.016000 0.070652
0 0.240000 0.763587 0.016000 0.070652
4 0.240000 0.372283 0.016000 0.070652
12 0.301333 0.502717 0.026667 0.070652
27 0.300667 0.372283 0.014667 0.059783
12 0.362667 0.111413 0.026667 0.070652
7 0.362667 0.502717 0.016000 0.070652
24 0.424000 0.633152 0.026667 0.070652
8 0.485333 0.502717 0.016000 0.070652
2 0.546667 0.372283 0.016000 0.070652
0 0.546667 0.633152 0.016000 0.070652
6 0.546667 0.241848 0.016000 0.070652
22 0.608000 0.633152 0.026667 0.070652
17 0.608000 0.241848 0.026667 0.070652
23 0.669333 0.241848 0.026667 0.070652
28 0.669333 0.630435 0.053333 0.076087
12 0.730667 0.633152 0.026667 0.070652
5 0.730667 0.372283 0.016000 0.070652
9 0.730667 0.111413 0.016000 0.070652
0 0.730667 0.241848 0.016000 0.070652
12 0.730667 0.502717 0.026667 0.070652
0 0.792000 0.111413 0.016000 0.070652
12 0.853333 0.241848 0.026667 0.070652
0 0.853333 0.502717 0.016000 0.070652
7 0.853333 0.111413 0.016000 0.070652
9 0.914667 0.763587 0.016000 0.070652
0 0.914667 0.111413 0.016000 0.070652
19 0.914667 0.372283 0.026667 0.070652
2 0.914667 0.633152 0.016000 0.070652
