12 0.103529 0.378378 0.023529 0.094595
3 0.157647 0.621622 0.014118 0.094595
5 0.157647 0.743243 0.014118 0.094595
19 0.157647 0.500000 0.023529 0.094595
10 0.212941 0.500000 0.023529 0.094595
0 0.212941 0.743243 0.014118 0.094595
11 0.267059 0.621622 0.023529 0.094595
2 0.267059 0.500000 0.014118 0.094595
10 0.267059 0.378378 0.023529 0.094595
20 0.267059 0.135135 0.023529 0.094595
20 0.322353 0.378378 0.023529 0.094595
14 0.322353 0.256757 0.023529 0.094595
0 0.376471 0.621622 0.014118 0.094595
19 0.376471 0.135135 0.023529 0.094595
19 0.431765 0.621622 0.023529 0.094595
12 0.431765 0.135135 0.023529 0.094595
27 0.431176 0.381757 0.012941 0.074324
6 0.431765 0.256757 0.014118 0.094595
11 0.485882 0.500000 0.023529 0.094595
15 0.485882 0.743243 0.023529 0.094595
11 0.541176 0.378378 0.023529 0.094595
1 0.541176 0.135135 0.014118 0.094595
7 0.595294 0.743243 0.014118 0.094595
12 0.595294 0.621622 0.023529 0.094595
2 0.595294 0.500000 0.014118 0.094595
7 0.650588 0.743243 0.014118 0.094595
17 0.650588 0.378378 0.023529 0.094595
4 0.704706 0.621622 0.014118 0.094595
20 0.704706 0.378378 0.023529 0.094595
9 0.760000 0.256757 0.014118 0.094595
10 0.814118 0.500000 0.023529 0.094595
2 0.814118 0.256757 0.014118 0.094595
5 0.814118 0.378378 0.014118 0.094595
0 0.869412 0.500000 0.014118 0.094595
0 0.869412 0.378378 0.014118 0.094595
28 0.869412 0.135135 0.042353 0.094595
22 0.869412 0.621622 0.023529 0.094595
1 0.869412 0.256757 0.014118 0.094595
11 0.923529 0.378378 0.023529 0.094595
3 0.923529 0.500000 0.014118 0.094595
27 0.924118 0.138514 0.012941 0.074324
