20 0.198333 0.811905 0.036667 0.061905
12 0.198333 0.430952 0.036667 0.061905
17 0.198333 0.335714 0.036667 0.061905
0 0.325833 0.430952 0.021667 0.061905
19 0.326667 0.335714 0.036667 0.061905
5 0.325833 0.716667 0.021667 0.061905
3 0.325833 0.811905 0.021667 0.061905
4 0.454167 0.716667 0.021667 0.061905
23 0.583333 0.526190 0.036667 0.061905
14 0.583333 0.430952 0.036667 0.061905
3 0.712500 0.430952 0.021667 0.061905
12 0.711667 0.335714 0.036667 0.061905
0 0.840833 0.526190 0.021667 0.061905
