11 0.181667 0.428571 0.033333 0.066667
0 0.181667 0.333333 0.020000 0.066667
20 0.181667 0.523810 0.033333 0.066667
7 0.295000 0.428571 0.020000 0.066667
19 0.295000 0.619048 0.033333 0.066667
2 0.295000 0.523810 0.020000 0.066667
2 0.406667 0.523810 0.020000 0.066667
16 0.406667 0.714286 0.033333 0.066667
20 0.520000 0.619048 0.033333 0.066667
3 0.520000 0.523810 0.020000 0.066667
7 0.631667 0.809524 0.020000 0.066667
15 0.631667 0.428571 0.033333 0.066667
5 0.745000 0.714286 0.020000 0.066667
10 0.745000 0.428571 0.033333 0.066667
0 0.745000 0.523810 0.020000 0.066667
0 0.745000 0.809524 0.020000 0.066667
21 0.856667 0.333333 0.033333 0.066667
