8 0.159167 0.299145 0.021667 0.068376
0 0.159167 0.709402 0.021667 0.068376
2 0.159167 0.606838 0.021667 0.068376
0 0.249167 0.709402 0.021667 0.068376
21 0.340000 0.606838 0.036667 0.068376
0 0.339167 0.401709 0.021667 0.068376
3 0.339167 0.811966 0.021667 0.068376
2 0.429167 0.606838 0.021667 0.068376
24 0.430000 0.811966 0.036667 0.068376
10 0.430000 0.504274 0.036667 0.068376
0 0.429167 0.299145 0.021667 0.068376
3 0.429167 0.401709 0.021667 0.068376
0 0.519167 0.811966 0.021667 0.068376
10 0.520000 0.606838 0.036667 0.068376
5 0.519167 0.299145 0.021667 0.068376
9 0.519167 0.709402 0.021667 0.068376
3 0.609167 0.709402 0.021667 0.068376
0 0.609167 0.299145 0.021667 0.068376
0 0.699167 0.401709 0.021667 0.068376
1 0.789167 0.606838 0.021667 0.068376
19 0.790000 0.811966 0.036667 0.068376
13 0.880000 0.811966 0.036667 0.068376
1 0.879167 0.709402 0.021667 0.068376
