24 0.133846 0.317568 0.030769 0.058559
17 0.133846 0.713964 0.030769 0.058559
11 0.203077 0.713964 0.030769 0.058559
0 0.203077 0.515766 0.018462 0.058559
12 0.273846 0.515766 0.030769 0.058559
3 0.343077 0.813063 0.018462 0.058559
17 0.343077 0.614865 0.030769 0.058559
0 0.412308 0.614865 0.018462 0.058559
12 0.412308 0.813063 0.030769 0.058559
16 0.483077 0.416667 0.030769 0.058559
13 0.483077 0.317568 0.030769 0.058559
0 0.483077 0.713964 0.018462 0.058559
0 0.483077 0.614865 0.018462 0.058559
2 0.552308 0.416667 0.018462 0.058559
27 0.553077 0.713964 0.016923 0.049550
23 0.552308 0.317568 0.030769 0.058559
27 0.553077 0.515766 0.016923 0.049550
0 0.623077 0.317568 0.018462 0.058559
6 0.623077 0.713964 0.018462 0.058559
2 0.692308 0.813063 0.018462 0.058559
3 0.761538 0.813063 0.018462 0.058559
7 0.761538 0.515766 0.018462 0.058559
0 0.761538 0.713964 0.018462 0.058559
17 0.761538 0.614865 0.030769 0.058559
15 0.832308 0.416667 0.030769 0.058559
21 0.901538 0.813063 0.030769 0.058559
