18 0.198333 0.299145 0.030000 0.059829
0 0.197500 0.504274 0.018333 0.059829
3 0.197500 0.709402 0.018333 0.059829
7 0.325833 0.401709 0.018333 0.059829
0 0.325833 0.709402 0.018333 0.059829
17 0.455000 0.709402 0.030000 0.059829
4 0.454167 0.811966 0.018333 0.059829
6 0.454167 0.299145 0.018333 0.059829
0 0.584167 0.709402 0.018333 0.059829
2 0.584167 0.606838 0.018333 0.059829
2 0.712500 0.606838 0.018333 0.059829
24 0.711667 0.709402 0.030000 0.059829
5 0.712500 0.299145 0.018333 0.059829
11 0.840000 0.811966 0.030000 0.059829
5 0.840833 0.606838 0.018333 0.059829
3 0.840833 0.504274 0.018333 0.059829
19 0.840000 0.299145 0.030000 0.059829
