14 0.103529 0.806452 0.021176 0.075269
28 0.102941 0.462366 0.031765 0.075269
1 0.102941 0.548387 0.012941 0.075269
27 0.102941 0.379032 0.012941 0.059140
5 0.158235 0.720430 0.012941 0.075269
10 0.157647 0.806452 0.021176 0.075269
4 0.158235 0.462366 0.012941 0.075269
9 0.158235 0.376344 0.012941 0.075269
3 0.212353 0.806452 0.012941 0.075269
0 0.212353 0.634409 0.012941 0.075269
6 0.267647 0.376344 0.012941 0.075269
2 0.267647 0.720430 0.012941 0.075269
0 0.267647 0.806452 0.012941 0.075269
17 0.322353 0.548387 0.021176 0.075269
0 0.321765 0.462366 0.012941 0.075269
14 0.376471 0.548387 0.021176 0.075269
0 0.377059 0.720430 0.012941 0.075269
0 0.377059 0.806452 0.012941 0.075269
8 0.431176 0.548387 0.012941 0.075269
13 0.485882 0.548387 0.021176 0.075269
28 0.486471 0.634409 0.031765 0.075269
4 0.486471 0.806452 0.012941 0.075269
28 0.540588 0.462366 0.031765 0.075269
14 0.541176 0.376344 0.021176 0.075269
12 0.541176 0.548387 0.021176 0.075269
2 0.540588 0.634409 0.012941 0.075269
8 0.595882 0.462366 0.012941 0.075269
4 0.595882 0.548387 0.012941 0.075269
12 0.595294 0.634409 0.021176 0.075269
3 0.650000 0.720430 0.012941 0.075269
19 0.650588 0.548387 0.021176 0.075269
12 0.650588 0.634409 0.021176 0.075269
2 0.705294 0.720430 0.012941 0.075269
27 0.705294 0.465054 0.012941 0.059140
11 0.760000 0.376344 0.021176 0.075269
22 0.760000 0.634409 0.021176 0.075269
2 0.759412 0.548387 0.012941 0.075269
0 0.759412 0.720430 0.012941 0.075269
0 0.814706 0.548387 0.012941 0.075269
16 0.869412 0.720430 0.021176 0.075269
3 0.868824 0.376344 0.012941 0.075269
11 0.869412 0.634409 0.021176 0.075269
3 0.868824 0.462366 0.012941 0.075269
22 0.923529 0.634409 0.021176 0.075269
0 0.924118 0.806452 0.012941 0.075269
