13 0.170000 0.382353 0.036667 0.117647
10 0.170000 0.500000 0.036667 0.117647
16 0.170000 0.264706 0.036667 0.117647
10 0.270000 0.382353 0.036667 0.117647
0 0.269167 0.264706 0.021667 0.117647
1 0.269167 0.147059 0.021667 0.117647
3 0.369167 0.147059 0.021667 0.117647
7 0.469167 0.735294 0.021667 0.117647
3 0.469167 0.264706 0.021667 0.117647
10 0.470000 0.500000 0.036667 0.117647
17 0.570000 0.735294 0.036667 0.117647
0 0.669167 0.500000 0.021667 0.117647
1 0.769167 0.264706 0.021667 0.117647
5 0.869167 0.382353 0.021667 0.117647
12 0.870000 0.147059 0.036667 0.117647
4 0.869167 0.500000 0.021667 0.117647
3 0.869167 0.617647 0.021667 0.117647
