23 0.151667 0.108696 0.033333 0.065217
0 0.151667 0.630435 0.020000 0.065217
15 0.233333 0.630435 0.033333 0.065217
11 0.315000 0.239130 0.033333 0.065217
9 0.315000 0.630435 0.020000 0.065217
8 0.315000 0.108696 0.020000 0.065217
5 0.315000 0.760870 0.020000 0.065217
24 0.396667 0.630435 0.033333 0.065217
2 0.396667 0.239130 0.020000 0.065217
14 0.396667 0.760870 0.033333 0.065217
5 0.396667 0.108696 0.020000 0.065217
7 0.478333 0.369565 0.020000 0.065217
7 0.560000 0.760870 0.020000 0.065217
3 0.560000 0.369565 0.020000 0.065217
0 0.560000 0.239130 0.020000 0.065217
5 0.641667 0.630435 0.020000 0.065217
21 0.723333 0.239130 0.033333 0.065217
12 0.723333 0.369565 0.033333 0.065217
3 0.723333 0.108696 0.020000 0.065217
7 0.805000 0.369565 0.020000 0.065217
1 0.805000 0.500000 0.020000 0.065217
6 0.805000 0.239130 0.020000 0.065217
12 0.886667 0.630435 0.033333 0.065217
