16 0.181667 0.335714 0.030000 0.061905
28 0.181667 0.811905 0.053333 0.061905
3 0.182500 0.621429 0.018333 0.061905
5 0.294167 0.335714 0.018333 0.061905
11 0.295000 0.716667 0.030000 0.061905
0 0.407500 0.621429 0.018333 0.061905
5 0.407500 0.811905 0.018333 0.061905
0 0.519167 0.811905 0.018333 0.061905
2 0.519167 0.430952 0.018333 0.061905
6 0.519167 0.716667 0.018333 0.061905
28 0.631667 0.335714 0.053333 0.061905
22 0.745000 0.335714 0.030000 0.061905
0 0.744167 0.621429 0.018333 0.061905
13 0.745000 0.526190 0.030000 0.061905
11 0.856667 0.621429 0.030000 0.061905
0 0.857500 0.430952 0.018333 0.061905
