0 0.169167 0.627907 0.018333 0.069767
9 0.169167 0.116279 0.018333 0.069767
8 0.269167 0.755814 0.018333 0.069767
15 0.270000 0.244186 0.030000 0.069767
1 0.269167 0.116279 0.018333 0.069767
3 0.369167 0.500000 0.018333 0.069767
3 0.369167 0.755814 0.018333 0.069767
0 0.369167 0.116279 0.018333 0.069767
12 0.370000 0.244186 0.030000 0.069767
14 0.470000 0.755814 0.030000 0.069767
0 0.469167 0.500000 0.018333 0.069767
4 0.469167 0.372093 0.018333 0.069767
20 0.470000 0.116279 0.030000 0.069767
12 0.570000 0.116279 0.030000 0.069767
5 0.569167 0.755814 0.018333 0.069767
10 0.570000 0.500000 0.030000 0.069767
2 0.669167 0.755814 0.018333 0.069767
6 0.669167 0.372093 0.018333 0.069767
0 0.769167 0.244186 0.018333 0.069767
16 0.770000 0.500000 0.030000 0.069767
0 0.769167 0.372093 0.018333 0.069767
1 0.869167 0.244186 0.018333 0.069767
13 0.870000 0.372093 0.030000 0.069767
