12 0.124286 0.612613 0.031429 0.072072
16 0.190000 0.414414 0.031429 0.072072
2 0.189286 0.810811 0.018571 0.072072
7 0.189286 0.513514 0.018571 0.072072
9 0.189286 0.711712 0.018571 0.072072
5 0.255000 0.711712 0.018571 0.072072
20 0.255714 0.513514 0.031429 0.072072
19 0.320000 0.810811 0.031429 0.072072
20 0.385714 0.612613 0.031429 0.072072
0 0.386429 0.711712 0.018571 0.072072
9 0.386429 0.513514 0.018571 0.072072
5 0.450714 0.315315 0.018571 0.072072
8 0.450714 0.612613 0.018571 0.072072
24 0.451429 0.513514 0.031429 0.072072
3 0.516429 0.315315 0.018571 0.072072
0 0.516429 0.414414 0.018571 0.072072
5 0.582143 0.810811 0.018571 0.072072
0 0.646429 0.711712 0.018571 0.072072
14 0.647143 0.315315 0.031429 0.072072
0 0.646429 0.612613 0.018571 0.072072
28 0.646429 0.513514 0.047143 0.072072
3 0.712143 0.810811 0.018571 0.072072
0 0.712143 0.513514 0.018571 0.072072
14 0.777143 0.612613 0.031429 0.072072
6 0.777857 0.711712 0.018571 0.072072
3 0.777857 0.513514 0.018571 0.072072
1 0.843571 0.810811 0.018571 0.072072
0 0.843571 0.315315 0.018571 0.072072
8 0.843571 0.414414 0.018571 0.072072
4 0.843571 0.612613 0.018571 0.072072
0 0.843571 0.711712 0.018571 0.072072
0 0.907857 0.810811 0.018571 0.072072
15 0.908571 0.711712 0.031429 0.072072
7 0.907857 0.612613 0.018571 0.072072
