2 0.159167 0.378378 0.018333 0.081081
0 0.159167 0.621622 0.018333 0.081081
6 0.249167 0.256757 0.018333 0.081081
0 0.339167 0.621622 0.018333 0.081081
19 0.340000 0.500000 0.030000 0.081081
3 0.339167 0.135135 0.018333 0.081081
0 0.429167 0.256757 0.018333 0.081081
9 0.429167 0.621622 0.018333 0.081081
23 0.430000 0.378378 0.030000 0.081081
13 0.520000 0.135135 0.030000 0.081081
23 0.610000 0.621622 0.030000 0.081081
0 0.609167 0.256757 0.018333 0.081081
2 0.699167 0.500000 0.018333 0.081081
10 0.700000 0.621622 0.030000 0.081081
10 0.700000 0.256757 0.030000 0.081081
0 0.699167 0.135135 0.018333 0.081081
2 0.789167 0.378378 0.018333 0.081081
1 0.879167 0.743243 0.018333 0.081081
