5 0.102941 0.814103 0.017647 0.072650
12 0.103529 0.608974 0.030588 0.072650
21 0.103529 0.506410 0.030588 0.072650
2 0.102941 0.403846 0.017647 0.072650
20 0.103529 0.301282 0.030588 0.072650
10 0.157647 0.403846 0.030588 0.072650
5 0.158235 0.506410 0.017647 0.072650
7 0.158235 0.301282 0.017647 0.072650
27 0.212353 0.606838 0.017647 0.059829
0 0.212353 0.301282 0.017647 0.072650
3 0.212353 0.711538 0.017647 0.072650
8 0.212353 0.403846 0.017647 0.072650
0 0.267647 0.711538 0.017647 0.072650
6 0.267647 0.403846 0.017647 0.072650
3 0.321765 0.403846 0.017647 0.072650
22 0.322353 0.301282 0.030588 0.072650
19 0.322353 0.506410 0.030588 0.072650
4 0.321765 0.711538 0.017647 0.072650
11 0.376471 0.506410 0.030588 0.072650
12 0.376471 0.403846 0.030588 0.072650
0 0.377059 0.711538 0.017647 0.072650
7 0.377059 0.608974 0.017647 0.072650
3 0.431176 0.403846 0.017647 0.072650
0 0.431176 0.608974 0.017647 0.072650
12 0.485882 0.814103 0.030588 0.072650
0 0.486471 0.403846 0.017647 0.072650
18 0.485882 0.301282 0.030588 0.072650
10 0.485882 0.608974 0.030588 0.072650
21 0.485882 0.711538 0.030588 0.072650
13 0.541176 0.711538 0.030588 0.072650
10 0.541176 0.301282 0.030588 0.072650
1 0.540588 0.403846 0.017647 0.072650
28 0.595294 0.506410 0.065882 0.072650
4 0.595882 0.711538 0.017647 0.072650
27 0.650000 0.606838 0.017647 0.059829
9 0.650000 0.814103 0.017647 0.072650
3 0.705294 0.301282 0.017647 0.072650
3 0.705294 0.506410 0.017647 0.072650
19 0.704706 0.403846 0.030588 0.072650
20 0.704706 0.814103 0.030588 0.072650
9 0.759412 0.403846 0.017647 0.072650
6 0.759412 0.711538 0.017647 0.072650
0 0.814706 0.301282 0.017647 0.072650
23 0.814118 0.403846 0.030588 0.072650
5 0.868824 0.814103 0.017647 0.072650
20 0.869412 0.711538 0.030588 0.072650
1 0.868824 0.301282 0.017647 0.072650
0 0.924118 0.301282 0.017647 0.072650
11 0.923529 0.608974 0.030588 0.072650
7 0.924118 0.403846 0.017647 0.072650
0 0.924118 0.814103 0.017647 0.072650
