1 0.151667 0.810606 0.023333 0.085859
5 0.233333 0.446970 0.023333 0.085859
28 0.233333 0.356061 0.060000 0.085859
2 0.233333 0.719697 0.023333 0.085859
11 0.315000 0.446970 0.040000 0.085859
11 0.315000 0.810606 0.040000 0.085859
3 0.315000 0.719697 0.023333 0.085859
0 0.315000 0.628788 0.023333 0.085859
0 0.396667 0.628788 0.023333 0.085859
24 0.396667 0.356061 0.040000 0.085859
3 0.396667 0.537879 0.023333 0.085859
1 0.396667 0.810606 0.023333 0.085859
2 0.478333 0.719697 0.023333 0.085859
7 0.478333 0.446970 0.023333 0.085859
10 0.560000 0.446970 0.040000 0.085859
1 0.560000 0.810606 0.023333 0.085859
22 0.560000 0.537879 0.040000 0.085859
3 0.641667 0.628788 0.023333 0.085859
15 0.723333 0.628788 0.040000 0.085859
3 0.723333 0.537879 0.023333 0.085859
15 0.723333 0.810606 0.040000 0.085859
4 0.805000 0.537879 0.023333 0.085859
9 0.805000 0.810606 0.023333 0.085859
4 0.805000 0.719697 0.023333 0.085859
24 0.886667 0.810606 0.040000 0.085859
