0 0.133846 0.250000 0.018462 0.087500
11 0.133846 0.375000 0.030769 0.087500
10 0.133846 0.500000 0.030769 0.087500
11 0.133846 0.125000 0.030769 0.087500
0 0.203077 0.625000 0.018462 0.087500
16 0.203077 0.750000 0.030769 0.087500
0 0.203077 0.375000 0.018462 0.087500
13 0.273846 0.625000 0.030769 0.087500
1 0.273846 0.375000 0.018462 0.087500
15 0.343077 0.750000 0.030769 0.087500
23 0.343077 0.250000 0.030769 0.087500
9 0.412308 0.750000 0.018462 0.087500
16 0.412308 0.500000 0.030769 0.087500
4 0.412308 0.250000 0.018462 0.087500
0 0.412308 0.125000 0.018462 0.087500
2 0.483077 0.125000 0.018462 0.087500
0 0.483077 0.500000 0.018462 0.087500
11 0.483077 0.375000 0.030769 0.087500
0 0.483077 0.250000 0.018462 0.087500
2 0.552308 0.750000 0.018462 0.087500
1 0.552308 0.375000 0.018462 0.087500
22 0.552308 0.125000 0.030769 0.087500
24 0.552308 0.625000 0.030769 0.087500
0 0.552308 0.250000 0.018462 0.087500
0 0.623077 0.500000 0.018462 0.087500
19 0.623077 0.375000 0.030769 0.087500
17 0.623077 0.625000 0.030769 0.087500
7 0.692308 0.250000 0.018462 0.087500
3 0.692308 0.500000 0.018462 0.087500
8 0.692308 0.375000 0.018462 0.087500
4 0.692308 0.625000 0.018462 0.087500
7 0.761538 0.250000 0.018462 0.087500
9 0.761538 0.500000 0.018462 0.087500
12 0.832308 0.625000 0.030769 0.087500
6 0.901538 0.500000 0.018462 0.087500
4 0.901538 0.250000 0.018462 0.087500
21 0.901538 0.125000 0.030769 0.087500
