0 0.116667 0.500000 0.014667 0.088235
10 0.117333 0.147059 0.024000 0.088235
0 0.116667 0.382353 0.014667 0.088235
12 0.178667 0.617647 0.024000 0.088235
10 0.178667 0.382353 0.024000 0.088235
4 0.178000 0.500000 0.014667 0.088235
3 0.239333 0.617647 0.014667 0.088235
10 0.240000 0.147059 0.024000 0.088235
0 0.239333 0.735294 0.014667 0.088235
12 0.240000 0.264706 0.024000 0.088235
6 0.300667 0.147059 0.014667 0.088235
0 0.362000 0.617647 0.014667 0.088235
23 0.424000 0.735294 0.024000 0.088235
2 0.423333 0.500000 0.014667 0.088235
1 0.423333 0.617647 0.014667 0.088235
0 0.484667 0.147059 0.014667 0.088235
7 0.484667 0.735294 0.014667 0.088235
4 0.484667 0.382353 0.014667 0.088235
20 0.485333 0.500000 0.024000 0.088235
8 0.546000 0.500000 0.014667 0.088235
6 0.546000 0.147059 0.014667 0.088235
2 0.546000 0.382353 0.014667 0.088235
23 0.546667 0.264706 0.024000 0.088235
9 0.546000 0.617647 0.014667 0.088235
14 0.608000 0.147059 0.024000 0.088235
5 0.668667 0.617647 0.014667 0.088235
9 0.730000 0.264706 0.014667 0.088235
21 0.730667 0.735294 0.024000 0.088235
9 0.730000 0.147059 0.014667 0.088235
4 0.730000 0.500000 0.014667 0.088235
28 0.791333 0.382353 0.030667 0.088235
11 0.853333 0.382353 0.024000 0.088235
0 0.852667 0.147059 0.014667 0.088235
3 0.852667 0.500000 0.014667 0.088235
12 0.853333 0.264706 0.024000 0.088235
11 0.914667 0.500000 0.024000 0.088235
