4 0.170000 0.500000 0.020000 0.081395
10 0.170000 0.627907 0.033333 0.081395
28 0.270000 0.116279 0.063333 0.081395
17 0.270000 0.627907 0.033333 0.081395
1 0.270000 0.372093 0.020000 0.081395
28 0.370000 0.244186 0.063333 0.081395
0 0.370000 0.627907 0.020000 0.081395
19 0.370000 0.755814 0.033333 0.081395
14 0.470000 0.755814 0.033333 0.081395
2 0.570000 0.372093 0.020000 0.081395
0 0.570000 0.244186 0.020000 0.081395
19 0.570000 0.755814 0.033333 0.081395
0 0.670000 0.372093 0.020000 0.081395
1 0.670000 0.755814 0.020000 0.081395
27 0.670000 0.630814 0.020000 0.063953
3 0.770000 0.244186 0.020000 0.081395
11 0.870000 0.755814 0.033333 0.081395
24 0.870000 0.244186 0.033333 0.081395
7 0.870000 0.627907 0.020000 0.081395
3 0.870000 0.116279 0.020000 0.081395
