18 0.160000 0.116279 0.030000 0.069767
0 0.159167 0.500000 0.018333 0.069767
24 0.250000 0.755814 0.030000 0.069767
10 0.250000 0.116279 0.030000 0.069767
0 0.339167 0.627907 0.018333 0.069767
0 0.339167 0.116279 0.018333 0.069767
5 0.339167 0.755814 0.018333 0.069767
1 0.339167 0.244186 0.018333 0.069767
9 0.429167 0.116279 0.018333 0.069767
3 0.429167 0.755814 0.018333 0.069767
0 0.519167 0.372093 0.018333 0.069767
0 0.519167 0.500000 0.018333 0.069767
19 0.610000 0.244186 0.030000 0.069767
19 0.610000 0.627907 0.030000 0.069767
0 0.609167 0.755814 0.018333 0.069767
0 0.699167 0.755814 0.018333 0.069767
11 0.700000 0.372093 0.030000 0.069767
0 0.699167 0.116279 0.018333 0.069767
1 0.789167 0.627907 0.018333 0.069767
7 0.789167 0.755814 0.018333 0.069767
0 0.789167 0.500000 0.018333 0.069767
11 0.880000 0.627907 0.030000 0.069767
0 0.879167 0.500000 0.018333 0.069767
22 0.880000 0.244186 0.030000 0.069767
17 0.880000 0.755814 0.030000 0.069767
