20 0.124286 0.264706 0.028571 0.102941
0 0.190000 0.735294 0.017143 0.102941
16 0.190000 0.500000 0.028571 0.102941
23 0.190000 0.382353 0.028571 0.102941
7 0.255714 0.264706 0.017143 0.102941
1 0.320000 0.735294 0.017143 0.102941
16 0.320000 0.264706 0.028571 0.102941
13 0.320000 0.500000 0.028571 0.102941
5 0.320000 0.617647 0.017143 0.102941
1 0.385714 0.382353 0.017143 0.102941
28 0.385714 0.500000 0.040000 0.102941
0 0.385714 0.735294 0.017143 0.102941
11 0.385714 0.264706 0.028571 0.102941
0 0.451429 0.500000 0.017143 0.102941
9 0.451429 0.382353 0.017143 0.102941
10 0.517143 0.264706 0.028571 0.102941
11 0.517143 0.500000 0.028571 0.102941
0 0.517143 0.147059 0.017143 0.102941
3 0.517143 0.735294 0.017143 0.102941
0 0.517143 0.382353 0.017143 0.102941
1 0.581429 0.735294 0.017143 0.102941
10 0.581429 0.264706 0.028571 0.102941
28 0.581429 0.617647 0.040000 0.102941
12 0.647143 0.147059 0.028571 0.102941
7 0.712857 0.382353 0.017143 0.102941
4 0.712857 0.500000 0.017143 0.102941
3 0.712857 0.264706 0.017143 0.102941
15 0.712857 0.147059 0.028571 0.102941
1 0.777143 0.382353 0.017143 0.102941
15 0.777143 0.500000 0.028571 0.102941
6 0.842857 0.147059 0.017143 0.102941
8 0.842857 0.617647 0.017143 0.102941
5 0.842857 0.264706 0.017143 0.102941
16 0.842857 0.382353 0.028571 0.102941
20 0.908571 0.500000 0.028571 0.102941
5 0.908571 0.735294 0.017143 0.102941
0 0.908571 0.264706 0.017143 0.102941
13 0.908571 0.617647 0.028571 0.102941
