0 0.109375 0.503676 0.013750 0.095588
28 0.109375 0.386029 0.031250 0.095588
0 0.109375 0.738971 0.013750 0.095588
0 0.109375 0.268382 0.013750 0.095588
5 0.109375 0.617647 0.013750 0.102941
4 0.168125 0.621324 0.013750 0.095588
9 0.168125 0.268382 0.013750 0.095588
0 0.225625 0.150735 0.013750 0.095588
8 0.225625 0.738971 0.013750 0.095588
6 0.225625 0.503676 0.013750 0.095588
9 0.283125 0.150735 0.013750 0.095588
0 0.340625 0.150735 0.013750 0.095588
2 0.340625 0.503676 0.013750 0.095588
5 0.340625 0.382353 0.013750 0.102941
4 0.340625 0.621324 0.013750 0.095588
12 0.398750 0.386029 0.022500 0.095588
27 0.398750 0.264706 0.012500 0.073529
9 0.399375 0.621324 0.013750 0.095588
16 0.398750 0.738971 0.022500 0.095588
12 0.456250 0.150735 0.022500 0.095588
18 0.456250 0.386029 0.022500 0.095588
11 0.456250 0.738971 0.022500 0.095588
3 0.456875 0.268382 0.013750 0.095588
19 0.515000 0.621324 0.022500 0.095588
4 0.514375 0.738971 0.013750 0.095588
5 0.571875 0.382353 0.013750 0.102941
13 0.630000 0.738971 0.022500 0.095588
9 0.630625 0.268382 0.013750 0.095588
2 0.688125 0.150735 0.013750 0.095588
3 0.745625 0.150735 0.013750 0.095588
4 0.745625 0.386029 0.013750 0.095588
10 0.746250 0.738971 0.022500 0.095588
5 0.745625 0.500000 0.013750 0.102941
6 0.803125 0.738971 0.013750 0.095588
22 0.803750 0.503676 0.022500 0.095588
16 0.803750 0.386029 0.022500 0.095588
12 0.803750 0.621324 0.022500 0.095588
7 0.861875 0.150735 0.013750 0.095588
0 0.919375 0.386029 0.013750 0.095588
10 0.918750 0.268382 0.022500 0.095588
