14 0.103529 0.500000 0.025882 0.094595
12 0.103529 0.621622 0.025882 0.094595
5 0.102941 0.746622 0.015294 0.101351
20 0.103529 0.135135 0.025882 0.094595
3 0.102941 0.256757 0.015294 0.094595
0 0.158235 0.378378 0.015294 0.094595
0 0.158235 0.743243 0.015294 0.094595
14 0.157647 0.135135 0.025882 0.094595
1 0.158235 0.500000 0.015294 0.094595
9 0.212353 0.743243 0.015294 0.094595
0 0.212353 0.135135 0.015294 0.094595
4 0.212353 0.256757 0.015294 0.094595
16 0.212941 0.621622 0.025882 0.094595
0 0.267647 0.500000 0.015294 0.094595
1 0.267647 0.256757 0.015294 0.094595
0 0.267647 0.621622 0.015294 0.094595
9 0.267647 0.378378 0.015294 0.094595
10 0.322353 0.500000 0.025882 0.094595
27 0.322353 0.260135 0.014118 0.074324
0 0.321765 0.621622 0.015294 0.094595
5 0.377059 0.625000 0.015294 0.101351
7 0.377059 0.256757 0.015294 0.094595
3 0.431176 0.621622 0.015294 0.094595
0 0.431176 0.378378 0.015294 0.094595
1 0.431176 0.743243 0.015294 0.094595
22 0.485882 0.621622 0.025882 0.094595
0 0.486471 0.256757 0.015294 0.094595
0 0.486471 0.500000 0.015294 0.094595
9 0.540588 0.256757 0.015294 0.094595
3 0.540588 0.743243 0.015294 0.094595
13 0.595294 0.378378 0.025882 0.094595
28 0.595882 0.500000 0.036471 0.094595
28 0.595882 0.135135 0.036471 0.094595
5 0.595882 0.260135 0.015294 0.101351
0 0.650000 0.135135 0.015294 0.094595
10 0.650588 0.256757 0.025882 0.094595
7 0.705294 0.500000 0.015294 0.094595
1 0.705294 0.135135 0.015294 0.094595
18 0.760000 0.500000 0.025882 0.094595
8 0.759412 0.256757 0.015294 0.094595
6 0.759412 0.621622 0.015294 0.094595
4 0.814706 0.378378 0.015294 0.094595
18 0.869412 0.621622 0.025882 0.094595
5 0.868824 0.746622 0.015294 0.101351
21 0.869412 0.378378 0.025882 0.094595
10 0.869412 0.256757 0.025882 0.094595
5 0.924118 0.138514 0.015294 0.101351
