28 0.159167 0.535354 0.045000 0.060606
23 0.160000 0.626263 0.030000 0.060606
2 0.249167 0.444444 0.018333 0.060606
12 0.250000 0.717172 0.030000 0.060606
4 0.249167 0.808081 0.018333 0.060606
7 0.339167 0.353535 0.018333 0.060606
20 0.340000 0.535354 0.030000 0.060606
0 0.429167 0.626263 0.018333 0.060606
17 0.430000 0.717172 0.030000 0.060606
5 0.519167 0.444444 0.018333 0.060606
22 0.610000 0.717172 0.030000 0.060606
0 0.609167 0.808081 0.018333 0.060606
7 0.609167 0.535354 0.018333 0.060606
3 0.699167 0.535354 0.018333 0.060606
3 0.789167 0.808081 0.018333 0.060606
1 0.879167 0.353535 0.018333 0.060606
11 0.880000 0.626263 0.030000 0.060606
9 0.879167 0.808081 0.018333 0.060606
0 0.879167 0.535354 0.018333 0.060606
