1 0.109375 0.250000 0.016250 0.087500
7 0.109375 0.500000 0.016250 0.087500
5 0.109375 0.125000 0.016250 0.087500
0 0.168125 0.250000 0.016250 0.087500
12 0.167500 0.375000 0.027500 0.087500
27 0.225000 0.250000 0.015000 0.075000
2 0.225625 0.375000 0.016250 0.087500
1 0.225625 0.625000 0.016250 0.087500
7 0.225625 0.125000 0.016250 0.087500
7 0.283125 0.625000 0.016250 0.087500
11 0.283750 0.375000 0.027500 0.087500
9 0.283125 0.125000 0.016250 0.087500
1 0.340625 0.375000 0.016250 0.087500
28 0.341250 0.625000 0.055000 0.087500
8 0.399375 0.375000 0.016250 0.087500
28 0.398750 0.625000 0.055000 0.087500
21 0.456250 0.500000 0.027500 0.087500
0 0.456875 0.625000 0.016250 0.087500
0 0.456875 0.250000 0.016250 0.087500
27 0.515000 0.500000 0.015000 0.075000
7 0.514375 0.250000 0.016250 0.087500
0 0.514375 0.125000 0.016250 0.087500
23 0.572500 0.500000 0.027500 0.087500
10 0.572500 0.625000 0.027500 0.087500
12 0.630000 0.750000 0.027500 0.087500
9 0.630625 0.250000 0.016250 0.087500
8 0.688125 0.250000 0.016250 0.087500
0 0.688125 0.750000 0.016250 0.087500
0 0.688125 0.500000 0.016250 0.087500
9 0.745625 0.375000 0.016250 0.087500
17 0.746250 0.250000 0.027500 0.087500
3 0.803125 0.250000 0.016250 0.087500
6 0.803125 0.125000 0.016250 0.087500
5 0.803125 0.625000 0.016250 0.087500
0 0.861875 0.750000 0.016250 0.087500
10 0.861250 0.625000 0.027500 0.087500
18 0.861250 0.500000 0.027500 0.087500
15 0.918750 0.125000 0.027500 0.087500
2 0.919375 0.625000 0.016250 0.087500
