2 0.124286 0.264706 0.017143 0.102941
5 0.124286 0.500000 0.017143 0.102941
1 0.190000 0.617647 0.017143 0.102941
8 0.255714 0.147059 0.017143 0.102941
0 0.255714 0.382353 0.017143 0.102941
8 0.255714 0.735294 0.017143 0.102941
3 0.320000 0.147059 0.017143 0.102941
24 0.385714 0.735294 0.028571 0.102941
9 0.385714 0.147059 0.017143 0.102941
0 0.385714 0.617647 0.017143 0.102941
23 0.451429 0.264706 0.028571 0.102941
4 0.451429 0.735294 0.017143 0.102941
0 0.517143 0.500000 0.017143 0.102941
0 0.517143 0.264706 0.017143 0.102941
5 0.517143 0.382353 0.017143 0.102941
0 0.517143 0.617647 0.017143 0.102941
7 0.581429 0.264706 0.017143 0.102941
12 0.581429 0.617647 0.028571 0.102941
9 0.647143 0.617647 0.017143 0.102941
6 0.712857 0.735294 0.017143 0.102941
7 0.712857 0.617647 0.017143 0.102941
9 0.777143 0.500000 0.017143 0.102941
0 0.842857 0.264706 0.017143 0.102941
28 0.908571 0.147059 0.057143 0.102941
