11 0.145000 0.630435 0.030000 0.076087
0 0.219167 0.760870 0.018333 0.076087
12 0.295000 0.108696 0.030000 0.076087
0 0.369167 0.500000 0.018333 0.076087
0 0.444167 0.369565 0.018333 0.076087
3 0.444167 0.239130 0.018333 0.076087
0 0.444167 0.108696 0.018333 0.076087
15 0.445000 0.630435 0.030000 0.076087
11 0.445000 0.760870 0.030000 0.076087
20 0.520000 0.760870 0.030000 0.076087
5 0.519167 0.108696 0.018333 0.076087
17 0.520000 0.369565 0.030000 0.076087
1 0.519167 0.630435 0.018333 0.076087
5 0.594167 0.369565 0.018333 0.076087
0 0.669167 0.630435 0.018333 0.076087
7 0.669167 0.369565 0.018333 0.076087
1 0.669167 0.108696 0.018333 0.076087
28 0.669167 0.760870 0.045000 0.076087
9 0.744167 0.108696 0.018333 0.076087
20 0.820000 0.760870 0.030000 0.076087
9 0.819167 0.108696 0.018333 0.076087
0 0.819167 0.239130 0.018333 0.076087
22 0.820000 0.369565 0.030000 0.076087
23 0.895000 0.108696 0.030000 0.076087
28 0.894167 0.239130 0.045000 0.076087
