28 0.170000 0.814103 0.063333 0.064103
5 0.170000 0.403846 0.020000 0.064103
24 0.270000 0.711538 0.033333 0.064103
0 0.270000 0.608974 0.020000 0.064103
14 0.370000 0.608974 0.033333 0.064103
11 0.370000 0.403846 0.033333 0.064103
8 0.470000 0.403846 0.020000 0.064103
7 0.470000 0.506410 0.020000 0.064103
0 0.570000 0.301282 0.020000 0.064103
3 0.570000 0.814103 0.020000 0.064103
0 0.570000 0.608974 0.020000 0.064103
13 0.670000 0.814103 0.033333 0.064103
0 0.770000 0.506410 0.020000 0.064103
0 0.870000 0.711538 0.020000 0.064103
0 0.870000 0.403846 0.020000 0.064103
16 0.870000 0.301282 0.033333 0.064103
9 0.870000 0.608974 0.020000 0.064103
