0 0.197500 0.256757 0.018333 0.094595
10 0.198333 0.135135 0.030000 0.094595
2 0.325833 0.378378 0.018333 0.094595
18 0.455000 0.135135 0.030000 0.094595
5 0.454167 0.621622 0.018333 0.094595
17 0.455000 0.500000 0.030000 0.094595
11 0.583333 0.378378 0.030000 0.094595
4 0.584167 0.135135 0.018333 0.094595
0 0.584167 0.621622 0.018333 0.094595
19 0.583333 0.743243 0.030000 0.094595
9 0.712500 0.256757 0.018333 0.094595
21 0.711667 0.500000 0.030000 0.094595
20 0.711667 0.135135 0.030000 0.094595
10 0.711667 0.743243 0.030000 0.094595
9 0.840833 0.621622 0.018333 0.094595
22 0.840000 0.378378 0.030000 0.094595
