7 0.150833 0.537879 0.018333 0.065657
9 0.150833 0.719697 0.018333 0.065657
10 0.151667 0.628788 0.030000 0.065657
2 0.232500 0.446970 0.018333 0.065657
28 0.232500 0.628788 0.055000 0.065657
0 0.232500 0.810606 0.018333 0.065657
23 0.315000 0.356061 0.030000 0.065657
11 0.315000 0.719697 0.030000 0.065657
13 0.315000 0.628788 0.030000 0.065657
5 0.314167 0.537879 0.018333 0.065657
28 0.315000 0.446970 0.043333 0.065657
5 0.395833 0.537879 0.018333 0.065657
2 0.395833 0.356061 0.018333 0.065657
9 0.477500 0.446970 0.018333 0.065657
0 0.477500 0.719697 0.018333 0.065657
5 0.560833 0.810606 0.018333 0.065657
13 0.560000 0.719697 0.030000 0.065657
5 0.642500 0.356061 0.018333 0.065657
0 0.642500 0.628788 0.018333 0.065657
0 0.642500 0.446970 0.018333 0.065657
7 0.724167 0.356061 0.018333 0.065657
24 0.723333 0.537879 0.030000 0.065657
0 0.724167 0.810606 0.018333 0.065657
3 0.724167 0.628788 0.018333 0.065657
10 0.805000 0.356061 0.030000 0.065657
28 0.805833 0.446970 0.055000 0.065657
8 0.887500 0.537879 0.018333 0.065657
