28 0.116667 0.356061 0.038667 0.065657
0 0.116667 0.628788 0.014667 0.065657
3 0.178000 0.719697 0.014667 0.065657
4 0.178000 0.537879 0.014667 0.065657
24 0.240000 0.810606 0.024000 0.065657
0 0.239333 0.537879 0.014667 0.065657
18 0.240000 0.628788 0.024000 0.065657
0 0.300667 0.628788 0.014667 0.065657
5 0.362000 0.628788 0.014667 0.065657
7 0.362000 0.810606 0.014667 0.065657
16 0.424000 0.537879 0.024000 0.065657
0 0.484667 0.628788 0.014667 0.065657
11 0.485333 0.537879 0.024000 0.065657
3 0.484667 0.719697 0.014667 0.065657
20 0.546667 0.446970 0.024000 0.065657
0 0.607333 0.537879 0.014667 0.065657
7 0.668667 0.446970 0.014667 0.065657
0 0.668667 0.719697 0.014667 0.065657
2 0.668667 0.356061 0.014667 0.065657
24 0.669333 0.628788 0.024000 0.065657
2 0.730000 0.810606 0.014667 0.065657
0 0.791333 0.446970 0.014667 0.065657
9 0.791333 0.719697 0.014667 0.065657
11 0.792000 0.356061 0.024000 0.065657
28 0.792000 0.810606 0.048000 0.065657
22 0.792000 0.537879 0.024000 0.065657
8 0.852667 0.356061 0.014667 0.065657
15 0.914667 0.628788 0.024000 0.065657
27 0.914000 0.537879 0.014667 0.055556
