9 0.125000 0.503378 0.015714 0.087838
19 0.124286 0.625000 0.025714 0.087838
14 0.190000 0.746622 0.025714 0.087838
0 0.189286 0.138514 0.015714 0.087838
11 0.190000 0.503378 0.025714 0.087838
11 0.190000 0.625000 0.025714 0.087838
10 0.190000 0.381757 0.025714 0.087838
5 0.255000 0.138514 0.015714 0.087838
21 0.255714 0.381757 0.025714 0.087838
5 0.320714 0.138514 0.015714 0.087838
11 0.320000 0.503378 0.025714 0.087838
10 0.385714 0.625000 0.025714 0.087838
1 0.386429 0.381757 0.015714 0.087838
23 0.385714 0.503378 0.025714 0.087838
13 0.385714 0.746622 0.025714 0.087838
21 0.385714 0.260135 0.025714 0.087838
0 0.450714 0.381757 0.015714 0.087838
6 0.450714 0.503378 0.015714 0.087838
1 0.450714 0.260135 0.015714 0.087838
17 0.451429 0.138514 0.025714 0.087838
0 0.516429 0.503378 0.015714 0.087838
7 0.516429 0.625000 0.015714 0.087838
12 0.581429 0.625000 0.025714 0.087838
24 0.581429 0.138514 0.025714 0.087838
9 0.646429 0.381757 0.015714 0.087838
23 0.712857 0.746622 0.025714 0.087838
11 0.712857 0.381757 0.025714 0.087838
18 0.712857 0.503378 0.025714 0.087838
0 0.777857 0.138514 0.015714 0.087838
1 0.777857 0.625000 0.015714 0.087838
11 0.842857 0.381757 0.025714 0.087838
20 0.842857 0.260135 0.025714 0.087838
7 0.907857 0.138514 0.015714 0.087838
16 0.908571 0.503378 0.025714 0.087838
