0 0.116667 0.138514 0.017333 0.101351
2 0.116667 0.381757 0.017333 0.101351
11 0.178667 0.381757 0.029333 0.101351
12 0.178667 0.746622 0.029333 0.101351
1 0.239333 0.746622 0.017333 0.101351
11 0.240000 0.625000 0.029333 0.101351
12 0.301333 0.625000 0.029333 0.101351
14 0.301333 0.381757 0.029333 0.101351
12 0.362667 0.503378 0.029333 0.101351
5 0.362000 0.138514 0.017333 0.101351
9 0.362000 0.381757 0.017333 0.101351
0 0.362000 0.625000 0.017333 0.101351
0 0.423333 0.260135 0.017333 0.101351
1 0.423333 0.503378 0.017333 0.101351
2 0.423333 0.138514 0.017333 0.101351
23 0.485333 0.625000 0.029333 0.101351
0 0.546000 0.625000 0.017333 0.101351
5 0.607333 0.503378 0.017333 0.101351
5 0.607333 0.625000 0.017333 0.101351
2 0.668667 0.260135 0.017333 0.101351
22 0.669333 0.746622 0.029333 0.101351
13 0.730667 0.260135 0.029333 0.101351
7 0.730000 0.746622 0.017333 0.101351
28 0.730000 0.503378 0.041333 0.101351
4 0.791333 0.138514 0.017333 0.101351
10 0.853333 0.381757 0.029333 0.101351
0 0.852667 0.138514 0.017333 0.101351
0 0.852667 0.625000 0.017333 0.101351
2 0.914000 0.746622 0.017333 0.101351
1 0.914000 0.138514 0.017333 0.101351
3 0.914000 0.260135 0.017333 0.101351
