19 0.220000 0.811905 0.030000 0.061905
12 0.220000 0.621429 0.030000 0.061905
0 0.219167 0.526190 0.018333 0.061905
0 0.369167 0.621429 0.018333 0.061905
0 0.369167 0.716667 0.018333 0.061905
9 0.369167 0.526190 0.018333 0.061905
6 0.369167 0.811905 0.018333 0.061905
9 0.369167 0.335714 0.018333 0.061905
5 0.519167 0.621429 0.018333 0.061905
2 0.519167 0.430952 0.018333 0.061905
11 0.520000 0.716667 0.030000 0.061905
3 0.519167 0.811905 0.018333 0.061905
5 0.669167 0.335714 0.018333 0.061905
0 0.669167 0.716667 0.018333 0.061905
1 0.819167 0.526190 0.018333 0.061905
0 0.819167 0.430952 0.018333 0.061905
5 0.819167 0.621429 0.018333 0.061905
