9 0.124286 0.317568 0.017143 0.058559
8 0.124286 0.614865 0.017143 0.058559
2 0.124286 0.713964 0.017143 0.058559
9 0.124286 0.813063 0.017143 0.058559
0 0.190000 0.515766 0.017143 0.058559
0 0.190000 0.813063 0.017143 0.058559
0 0.190000 0.317568 0.017143 0.058559
5 0.255714 0.515766 0.017143 0.058559
11 0.255714 0.614865 0.028571 0.058559
5 0.255714 0.813063 0.017143 0.058559
0 0.255714 0.317568 0.017143 0.058559
8 0.320000 0.813063 0.017143 0.058559
5 0.385714 0.614865 0.017143 0.058559
0 0.385714 0.515766 0.017143 0.058559
9 0.451429 0.813063 0.017143 0.058559
27 0.451429 0.711712 0.017143 0.045045
4 0.451429 0.317568 0.017143 0.058559
0 0.451429 0.515766 0.017143 0.058559
0 0.517143 0.317568 0.017143 0.058559
6 0.517143 0.713964 0.017143 0.058559
19 0.517143 0.813063 0.028571 0.058559
12 0.517143 0.614865 0.028571 0.058559
0 0.581429 0.614865 0.017143 0.058559
23 0.581429 0.515766 0.028571 0.058559
28 0.581429 0.414414 0.051429 0.063063
0 0.647143 0.515766 0.017143 0.058559
10 0.647143 0.813063 0.028571 0.058559
7 0.712857 0.614865 0.017143 0.058559
1 0.712857 0.416667 0.017143 0.058559
7 0.712857 0.813063 0.017143 0.058559
17 0.777143 0.614865 0.028571 0.058559
8 0.842857 0.614865 0.017143 0.058559
3 0.842857 0.416667 0.017143 0.058559
22 0.908571 0.515766 0.028571 0.058559
12 0.908571 0.813063 0.028571 0.058559
6 0.908571 0.317568 0.017143 0.058559
1 0.908571 0.416667 0.017143 0.058559
