1 0.133846 0.626263 0.015385 0.060606
9 0.133846 0.535354 0.015385 0.060606
21 0.133846 0.717172 0.024615 0.060606
18 0.203077 0.717172 0.024615 0.060606
0 0.273846 0.353535 0.015385 0.060606
7 0.273846 0.717172 0.015385 0.060606
1 0.343077 0.717172 0.015385 0.060606
4 0.343077 0.626263 0.015385 0.060606
12 0.412308 0.808081 0.024615 0.060606
7 0.483077 0.535354 0.015385 0.060606
3 0.552308 0.626263 0.015385 0.060606
18 0.623077 0.535354 0.024615 0.060606
0 0.623077 0.444444 0.015385 0.060606
5 0.692308 0.808081 0.015385 0.060606
19 0.692308 0.717172 0.024615 0.060606
24 0.692308 0.353535 0.024615 0.060606
11 0.692308 0.535354 0.024615 0.060606
5 0.761538 0.444444 0.015385 0.060606
7 0.832308 0.717172 0.015385 0.060606
0 0.832308 0.353535 0.015385 0.060606
7 0.832308 0.626263 0.015385 0.060606
1 0.832308 0.535354 0.015385 0.060606
9 0.901538 0.444444 0.015385 0.060606
