9 0.133077 0.750000 0.023077 0.100000
12 0.133846 0.500000 0.040000 0.100000
1 0.203846 0.750000 0.023077 0.100000
12 0.203077 0.625000 0.040000 0.100000
0 0.203846 0.500000 0.023077 0.100000
28 0.273846 0.250000 0.076923 0.100000
11 0.343077 0.250000 0.040000 0.100000
0 0.343846 0.625000 0.023077 0.100000
11 0.412308 0.250000 0.040000 0.100000
1 0.482308 0.125000 0.023077 0.100000
3 0.482308 0.375000 0.023077 0.100000
28 0.482308 0.625000 0.060000 0.100000
16 0.552308 0.625000 0.040000 0.100000
22 0.552308 0.500000 0.040000 0.100000
1 0.622308 0.500000 0.023077 0.100000
12 0.692308 0.125000 0.040000 0.100000
0 0.762308 0.750000 0.023077 0.100000
27 0.831538 0.625000 0.023077 0.075000
27 0.831538 0.500000 0.023077 0.075000
3 0.831538 0.250000 0.023077 0.100000
7 0.831538 0.125000 0.023077 0.100000
0 0.831538 0.750000 0.023077 0.100000
5 0.902308 0.375000 0.023077 0.100000
3 0.902308 0.500000 0.023077 0.100000
0 0.902308 0.625000 0.023077 0.100000
