4 0.144167 0.260135 0.018333 0.087838
9 0.219167 0.625000 0.018333 0.087838
9 0.219167 0.381757 0.018333 0.087838
0 0.294167 0.138514 0.018333 0.087838
12 0.295000 0.260135 0.030000 0.087838
23 0.370000 0.625000 0.030000 0.087838
20 0.445000 0.260135 0.030000 0.087838
7 0.444167 0.746622 0.018333 0.087838
22 0.445000 0.503378 0.030000 0.087838
19 0.520000 0.503378 0.030000 0.087838
6 0.519167 0.746622 0.018333 0.087838
11 0.595000 0.625000 0.030000 0.087838
3 0.669167 0.746622 0.018333 0.087838
0 0.669167 0.625000 0.018333 0.087838
6 0.669167 0.503378 0.018333 0.087838
18 0.745000 0.260135 0.030000 0.087838
0 0.744167 0.625000 0.018333 0.087838
9 0.819167 0.625000 0.018333 0.087838
14 0.820000 0.746622 0.030000 0.087838
9 0.894167 0.625000 0.018333 0.087838
0 0.894167 0.138514 0.018333 0.087838
5 0.894167 0.503378 0.018333 0.087838
