0 0.219167 0.416667 0.018333 0.058559
11 0.220000 0.713964 0.030000 0.058559
20 0.220000 0.317568 0.030000 0.058559
21 0.370000 0.317568 0.030000 0.058559
10 0.370000 0.416667 0.030000 0.058559
10 0.520000 0.416667 0.030000 0.058559
11 0.520000 0.813063 0.030000 0.058559
9 0.669167 0.317568 0.018333 0.058559
6 0.669167 0.614865 0.018333 0.058559
28 0.669167 0.515766 0.041667 0.058559
21 0.670000 0.713964 0.030000 0.058559
7 0.669167 0.813063 0.018333 0.058559
23 0.820000 0.813063 0.030000 0.058559
12 0.820000 0.515766 0.030000 0.058559
