11 0.220000 0.135135 0.040000 0.094595
5 0.220000 0.256757 0.023333 0.094595
7 0.220000 0.621622 0.023333 0.094595
6 0.370000 0.621622 0.023333 0.094595
7 0.370000 0.256757 0.023333 0.094595
7 0.520000 0.743243 0.023333 0.094595
23 0.670000 0.621622 0.040000 0.094595
7 0.670000 0.378378 0.023333 0.094595
22 0.670000 0.256757 0.040000 0.094595
16 0.670000 0.743243 0.040000 0.094595
6 0.820000 0.743243 0.023333 0.094595
0 0.820000 0.500000 0.023333 0.094595
7 0.820000 0.135135 0.023333 0.094595
17 0.820000 0.378378 0.040000 0.094595
