6 0.181667 0.414414 0.023333 0.063063
4 0.181667 0.612613 0.023333 0.063063
5 0.295000 0.810811 0.023333 0.063063
8 0.406667 0.315315 0.023333 0.063063
14 0.520000 0.513514 0.040000 0.063063
2 0.520000 0.810811 0.023333 0.063063
0 0.520000 0.612613 0.023333 0.063063
9 0.631667 0.315315 0.023333 0.063063
3 0.631667 0.711712 0.023333 0.063063
4 0.631667 0.513514 0.023333 0.063063
2 0.631667 0.414414 0.023333 0.063063
17 0.745000 0.513514 0.040000 0.063063
8 0.745000 0.414414 0.023333 0.063063
8 0.856667 0.612613 0.023333 0.063063
14 0.856667 0.810811 0.040000 0.063063
4 0.856667 0.711712 0.023333 0.063063
