7 0.133077 0.713964 0.016923 0.058559
10 0.203077 0.713964 0.027692 0.058559
8 0.203846 0.813063 0.016923 0.058559
15 0.273846 0.416667 0.027692 0.058559
6 0.273077 0.515766 0.016923 0.058559
5 0.343846 0.317568 0.016923 0.058559
28 0.343077 0.713964 0.040000 0.058559
5 0.343846 0.614865 0.016923 0.058559
9 0.413077 0.515766 0.016923 0.058559
0 0.413077 0.813063 0.016923 0.058559
3 0.413077 0.416667 0.016923 0.058559
9 0.413077 0.713964 0.016923 0.058559
16 0.483077 0.813063 0.027692 0.058559
2 0.482308 0.713964 0.016923 0.058559
10 0.483077 0.416667 0.027692 0.058559
11 0.552308 0.713964 0.027692 0.058559
9 0.553077 0.614865 0.016923 0.058559
0 0.553077 0.813063 0.016923 0.058559
1 0.622308 0.416667 0.016923 0.058559
12 0.623077 0.317568 0.027692 0.058559
14 0.623077 0.713964 0.027692 0.058559
11 0.623077 0.614865 0.027692 0.058559
7 0.622308 0.515766 0.016923 0.058559
6 0.691538 0.416667 0.016923 0.058559
12 0.761538 0.416667 0.027692 0.058559
10 0.761538 0.515766 0.027692 0.058559
0 0.762308 0.317568 0.016923 0.058559
9 0.831538 0.713964 0.016923 0.058559
0 0.831538 0.515766 0.016923 0.058559
15 0.901538 0.416667 0.027692 0.058559
