8 0.110000 0.462366 0.015000 0.075269
0 0.110000 0.548387 0.015000 0.075269
19 0.167500 0.634409 0.025000 0.075269
2 0.167500 0.376344 0.015000 0.075269
0 0.225000 0.634409 0.015000 0.075269
12 0.225000 0.376344 0.025000 0.075269
14 0.225000 0.720430 0.025000 0.075269
2 0.283750 0.462366 0.015000 0.075269
28 0.283750 0.634409 0.035000 0.075269
9 0.283750 0.376344 0.015000 0.075269
10 0.283750 0.806452 0.025000 0.075269
2 0.341250 0.634409 0.015000 0.075269
23 0.341250 0.806452 0.025000 0.075269
0 0.341250 0.548387 0.015000 0.075269
11 0.341250 0.462366 0.025000 0.075269
3 0.341250 0.720430 0.015000 0.075269
24 0.398750 0.806452 0.025000 0.075269
9 0.398750 0.634409 0.015000 0.075269
0 0.456250 0.462366 0.015000 0.075269
8 0.456250 0.376344 0.015000 0.075269
19 0.515000 0.376344 0.025000 0.075269
23 0.515000 0.720430 0.025000 0.075269
28 0.572500 0.462366 0.045000 0.075269
22 0.572500 0.720430 0.025000 0.075269
21 0.630000 0.462366 0.025000 0.075269
23 0.630000 0.634409 0.025000 0.075269
14 0.687500 0.720430 0.025000 0.075269
0 0.687500 0.462366 0.015000 0.075269
7 0.687500 0.634409 0.015000 0.075269
0 0.746250 0.376344 0.015000 0.075269
0 0.746250 0.462366 0.015000 0.075269
7 0.746250 0.548387 0.015000 0.075269
3 0.803750 0.376344 0.015000 0.075269
11 0.803750 0.806452 0.025000 0.075269
23 0.861250 0.462366 0.025000 0.075269
3 0.918750 0.720430 0.015000 0.075269
