18 0.151667 0.500000 0.030000 0.065217
28 0.232500 0.108696 0.038333 0.065217
23 0.233333 0.500000 0.030000 0.065217
2 0.232500 0.239130 0.018333 0.065217
3 0.232500 0.369565 0.018333 0.065217
4 0.314167 0.760870 0.018333 0.065217
19 0.315000 0.108696 0.030000 0.065217
0 0.395833 0.108696 0.018333 0.065217
0 0.395833 0.500000 0.018333 0.065217
13 0.396667 0.630435 0.030000 0.065217
0 0.395833 0.760870 0.018333 0.065217
5 0.477500 0.369565 0.018333 0.065217
8 0.477500 0.500000 0.018333 0.065217
0 0.477500 0.108696 0.018333 0.065217
24 0.560000 0.760870 0.030000 0.065217
4 0.642500 0.760870 0.018333 0.065217
3 0.642500 0.108696 0.018333 0.065217
12 0.641667 0.630435 0.030000 0.065217
4 0.724167 0.760870 0.018333 0.065217
0 0.724167 0.108696 0.018333 0.065217
23 0.723333 0.500000 0.030000 0.065217
5 0.805833 0.108696 0.018333 0.065217
27 0.805000 0.239130 0.016667 0.054348
4 0.805833 0.630435 0.018333 0.065217
20 0.886667 0.760870 0.030000 0.065217
