8 0.125000 0.502717 0.021429 0.092391
18 0.124286 0.633152 0.037143 0.092391
13 0.124286 0.111413 0.037143 0.092391
22 0.124286 0.241848 0.037143 0.092391
3 0.189286 0.633152 0.021429 0.092391
12 0.190000 0.111413 0.037143 0.092391
19 0.190000 0.763587 0.037143 0.092391
20 0.255714 0.633152 0.037143 0.092391
12 0.255714 0.502717 0.037143 0.092391
0 0.255000 0.241848 0.021429 0.092391
0 0.320714 0.241848 0.021429 0.092391
9 0.320714 0.763587 0.021429 0.092391
4 0.320714 0.502717 0.021429 0.092391
5 0.386429 0.241848 0.021429 0.092391
9 0.450714 0.633152 0.021429 0.092391
7 0.450714 0.111413 0.021429 0.092391
23 0.451429 0.241848 0.037143 0.092391
0 0.516429 0.241848 0.021429 0.092391
1 0.516429 0.372283 0.021429 0.092391
28 0.582143 0.763587 0.064286 0.092391
3 0.582143 0.502717 0.021429 0.092391
12 0.581429 0.111413 0.037143 0.092391
3 0.582143 0.633152 0.021429 0.092391
27 0.646429 0.500000 0.021429 0.076087
28 0.647143 0.111413 0.080000 0.092391
8 0.646429 0.241848 0.021429 0.092391
0 0.712143 0.633152 0.021429 0.092391
7 0.777857 0.111413 0.021429 0.092391
10 0.777143 0.763587 0.037143 0.092391
7 0.843571 0.502717 0.021429 0.092391
1 0.907857 0.633152 0.021429 0.092391
