0 0.125000 0.299145 0.015714 0.051282
17 0.124286 0.606838 0.025714 0.051282
17 0.190000 0.709402 0.025714 0.051282
22 0.190000 0.401709 0.025714 0.051282
28 0.190000 0.811966 0.042857 0.051282
1 0.189286 0.299145 0.015714 0.051282
22 0.255714 0.811966 0.025714 0.051282
8 0.255000 0.606838 0.015714 0.051282
1 0.320714 0.401709 0.015714 0.051282
0 0.320714 0.811966 0.015714 0.051282
24 0.385714 0.299145 0.025714 0.051282
7 0.450714 0.504274 0.015714 0.051282
0 0.450714 0.811966 0.015714 0.051282
0 0.516429 0.299145 0.015714 0.051282
20 0.517143 0.709402 0.025714 0.051282
5 0.516429 0.811966 0.015714 0.051282
4 0.582143 0.299145 0.015714 0.051282
10 0.581429 0.709402 0.025714 0.051282
2 0.582143 0.504274 0.015714 0.051282
5 0.646429 0.504274 0.015714 0.051282
6 0.646429 0.709402 0.015714 0.051282
0 0.646429 0.606838 0.015714 0.051282
11 0.647143 0.401709 0.025714 0.051282
12 0.712857 0.504274 0.025714 0.051282
2 0.777857 0.299145 0.015714 0.051282
4 0.777857 0.504274 0.015714 0.051282
5 0.843571 0.401709 0.015714 0.051282
0 0.907857 0.401709 0.015714 0.051282
0 0.907857 0.811966 0.015714 0.051282
12 0.908571 0.299145 0.025714 0.051282
