8 0.169167 0.713964 0.021667 0.067568
28 0.170000 0.515766 0.066667 0.067568
17 0.170000 0.317568 0.036667 0.067568
0 0.269167 0.317568 0.021667 0.067568
0 0.269167 0.515766 0.021667 0.067568
0 0.269167 0.614865 0.021667 0.067568
22 0.270000 0.813063 0.036667 0.067568
9 0.369167 0.515766 0.021667 0.067568
12 0.370000 0.813063 0.036667 0.067568
16 0.370000 0.317568 0.036667 0.067568
28 0.370000 0.416667 0.066667 0.067568
3 0.469167 0.813063 0.021667 0.067568
28 0.469167 0.614865 0.051667 0.067568
1 0.569167 0.416667 0.021667 0.067568
28 0.569167 0.813063 0.051667 0.067568
16 0.570000 0.614865 0.036667 0.067568
0 0.669167 0.713964 0.021667 0.067568
24 0.770000 0.614865 0.036667 0.067568
5 0.869167 0.614865 0.021667 0.067568
9 0.869167 0.713964 0.021667 0.067568
