5 0.145000 0.502717 0.020000 0.070652
7 0.145000 0.372283 0.020000 0.070652
0 0.145000 0.633152 0.020000 0.070652
4 0.220000 0.633152 0.020000 0.070652
11 0.220000 0.502717 0.033333 0.070652
2 0.295000 0.241848 0.020000 0.070652
0 0.295000 0.763587 0.020000 0.070652
7 0.295000 0.633152 0.020000 0.070652
18 0.295000 0.502717 0.033333 0.070652
15 0.370000 0.763587 0.033333 0.070652
0 0.370000 0.633152 0.020000 0.070652
0 0.445000 0.763587 0.020000 0.070652
9 0.445000 0.502717 0.020000 0.070652
0 0.445000 0.633152 0.020000 0.070652
17 0.445000 0.111413 0.033333 0.070652
9 0.520000 0.111413 0.020000 0.070652
11 0.520000 0.241848 0.033333 0.070652
14 0.595000 0.633152 0.033333 0.070652
0 0.595000 0.111413 0.020000 0.070652
0 0.595000 0.372283 0.020000 0.070652
0 0.670000 0.372283 0.020000 0.070652
27 0.670000 0.502717 0.020000 0.059783
6 0.670000 0.241848 0.020000 0.070652
1 0.745000 0.241848 0.020000 0.070652
28 0.745000 0.500000 0.056667 0.076087
9 0.820000 0.111413 0.020000 0.070652
20 0.820000 0.633152 0.033333 0.070652
12 0.820000 0.763587 0.033333 0.070652
0 0.895000 0.241848 0.020000 0.070652
17 0.895000 0.111413 0.033333 0.070652
