0 0.160000 0.735294 0.023333 0.117647
5 0.160000 0.386029 0.023333 0.125000
4 0.160000 0.147059 0.023333 0.117647
7 0.250000 0.738971 0.023333 0.125000
21 0.340000 0.147059 0.040000 0.117647
0 0.340000 0.382353 0.023333 0.117647
7 0.340000 0.503676 0.023333 0.125000
0 0.340000 0.264706 0.023333 0.117647
15 0.340000 0.738971 0.040000 0.125000
22 0.430000 0.147059 0.040000 0.117647
10 0.430000 0.617647 0.040000 0.117647
0 0.430000 0.735294 0.023333 0.117647
8 0.520000 0.500000 0.023333 0.117647
18 0.520000 0.382353 0.040000 0.117647
7 0.610000 0.621324 0.023333 0.125000
19 0.610000 0.735294 0.040000 0.117647
4 0.700000 0.264706 0.023333 0.117647
11 0.700000 0.500000 0.040000 0.117647
9 0.790000 0.147059 0.023333 0.117647
5 0.880000 0.503676 0.023333 0.125000
