2 0.110000 0.500000 0.015000 0.081395
8 0.110000 0.755814 0.015000 0.081395
10 0.110000 0.372093 0.025000 0.081395
24 0.167500 0.627907 0.025000 0.081395
3 0.225000 0.244186 0.015000 0.081395
1 0.225000 0.755814 0.015000 0.081395
21 0.225000 0.372093 0.025000 0.081395
1 0.283750 0.627907 0.015000 0.081395
12 0.283750 0.244186 0.025000 0.081395
28 0.283750 0.755814 0.040000 0.081395
0 0.341250 0.372093 0.015000 0.081395
3 0.341250 0.116279 0.015000 0.081395
0 0.341250 0.500000 0.015000 0.081395
2 0.341250 0.244186 0.015000 0.081395
0 0.398750 0.500000 0.015000 0.081395
1 0.456250 0.755814 0.015000 0.081395
3 0.456250 0.372093 0.015000 0.081395
18 0.515000 0.627907 0.025000 0.081395
0 0.572500 0.627907 0.015000 0.081395
4 0.572500 0.116279 0.015000 0.081395
0 0.572500 0.244186 0.015000 0.081395
0 0.572500 0.500000 0.015000 0.081395
18 0.630000 0.372093 0.025000 0.081395
0 0.630000 0.244186 0.015000 0.081395
0 0.687500 0.627907 0.015000 0.081395
10 0.746250 0.755814 0.025000 0.081395
17 0.803750 0.500000 0.025000 0.081395
5 0.803750 0.116279 0.015000 0.081395
0 0.861250 0.116279 0.015000 0.081395
5 0.861250 0.500000 0.015000 0.081395
9 0.918750 0.372093 0.015000 0.081395
14 0.918750 0.627907 0.025000 0.081395
2 0.918750 0.116279 0.015000 0.081395
