27 0.151667 0.809140 0.016667 0.059140
14 0.151667 0.637097 0.030000 0.069892
15 0.151667 0.465054 0.030000 0.069892
10 0.151667 0.379032 0.030000 0.069892
28 0.151667 0.551075 0.053333 0.069892
0 0.232500 0.551075 0.018333 0.069892
2 0.314167 0.379032 0.018333 0.069892
10 0.315000 0.723118 0.030000 0.069892
0 0.314167 0.637097 0.018333 0.069892
3 0.395833 0.637097 0.018333 0.069892
10 0.396667 0.809140 0.030000 0.069892
2 0.395833 0.465054 0.018333 0.069892
27 0.396667 0.723118 0.016667 0.059140
7 0.477500 0.465054 0.018333 0.069892
21 0.560000 0.637097 0.030000 0.069892
0 0.560833 0.723118 0.018333 0.069892
4 0.642500 0.379032 0.018333 0.069892
20 0.641667 0.637097 0.030000 0.069892
0 0.642500 0.465054 0.018333 0.069892
16 0.723333 0.551075 0.030000 0.069892
18 0.723333 0.723118 0.030000 0.069892
0 0.805833 0.465054 0.018333 0.069892
28 0.805833 0.723118 0.041667 0.069892
19 0.886667 0.809140 0.030000 0.069892
14 0.886667 0.637097 0.030000 0.069892
5 0.887500 0.465054 0.018333 0.069892
13 0.886667 0.551075 0.030000 0.069892
