1 0.125000 0.268382 0.015714 0.095588
18 0.124286 0.386029 0.025714 0.095588
0 0.125000 0.621324 0.015714 0.095588
9 0.189286 0.503676 0.015714 0.095588
5 0.189286 0.382353 0.015714 0.102941
0 0.189286 0.621324 0.015714 0.095588
0 0.189286 0.268382 0.015714 0.095588
2 0.255000 0.621324 0.015714 0.095588
12 0.320000 0.738971 0.025714 0.095588
28 0.386429 0.268382 0.035714 0.095588
3 0.386429 0.738971 0.015714 0.095588
2 0.450714 0.503676 0.015714 0.095588
5 0.450714 0.147059 0.015714 0.102941
11 0.517143 0.503676 0.025714 0.095588
11 0.517143 0.150735 0.025714 0.095588
1 0.582143 0.150735 0.015714 0.095588
4 0.582143 0.738971 0.015714 0.095588
20 0.581429 0.386029 0.025714 0.095588
11 0.581429 0.268382 0.025714 0.095588
3 0.646429 0.386029 0.015714 0.095588
10 0.647143 0.621324 0.025714 0.095588
0 0.712143 0.621324 0.015714 0.095588
28 0.712857 0.268382 0.045714 0.095588
28 0.712143 0.503676 0.035714 0.095588
0 0.712143 0.386029 0.015714 0.095588
21 0.777143 0.738971 0.025714 0.095588
9 0.777857 0.150735 0.015714 0.095588
0 0.777857 0.268382 0.015714 0.095588
10 0.842857 0.150735 0.025714 0.095588
18 0.842857 0.503676 0.025714 0.095588
16 0.908571 0.386029 0.025714 0.095588
5 0.907857 0.617647 0.015714 0.102941
0 0.907857 0.150735 0.015714 0.095588
