3 0.169167 0.503125 0.025000 0.106250
4 0.269167 0.128125 0.025000 0.106250
0 0.269167 0.753125 0.025000 0.106250
0 0.269167 0.253125 0.025000 0.106250
0 0.369167 0.753125 0.025000 0.106250
5 0.369167 0.503125 0.025000 0.106250
3 0.369167 0.253125 0.025000 0.106250
0 0.369167 0.128125 0.025000 0.106250
21 0.370000 0.628125 0.043333 0.106250
3 0.469167 0.503125 0.025000 0.106250
7 0.569167 0.503125 0.025000 0.106250
27 0.669167 0.125000 0.025000 0.087500
6 0.669167 0.503125 0.025000 0.106250
8 0.669167 0.753125 0.025000 0.106250
10 0.770000 0.128125 0.043333 0.106250
5 0.769167 0.253125 0.025000 0.106250
7 0.869167 0.628125 0.025000 0.106250
21 0.870000 0.753125 0.043333 0.106250
8 0.869167 0.378125 0.025000 0.106250
