6 0.133077 0.381757 0.016923 0.087838
8 0.133077 0.625000 0.016923 0.087838
12 0.133846 0.138514 0.027692 0.087838
0 0.133077 0.260135 0.016923 0.087838
5 0.203846 0.503378 0.016923 0.087838
9 0.273077 0.625000 0.016923 0.087838
18 0.273846 0.503378 0.027692 0.087838
3 0.273077 0.746622 0.016923 0.087838
0 0.343846 0.381757 0.016923 0.087838
24 0.343077 0.503378 0.027692 0.087838
0 0.413077 0.381757 0.016923 0.087838
9 0.413077 0.260135 0.016923 0.087838
2 0.413077 0.503378 0.016923 0.087838
24 0.483077 0.503378 0.027692 0.087838
20 0.552308 0.746622 0.027692 0.087838
14 0.552308 0.503378 0.027692 0.087838
10 0.623077 0.746622 0.027692 0.087838
18 0.623077 0.260135 0.027692 0.087838
3 0.622308 0.625000 0.016923 0.087838
2 0.622308 0.381757 0.016923 0.087838
0 0.622308 0.138514 0.016923 0.087838
2 0.691538 0.625000 0.016923 0.087838
13 0.761538 0.746622 0.027692 0.087838
2 0.762308 0.260135 0.016923 0.087838
3 0.831538 0.503378 0.016923 0.087838
0 0.831538 0.625000 0.016923 0.087838
4 0.831538 0.746622 0.016923 0.087838
0 0.831538 0.260135 0.016923 0.087838
20 0.901538 0.381757 0.027692 0.087838
0 0.902308 0.746622 0.016923 0.087838
