9 0.133846 0.621622 0.018462 0.094595
11 0.133846 0.378378 0.030769 0.094595
6 0.133846 0.256757 0.018462 0.094595
9 0.203077 0.621622 0.018462 0.094595
13 0.203077 0.256757 0.030769 0.094595
21 0.203077 0.135135 0.030769 0.094595
0 0.273846 0.743243 0.018462 0.094595
5 0.343077 0.256757 0.018462 0.094595
27 0.343077 0.378378 0.018462 0.081081
4 0.343077 0.500000 0.018462 0.094595
0 0.343077 0.135135 0.018462 0.094595
4 0.412308 0.256757 0.018462 0.094595
6 0.483077 0.621622 0.018462 0.094595
2 0.483077 0.378378 0.018462 0.094595
0 0.552308 0.378378 0.018462 0.094595
0 0.552308 0.256757 0.018462 0.094595
15 0.623077 0.135135 0.030769 0.094595
24 0.623077 0.378378 0.030769 0.094595
0 0.623077 0.256757 0.018462 0.094595
3 0.692308 0.256757 0.018462 0.094595
23 0.692308 0.621622 0.030769 0.094595
1 0.761538 0.378378 0.018462 0.094595
11 0.761538 0.256757 0.030769 0.094595
6 0.761538 0.135135 0.018462 0.094595
7 0.761538 0.621622 0.018462 0.094595
0 0.761538 0.743243 0.018462 0.094595
11 0.832308 0.743243 0.030769 0.094595
0 0.832308 0.621622 0.018462 0.094595
6 0.832308 0.500000 0.018462 0.094595
13 0.901538 0.378378 0.030769 0.094595
