8 0.109375 0.500000 0.016250 0.087500
4 0.109375 0.125000 0.016250 0.087500
2 0.168125 0.250000 0.016250 0.087500
0 0.225625 0.250000 0.016250 0.087500
9 0.283125 0.375000 0.016250 0.087500
1 0.283125 0.500000 0.016250 0.087500
19 0.283750 0.750000 0.027500 0.087500
28 0.340625 0.128125 0.038750 0.093750
1 0.340625 0.375000 0.016250 0.087500
13 0.341250 0.250000 0.027500 0.087500
7 0.399375 0.625000 0.016250 0.087500
10 0.398750 0.750000 0.027500 0.087500
0 0.399375 0.500000 0.016250 0.087500
18 0.398750 0.375000 0.027500 0.087500
7 0.456875 0.375000 0.016250 0.087500
15 0.456250 0.128125 0.027500 0.093750
28 0.514375 0.625000 0.038750 0.087500
10 0.572500 0.125000 0.027500 0.087500
0 0.630625 0.375000 0.016250 0.087500
28 0.630000 0.750000 0.050000 0.087500
2 0.688125 0.500000 0.016250 0.087500
7 0.745625 0.625000 0.016250 0.087500
4 0.803125 0.375000 0.016250 0.087500
0 0.803125 0.125000 0.016250 0.087500
12 0.861250 0.250000 0.027500 0.087500
3 0.861875 0.375000 0.016250 0.087500
0 0.861875 0.625000 0.016250 0.087500
14 0.918750 0.250000 0.027500 0.087500
8 0.919375 0.750000 0.016250 0.087500
12 0.918750 0.125000 0.027500 0.087500
