0 0.220000 0.138514 0.023333 0.114865
15 0.220000 0.260135 0.040000 0.114865
0 0.220000 0.381757 0.023333 0.114865
0 0.370000 0.503378 0.023333 0.114865
13 0.370000 0.138514 0.040000 0.114865
21 0.370000 0.381757 0.040000 0.114865
17 0.520000 0.503378 0.040000 0.114865
3 0.670000 0.138514 0.023333 0.114865
3 0.670000 0.625000 0.023333 0.114865
0 0.670000 0.746622 0.023333 0.114865
2 0.820000 0.625000 0.023333 0.114865
11 0.820000 0.138514 0.040000 0.114865
6 0.820000 0.381757 0.023333 0.114865
10 0.820000 0.260135 0.040000 0.114865
2 0.820000 0.746622 0.023333 0.114865
