9 0.182500 0.811905 0.021667 0.061905
12 0.181667 0.716667 0.036667 0.061905
10 0.181667 0.526190 0.036667 0.061905
18 0.181667 0.621429 0.036667 0.061905
5 0.182500 0.335714 0.021667 0.061905
9 0.294167 0.621429 0.021667 0.061905
4 0.294167 0.716667 0.021667 0.061905
3 0.294167 0.811905 0.021667 0.061905
10 0.295000 0.335714 0.036667 0.061905
0 0.294167 0.526190 0.021667 0.061905
11 0.406667 0.335714 0.036667 0.061905
19 0.406667 0.811905 0.036667 0.061905
0 0.407500 0.430952 0.021667 0.061905
27 0.519167 0.714286 0.021667 0.047619
0 0.519167 0.621429 0.021667 0.061905
0 0.632500 0.430952 0.021667 0.061905
10 0.631667 0.526190 0.036667 0.061905
21 0.631667 0.621429 0.036667 0.061905
4 0.744167 0.335714 0.021667 0.061905
0 0.744167 0.716667 0.021667 0.061905
1 0.744167 0.811905 0.021667 0.061905
21 0.745000 0.430952 0.036667 0.061905
15 0.856667 0.811905 0.036667 0.061905
