2 0.133846 0.375000 0.018462 0.087500
0 0.133846 0.750000 0.018462 0.087500
0 0.203077 0.250000 0.018462 0.087500
10 0.203077 0.750000 0.030769 0.087500
24 0.273846 0.125000 0.030769 0.087500
11 0.273846 0.375000 0.030769 0.087500
27 0.343077 0.375000 0.018462 0.075000
12 0.412308 0.125000 0.030769 0.087500
0 0.412308 0.625000 0.018462 0.087500
17 0.412308 0.250000 0.030769 0.087500
12 0.483077 0.250000 0.030769 0.087500
16 0.552308 0.500000 0.030769 0.087500
7 0.623077 0.625000 0.018462 0.087500
7 0.623077 0.500000 0.018462 0.087500
0 0.623077 0.375000 0.018462 0.087500
22 0.623077 0.750000 0.030769 0.087500
14 0.623077 0.125000 0.030769 0.087500
0 0.692308 0.125000 0.018462 0.087500
11 0.692308 0.500000 0.030769 0.087500
10 0.692308 0.375000 0.030769 0.087500
0 0.761538 0.375000 0.018462 0.087500
6 0.761538 0.250000 0.018462 0.087500
0 0.761538 0.500000 0.018462 0.087500
1 0.832308 0.375000 0.018462 0.087500
7 0.832308 0.500000 0.018462 0.087500
17 0.901538 0.375000 0.030769 0.087500
12 0.901538 0.500000 0.030769 0.087500
