2 0.219167 0.625000 0.025000 0.101351
13 0.220000 0.260135 0.043333 0.101351
2 0.219167 0.746622 0.025000 0.101351
2 0.369167 0.746622 0.025000 0.101351
16 0.370000 0.381757 0.043333 0.101351
13 0.370000 0.625000 0.043333 0.101351
4 0.519167 0.625000 0.025000 0.101351
2 0.519167 0.381757 0.025000 0.101351
7 0.519167 0.260135 0.025000 0.101351
20 0.670000 0.260135 0.043333 0.101351
2 0.669167 0.503378 0.025000 0.101351
24 0.670000 0.746622 0.043333 0.101351
18 0.820000 0.138514 0.043333 0.101351
