19 0.145000 0.606838 0.036667 0.068376
22 0.145000 0.299145 0.036667 0.068376
15 0.145000 0.811966 0.036667 0.068376
7 0.144167 0.504274 0.021667 0.068376
23 0.220000 0.606838 0.036667 0.068376
0 0.219167 0.504274 0.021667 0.068376
9 0.294167 0.709402 0.021667 0.068376
16 0.295000 0.299145 0.036667 0.068376
23 0.370000 0.811966 0.036667 0.068376
10 0.445000 0.709402 0.036667 0.068376
28 0.445000 0.401709 0.066667 0.068376
3 0.444167 0.606838 0.021667 0.068376
8 0.519167 0.811966 0.021667 0.068376
1 0.519167 0.504274 0.021667 0.068376
14 0.520000 0.709402 0.036667 0.068376
2 0.519167 0.299145 0.021667 0.068376
13 0.595000 0.606838 0.036667 0.068376
2 0.669167 0.709402 0.021667 0.068376
11 0.670000 0.401709 0.036667 0.068376
0 0.669167 0.299145 0.021667 0.068376
12 0.745000 0.401709 0.036667 0.068376
1 0.744167 0.811966 0.021667 0.068376
0 0.819167 0.401709 0.021667 0.068376
7 0.819167 0.606838 0.021667 0.068376
5 0.819167 0.299145 0.021667 0.068376
1 0.819167 0.709402 0.021667 0.068376
7 0.819167 0.811966 0.021667 0.068376
14 0.895000 0.299145 0.036667 0.068376
6 0.894167 0.504274 0.021667 0.068376
17 0.895000 0.401709 0.036667 0.068376
