1 0.102941 0.503378 0.015294 0.087838
0 0.158235 0.138514 0.015294 0.087838
0 0.158235 0.260135 0.015294 0.087838
0 0.158235 0.503378 0.015294 0.087838
6 0.158235 0.746622 0.015294 0.087838
12 0.212941 0.260135 0.025882 0.087838
13 0.212941 0.138514 0.025882 0.087838
0 0.267647 0.381757 0.015294 0.087838
4 0.267647 0.260135 0.015294 0.087838
5 0.321765 0.503378 0.015294 0.087838
24 0.376471 0.381757 0.025882 0.087838
2 0.431176 0.625000 0.015294 0.087838
1 0.486471 0.381757 0.015294 0.087838
28 0.486471 0.138514 0.038824 0.087838
6 0.540588 0.260135 0.015294 0.087838
9 0.540588 0.746622 0.015294 0.087838
0 0.595882 0.625000 0.015294 0.087838
0 0.595882 0.260135 0.015294 0.087838
0 0.650000 0.138514 0.015294 0.087838
22 0.704706 0.138514 0.025882 0.087838
15 0.704706 0.625000 0.025882 0.087838
28 0.759412 0.138514 0.038824 0.087838
17 0.760000 0.746622 0.025882 0.087838
17 0.814118 0.260135 0.025882 0.087838
7 0.814706 0.746622 0.015294 0.087838
3 0.868824 0.381757 0.015294 0.087838
1 0.868824 0.260135 0.015294 0.087838
7 0.924118 0.260135 0.015294 0.087838
