10 0.103529 0.125000 0.021176 0.075000
9 0.102941 0.625000 0.012941 0.075000
0 0.102941 0.375000 0.012941 0.075000
3 0.102941 0.500000 0.012941 0.075000
2 0.158235 0.125000 0.012941 0.075000
7 0.158235 0.375000 0.012941 0.075000
18 0.157647 0.500000 0.021176 0.075000
2 0.212353 0.500000 0.012941 0.075000
0 0.212353 0.750000 0.012941 0.075000
19 0.212941 0.625000 0.021176 0.075000
14 0.212941 0.125000 0.021176 0.075000
7 0.267647 0.625000 0.012941 0.075000
2 0.267647 0.125000 0.012941 0.075000
20 0.322353 0.250000 0.021176 0.075000
0 0.321765 0.750000 0.012941 0.075000
0 0.377059 0.750000 0.012941 0.075000
6 0.431176 0.500000 0.012941 0.075000
22 0.431765 0.375000 0.021176 0.075000
12 0.485882 0.375000 0.021176 0.075000
1 0.486471 0.500000 0.012941 0.075000
3 0.486471 0.750000 0.012941 0.075000
16 0.485882 0.625000 0.021176 0.075000
3 0.486471 0.125000 0.012941 0.075000
12 0.541176 0.125000 0.021176 0.075000
27 0.540588 0.750000 0.012941 0.062500
5 0.540588 0.500000 0.012941 0.075000
10 0.541176 0.375000 0.021176 0.075000
0 0.595882 0.750000 0.012941 0.075000
2 0.650000 0.250000 0.012941 0.075000
28 0.650588 0.503125 0.037647 0.081250
0 0.650000 0.625000 0.012941 0.075000
7 0.705294 0.375000 0.012941 0.075000
24 0.760000 0.375000 0.021176 0.075000
18 0.760000 0.500000 0.021176 0.075000
5 0.759412 0.125000 0.012941 0.075000
20 0.760000 0.750000 0.021176 0.075000
10 0.814118 0.250000 0.021176 0.075000
0 0.814706 0.500000 0.012941 0.075000
14 0.814118 0.125000 0.021176 0.075000
0 0.814706 0.625000 0.012941 0.075000
19 0.814118 0.750000 0.021176 0.075000
10 0.869412 0.625000 0.021176 0.075000
19 0.869412 0.250000 0.021176 0.075000
0 0.868824 0.500000 0.012941 0.075000
3 0.924118 0.250000 0.012941 0.075000
7 0.924118 0.125000 0.012941 0.075000
9 0.924118 0.750000 0.012941 0.075000
0 0.924118 0.625000 0.012941 0.075000
