19 0.170000 0.806452 0.030000 0.075269
4 0.269167 0.462366 0.018333 0.075269
2 0.269167 0.806452 0.018333 0.075269
23 0.270000 0.548387 0.030000 0.075269
3 0.369167 0.376344 0.018333 0.075269
11 0.370000 0.634409 0.030000 0.075269
3 0.369167 0.720430 0.018333 0.075269
0 0.469167 0.720430 0.018333 0.075269
3 0.469167 0.634409 0.018333 0.075269
28 0.470000 0.806452 0.056667 0.075269
10 0.470000 0.548387 0.030000 0.075269
0 0.469167 0.462366 0.018333 0.075269
0 0.569167 0.462366 0.018333 0.075269
2 0.669167 0.720430 0.018333 0.075269
3 0.669167 0.548387 0.018333 0.075269
10 0.770000 0.376344 0.030000 0.075269
19 0.770000 0.548387 0.030000 0.075269
10 0.870000 0.548387 0.030000 0.075269
27 0.869167 0.723118 0.018333 0.059140
13 0.870000 0.462366 0.030000 0.075269
