5 0.198333 0.502717 0.023333 0.081522
2 0.198333 0.763587 0.023333 0.081522
3 0.326667 0.502717 0.023333 0.081522
0 0.455000 0.633152 0.023333 0.081522
0 0.455000 0.241848 0.023333 0.081522
11 0.583333 0.633152 0.040000 0.081522
8 0.583333 0.372283 0.023333 0.081522
6 0.583333 0.241848 0.023333 0.081522
14 0.583333 0.111413 0.040000 0.081522
7 0.583333 0.763587 0.023333 0.081522
3 0.711667 0.372283 0.023333 0.081522
15 0.711667 0.241848 0.040000 0.081522
11 0.840000 0.502717 0.040000 0.081522
11 0.840000 0.111413 0.040000 0.081522
