28 0.160000 0.811905 0.050000 0.071429
19 0.160000 0.430952 0.033333 0.071429
4 0.250000 0.335714 0.020000 0.071429
7 0.250000 0.716667 0.020000 0.071429
11 0.250000 0.526190 0.033333 0.071429
6 0.340000 0.526190 0.020000 0.071429
16 0.340000 0.716667 0.033333 0.071429
18 0.340000 0.335714 0.033333 0.071429
27 0.430000 0.811905 0.020000 0.052381
0 0.520000 0.335714 0.020000 0.071429
9 0.520000 0.811905 0.020000 0.071429
11 0.520000 0.526190 0.033333 0.071429
5 0.610000 0.335714 0.020000 0.071429
11 0.610000 0.430952 0.033333 0.071429
21 0.700000 0.716667 0.033333 0.071429
7 0.700000 0.430952 0.020000 0.071429
3 0.700000 0.811905 0.020000 0.071429
5 0.790000 0.526190 0.020000 0.071429
21 0.790000 0.716667 0.033333 0.071429
3 0.790000 0.621429 0.020000 0.071429
0 0.790000 0.335714 0.020000 0.071429
7 0.880000 0.811905 0.020000 0.071429
3 0.880000 0.716667 0.020000 0.071429
0 0.880000 0.621429 0.020000 0.071429
