24 0.181667 0.625000 0.033333 0.087838
22 0.181667 0.138514 0.033333 0.087838
4 0.295000 0.625000 0.020000 0.087838
5 0.406667 0.625000 0.020000 0.087838
9 0.406667 0.260135 0.020000 0.087838
28 0.520000 0.381757 0.046667 0.087838
20 0.520000 0.625000 0.033333 0.087838
21 0.631667 0.625000 0.033333 0.087838
0 0.631667 0.746622 0.020000 0.087838
0 0.631667 0.381757 0.020000 0.087838
5 0.745000 0.503378 0.020000 0.087838
11 0.745000 0.381757 0.033333 0.087838
3 0.745000 0.746622 0.020000 0.087838
27 0.856667 0.746622 0.020000 0.074324
19 0.856667 0.138514 0.033333 0.087838
0 0.856667 0.260135 0.020000 0.087838
