28 0.110000 0.264706 0.040000 0.102941
1 0.110000 0.735294 0.015000 0.102941
23 0.110000 0.617647 0.025000 0.102941
0 0.167500 0.617647 0.015000 0.102941
4 0.167500 0.500000 0.015000 0.102941
0 0.225000 0.147059 0.015000 0.102941
5 0.225000 0.382353 0.015000 0.102941
20 0.225000 0.264706 0.025000 0.102941
16 0.225000 0.617647 0.025000 0.102941
24 0.225000 0.500000 0.025000 0.102941
0 0.283750 0.147059 0.015000 0.102941
5 0.341250 0.382353 0.015000 0.102941
5 0.341250 0.617647 0.015000 0.102941
0 0.398750 0.735294 0.015000 0.102941
27 0.456875 0.500000 0.013750 0.088235
7 0.515000 0.382353 0.015000 0.102941
0 0.572500 0.264706 0.015000 0.102941
28 0.630000 0.500000 0.050000 0.102941
18 0.630000 0.264706 0.025000 0.102941
23 0.630000 0.617647 0.025000 0.102941
7 0.687500 0.735294 0.015000 0.102941
12 0.746250 0.382353 0.025000 0.102941
27 0.803125 0.735294 0.013750 0.088235
2 0.803750 0.617647 0.015000 0.102941
23 0.803750 0.382353 0.025000 0.102941
18 0.861250 0.264706 0.025000 0.102941
12 0.918750 0.382353 0.025000 0.102941
0 0.918750 0.264706 0.015000 0.102941
