0 0.159167 0.750000 0.021667 0.087500
10 0.160000 0.250000 0.036667 0.087500
7 0.159167 0.625000 0.021667 0.087500
9 0.249167 0.500000 0.021667 0.087500
15 0.250000 0.625000 0.036667 0.087500
2 0.339167 0.375000 0.021667 0.087500
5 0.429167 0.125000 0.021667 0.087500
0 0.519167 0.375000 0.021667 0.087500
5 0.609167 0.625000 0.021667 0.087500
3 0.609167 0.750000 0.021667 0.087500
11 0.610000 0.500000 0.036667 0.087500
10 0.700000 0.125000 0.036667 0.087500
5 0.789167 0.625000 0.021667 0.087500
15 0.790000 0.125000 0.036667 0.087500
10 0.880000 0.500000 0.036667 0.087500
11 0.880000 0.750000 0.036667 0.087500
0 0.879167 0.250000 0.021667 0.087500
8 0.879167 0.125000 0.021667 0.087500
8 0.879167 0.375000 0.021667 0.087500
