5 0.109375 0.811966 0.013750 0.059829
14 0.110000 0.608974 0.022500 0.055556
11 0.110000 0.506410 0.022500 0.055556
11 0.110000 0.403846 0.022500 0.055556
17 0.167500 0.301282 0.022500 0.055556
5 0.168125 0.606838 0.013750 0.059829
3 0.168125 0.506410 0.013750 0.055556
3 0.168125 0.403846 0.013750 0.055556
14 0.167500 0.814103 0.022500 0.055556
28 0.225625 0.301282 0.031250 0.055556
0 0.225625 0.506410 0.013750 0.055556
9 0.225625 0.814103 0.013750 0.055556
21 0.225000 0.711538 0.022500 0.055556
9 0.283125 0.301282 0.013750 0.055556
0 0.283125 0.814103 0.013750 0.055556
0 0.340625 0.814103 0.013750 0.055556
0 0.399375 0.711538 0.013750 0.055556
6 0.456875 0.711538 0.013750 0.055556
3 0.456875 0.608974 0.013750 0.055556
9 0.456875 0.301282 0.013750 0.055556
11 0.515000 0.301282 0.022500 0.055556
5 0.514375 0.709402 0.013750 0.059829
8 0.571875 0.403846 0.013750 0.055556
4 0.571875 0.711538 0.013750 0.055556
10 0.572500 0.301282 0.022500 0.055556
0 0.571875 0.608974 0.013750 0.055556
17 0.630000 0.403846 0.022500 0.055556
18 0.630000 0.301282 0.022500 0.055556
2 0.630625 0.608974 0.013750 0.055556
27 0.687500 0.504274 0.012500 0.042735
18 0.687500 0.608974 0.022500 0.055556
27 0.746250 0.709402 0.012500 0.042735
0 0.745625 0.506410 0.013750 0.055556
24 0.746250 0.814103 0.022500 0.055556
0 0.745625 0.301282 0.013750 0.055556
18 0.803750 0.506410 0.022500 0.055556
0 0.803125 0.711538 0.013750 0.055556
8 0.803125 0.301282 0.013750 0.055556
1 0.861875 0.608974 0.013750 0.055556
0 0.861875 0.711538 0.013750 0.055556
1 0.919375 0.403846 0.013750 0.055556
