1 0.117333 0.260135 0.016000 0.087838
27 0.116667 0.621622 0.017333 0.067568
0 0.117333 0.503378 0.016000 0.087838
27 0.178000 0.135135 0.017333 0.067568
0 0.178667 0.503378 0.016000 0.087838
0 0.178667 0.746622 0.016000 0.087838
18 0.178667 0.260135 0.026667 0.087838
0 0.178667 0.381757 0.016000 0.087838
10 0.240000 0.746622 0.026667 0.087838
8 0.301333 0.260135 0.016000 0.087838
11 0.301333 0.138514 0.026667 0.087838
11 0.362667 0.503378 0.026667 0.087838
12 0.424000 0.746622 0.026667 0.087838
23 0.485333 0.746622 0.026667 0.087838
1 0.546667 0.625000 0.016000 0.087838
5 0.546667 0.260135 0.016000 0.087838
12 0.608000 0.503378 0.026667 0.087838
2 0.669333 0.746622 0.016000 0.087838
4 0.669333 0.503378 0.016000 0.087838
7 0.669333 0.381757 0.016000 0.087838
0 0.730667 0.503378 0.016000 0.087838
8 0.730667 0.625000 0.016000 0.087838
15 0.730667 0.746622 0.026667 0.087838
16 0.730667 0.138514 0.026667 0.087838
0 0.730667 0.381757 0.016000 0.087838
5 0.792000 0.746622 0.016000 0.087838
0 0.792000 0.381757 0.016000 0.087838
17 0.792000 0.503378 0.026667 0.087838
28 0.853333 0.138514 0.050667 0.087838
4 0.853333 0.625000 0.016000 0.087838
9 0.914667 0.260135 0.016000 0.087838
0 0.914667 0.138514 0.016000 0.087838
2 0.914667 0.381757 0.016000 0.087838
2 0.914667 0.625000 0.016000 0.087838
