24 0.145000 0.444444 0.040000 0.070707
8 0.220000 0.808081 0.023333 0.070707
28 0.220000 0.446970 0.056667 0.075758
16 0.220000 0.626263 0.040000 0.070707
0 0.220000 0.353535 0.023333 0.070707
4 0.220000 0.535354 0.023333 0.070707
10 0.295000 0.353535 0.040000 0.070707
0 0.295000 0.444444 0.023333 0.070707
0 0.370000 0.353535 0.023333 0.070707
21 0.370000 0.808081 0.040000 0.070707
12 0.445000 0.808081 0.040000 0.070707
0 0.445000 0.717172 0.023333 0.070707
0 0.445000 0.535354 0.023333 0.070707
19 0.520000 0.353535 0.040000 0.070707
5 0.520000 0.444444 0.023333 0.070707
0 0.520000 0.717172 0.023333 0.070707
12 0.520000 0.808081 0.040000 0.070707
18 0.595000 0.353535 0.040000 0.070707
13 0.595000 0.535354 0.040000 0.070707
3 0.670000 0.808081 0.023333 0.070707
7 0.745000 0.353535 0.023333 0.070707
0 0.745000 0.717172 0.023333 0.070707
1 0.820000 0.535354 0.023333 0.070707
20 0.820000 0.717172 0.040000 0.070707
2 0.895000 0.353535 0.023333 0.070707
2 0.895000 0.444444 0.023333 0.070707
7 0.895000 0.808081 0.023333 0.070707
24 0.895000 0.717172 0.040000 0.070707
