7 0.124286 0.382353 0.014286 0.088235
20 0.190000 0.735294 0.022857 0.088235
24 0.190000 0.500000 0.022857 0.088235
11 0.190000 0.617647 0.022857 0.088235
5 0.190000 0.264706 0.014286 0.088235
10 0.190000 0.147059 0.022857 0.088235
12 0.255714 0.382353 0.022857 0.088235
9 0.255714 0.264706 0.014286 0.088235
20 0.320000 0.264706 0.022857 0.088235
0 0.320000 0.735294 0.014286 0.088235
10 0.385714 0.500000 0.022857 0.088235
0 0.385714 0.264706 0.014286 0.088235
10 0.385714 0.735294 0.022857 0.088235
20 0.451429 0.264706 0.022857 0.088235
14 0.451429 0.147059 0.022857 0.088235
4 0.517143 0.735294 0.014286 0.088235
21 0.517143 0.500000 0.022857 0.088235
22 0.581429 0.500000 0.022857 0.088235
5 0.581429 0.382353 0.014286 0.088235
12 0.647143 0.735294 0.022857 0.088235
28 0.647143 0.264706 0.031429 0.088235
2 0.712857 0.735294 0.014286 0.088235
3 0.712857 0.500000 0.014286 0.088235
0 0.712857 0.147059 0.014286 0.088235
5 0.712857 0.382353 0.014286 0.088235
3 0.777143 0.382353 0.014286 0.088235
0 0.777143 0.147059 0.014286 0.088235
0 0.777143 0.735294 0.014286 0.088235
27 0.777857 0.500000 0.012857 0.073529
16 0.842857 0.500000 0.022857 0.088235
14 0.842857 0.264706 0.022857 0.088235
5 0.842857 0.617647 0.014286 0.088235
5 0.908571 0.617647 0.014286 0.088235
0 0.908571 0.147059 0.014286 0.088235
17 0.908571 0.500000 0.022857 0.088235
0 0.908571 0.264706 0.014286 0.088235
21 0.908571 0.735294 0.022857 0.088235
