18 0.124286 0.268382 0.022857 0.095588
9 0.124286 0.503676 0.014286 0.095588
0 0.190000 0.386029 0.014286 0.095588
0 0.190000 0.503676 0.014286 0.095588
28 0.190000 0.738971 0.042857 0.095588
11 0.190000 0.621324 0.022857 0.095588
5 0.255714 0.503676 0.014286 0.095588
12 0.255714 0.621324 0.022857 0.095588
0 0.320000 0.503676 0.014286 0.095588
0 0.385714 0.503676 0.014286 0.095588
28 0.385714 0.386029 0.034286 0.095588
4 0.385714 0.268382 0.014286 0.095588
1 0.451429 0.621324 0.014286 0.095588
10 0.451429 0.268382 0.022857 0.095588
1 0.451429 0.150735 0.014286 0.095588
23 0.451429 0.738971 0.022857 0.095588
4 0.517143 0.738971 0.014286 0.095588
3 0.517143 0.503676 0.014286 0.095588
0 0.517143 0.621324 0.014286 0.095588
23 0.517143 0.386029 0.022857 0.095588
0 0.581429 0.738971 0.014286 0.095588
14 0.581429 0.150735 0.022857 0.095588
11 0.647143 0.386029 0.022857 0.095588
5 0.647143 0.503676 0.014286 0.095588
10 0.647143 0.268382 0.022857 0.095588
7 0.647143 0.738971 0.014286 0.095588
10 0.712857 0.150735 0.022857 0.095588
4 0.712857 0.738971 0.014286 0.095588
23 0.712857 0.621324 0.022857 0.095588
23 0.777143 0.738971 0.022857 0.095588
27 0.777143 0.617647 0.014286 0.073529
15 0.842857 0.386029 0.022857 0.095588
0 0.908571 0.738971 0.014286 0.095588
28 0.908571 0.386029 0.034286 0.095588
