16 0.170000 0.746622 0.033333 0.087838
1 0.170000 0.381757 0.020000 0.087838
2 0.170000 0.138514 0.020000 0.087838
5 0.170000 0.503378 0.020000 0.087838
10 0.170000 0.260135 0.033333 0.087838
2 0.270000 0.381757 0.020000 0.087838
5 0.270000 0.746622 0.020000 0.087838
2 0.270000 0.625000 0.020000 0.087838
12 0.370000 0.746622 0.033333 0.087838
0 0.370000 0.625000 0.020000 0.087838
0 0.370000 0.260135 0.020000 0.087838
17 0.470000 0.625000 0.033333 0.087838
7 0.470000 0.260135 0.020000 0.087838
2 0.570000 0.138514 0.020000 0.087838
0 0.570000 0.381757 0.020000 0.087838
5 0.670000 0.746622 0.020000 0.087838
7 0.670000 0.138514 0.020000 0.087838
0 0.770000 0.381757 0.020000 0.087838
22 0.770000 0.260135 0.033333 0.087838
0 0.770000 0.138514 0.020000 0.087838
11 0.870000 0.503378 0.033333 0.087838
18 0.870000 0.746622 0.033333 0.087838
7 0.870000 0.260135 0.020000 0.087838
