9 0.151667 0.621429 0.023333 0.080952
3 0.151667 0.430952 0.023333 0.080952
8 0.151667 0.716667 0.023333 0.080952
14 0.233333 0.335714 0.040000 0.080952
0 0.233333 0.526190 0.023333 0.080952
16 0.233333 0.430952 0.040000 0.080952
0 0.315000 0.716667 0.023333 0.080952
5 0.315000 0.811905 0.023333 0.080952
5 0.396667 0.621429 0.023333 0.080952
1 0.396667 0.526190 0.023333 0.080952
15 0.396667 0.811905 0.040000 0.080952
13 0.396667 0.335714 0.040000 0.080952
7 0.478333 0.716667 0.023333 0.080952
27 0.477500 0.428571 0.021667 0.066667
0 0.560000 0.811905 0.023333 0.080952
10 0.560000 0.526190 0.040000 0.080952
12 0.560000 0.621429 0.040000 0.080952
9 0.560000 0.335714 0.023333 0.080952
11 0.560000 0.430952 0.040000 0.080952
0 0.641667 0.335714 0.023333 0.080952
7 0.641667 0.716667 0.023333 0.080952
23 0.723333 0.526190 0.040000 0.080952
0 0.723333 0.716667 0.023333 0.080952
9 0.805000 0.811905 0.023333 0.080952
0 0.805000 0.335714 0.023333 0.080952
2 0.886667 0.716667 0.023333 0.080952
5 0.886667 0.526190 0.023333 0.080952
14 0.886667 0.621429 0.040000 0.080952
0 0.886667 0.811905 0.023333 0.080952
