0 0.145000 0.548387 0.016667 0.064516
0 0.145000 0.720430 0.016667 0.064516
6 0.145000 0.376344 0.016667 0.064516
10 0.145000 0.462366 0.026667 0.064516
7 0.145000 0.806452 0.016667 0.064516
24 0.220000 0.720430 0.026667 0.064516
9 0.220000 0.462366 0.016667 0.064516
2 0.220000 0.806452 0.016667 0.064516
7 0.220000 0.634409 0.016667 0.064516
0 0.295000 0.634409 0.016667 0.064516
14 0.295000 0.548387 0.026667 0.064516
5 0.370000 0.462366 0.016667 0.064516
15 0.370000 0.720430 0.026667 0.064516
5 0.370000 0.376344 0.016667 0.064516
8 0.370000 0.806452 0.016667 0.064516
3 0.370000 0.634409 0.016667 0.064516
5 0.445000 0.720430 0.016667 0.064516
21 0.520000 0.548387 0.026667 0.064516
5 0.595000 0.720430 0.016667 0.064516
3 0.595000 0.548387 0.016667 0.064516
0 0.595000 0.634409 0.016667 0.064516
16 0.670000 0.376344 0.026667 0.064516
4 0.670000 0.634409 0.016667 0.064516
14 0.670000 0.806452 0.026667 0.064516
12 0.670000 0.720430 0.026667 0.064516
0 0.745000 0.720430 0.016667 0.064516
0 0.745000 0.806452 0.016667 0.064516
23 0.745000 0.462366 0.026667 0.064516
18 0.745000 0.634409 0.026667 0.064516
6 0.820000 0.376344 0.016667 0.064516
7 0.820000 0.462366 0.016667 0.064516
0 0.895000 0.806452 0.016667 0.064516
7 0.895000 0.376344 0.016667 0.064516
17 0.895000 0.634409 0.026667 0.064516
