6 0.160000 0.247093 0.020000 0.075581
0 0.250000 0.630814 0.020000 0.075581
19 0.250000 0.247093 0.033333 0.075581
10 0.340000 0.375000 0.033333 0.075581
13 0.430000 0.247093 0.033333 0.075581
10 0.520000 0.630814 0.033333 0.075581
28 0.520000 0.375000 0.050000 0.075581
6 0.610000 0.502907 0.020000 0.075581
2 0.610000 0.247093 0.020000 0.075581
8 0.610000 0.375000 0.020000 0.075581
28 0.610000 0.630814 0.050000 0.075581
19 0.700000 0.758721 0.033333 0.075581
19 0.790000 0.630814 0.033333 0.075581
1 0.790000 0.119186 0.020000 0.075581
7 0.880000 0.247093 0.020000 0.075581
11 0.880000 0.119186 0.033333 0.075581
