4 0.133077 0.462366 0.023077 0.086022
6 0.133077 0.376344 0.023077 0.086022
28 0.203077 0.548387 0.076923 0.086022
11 0.203077 0.806452 0.040000 0.086022
3 0.203846 0.634409 0.023077 0.086022
14 0.203077 0.462366 0.040000 0.086022
2 0.273077 0.806452 0.023077 0.086022
7 0.273077 0.634409 0.023077 0.086022
0 0.273077 0.376344 0.023077 0.086022
18 0.343077 0.462366 0.040000 0.086022
12 0.412308 0.634409 0.040000 0.086022
0 0.482308 0.806452 0.023077 0.086022
13 0.483077 0.462366 0.040000 0.086022
9 0.482308 0.376344 0.023077 0.086022
12 0.552308 0.806452 0.040000 0.086022
14 0.552308 0.634409 0.040000 0.086022
0 0.553077 0.376344 0.023077 0.086022
1 0.553077 0.548387 0.023077 0.086022
7 0.622308 0.376344 0.023077 0.086022
14 0.692308 0.376344 0.040000 0.086022
0 0.691538 0.462366 0.023077 0.086022
8 0.691538 0.720430 0.023077 0.086022
28 0.762308 0.548387 0.060000 0.086022
28 0.831538 0.720430 0.060000 0.086022
20 0.832308 0.548387 0.040000 0.086022
10 0.901538 0.462366 0.040000 0.086022
