7 0.159167 0.376344 0.018333 0.064516
2 0.159167 0.462366 0.018333 0.064516
7 0.159167 0.634409 0.018333 0.064516
15 0.250000 0.634409 0.030000 0.064516
9 0.249167 0.462366 0.018333 0.064516
2 0.339167 0.806452 0.018333 0.064516
9 0.429167 0.376344 0.018333 0.064516
28 0.519167 0.462366 0.038333 0.064516
8 0.519167 0.376344 0.018333 0.064516
20 0.520000 0.634409 0.030000 0.064516
0 0.609167 0.376344 0.018333 0.064516
0 0.609167 0.548387 0.018333 0.064516
8 0.609167 0.720430 0.018333 0.064516
0 0.609167 0.806452 0.018333 0.064516
7 0.699167 0.720430 0.018333 0.064516
20 0.700000 0.806452 0.030000 0.064516
7 0.789167 0.376344 0.018333 0.064516
13 0.790000 0.548387 0.030000 0.064516
9 0.879167 0.376344 0.018333 0.064516
