17 0.124286 0.502717 0.028571 0.070652
3 0.124286 0.241848 0.017143 0.070652
0 0.124286 0.633152 0.017143 0.070652
7 0.190000 0.633152 0.017143 0.070652
14 0.190000 0.241848 0.028571 0.070652
22 0.190000 0.502717 0.028571 0.070652
23 0.255714 0.633152 0.028571 0.070652
19 0.320000 0.372283 0.028571 0.070652
12 0.320000 0.502717 0.028571 0.070652
0 0.385714 0.372283 0.017143 0.070652
19 0.385714 0.241848 0.028571 0.070652
22 0.385714 0.111413 0.028571 0.070652
23 0.451429 0.111413 0.028571 0.070652
14 0.451429 0.241848 0.028571 0.070652
0 0.517143 0.241848 0.017143 0.070652
2 0.517143 0.111413 0.017143 0.070652
0 0.581429 0.763587 0.017143 0.070652
6 0.581429 0.372283 0.017143 0.070652
3 0.581429 0.111413 0.017143 0.070652
9 0.647143 0.763587 0.017143 0.070652
11 0.647143 0.241848 0.028571 0.070652
10 0.712857 0.372283 0.028571 0.070652
5 0.777143 0.763587 0.017143 0.070652
5 0.777143 0.372283 0.017143 0.070652
19 0.777143 0.502717 0.028571 0.070652
2 0.842857 0.241848 0.017143 0.070652
1 0.842857 0.502717 0.017143 0.070652
15 0.842857 0.633152 0.028571 0.070652
0 0.908571 0.241848 0.017143 0.070652
10 0.908571 0.763587 0.028571 0.070652
