12 0.181667 0.244186 0.033333 0.081395
1 0.181667 0.755814 0.020000 0.081395
8 0.295000 0.755814 0.020000 0.081395
8 0.295000 0.500000 0.020000 0.081395
28 0.295000 0.244186 0.063333 0.081395
10 0.295000 0.627907 0.033333 0.081395
2 0.406667 0.500000 0.020000 0.081395
19 0.406667 0.244186 0.033333 0.081395
7 0.406667 0.627907 0.020000 0.081395
0 0.406667 0.372093 0.020000 0.081395
23 0.520000 0.116279 0.033333 0.081395
23 0.520000 0.500000 0.033333 0.081395
28 0.631667 0.244186 0.050000 0.081395
17 0.631667 0.627907 0.033333 0.081395
9 0.745000 0.500000 0.020000 0.081395
7 0.745000 0.244186 0.020000 0.081395
1 0.745000 0.627907 0.020000 0.081395
15 0.856667 0.244186 0.033333 0.081395
9 0.856667 0.372093 0.020000 0.081395
28 0.856667 0.500000 0.063333 0.081395
