24 0.117333 0.626263 0.024000 0.070707
16 0.117333 0.444444 0.024000 0.070707
22 0.117333 0.353535 0.024000 0.070707
22 0.117333 0.717172 0.024000 0.070707
6 0.178000 0.717172 0.014667 0.070707
0 0.178000 0.626263 0.014667 0.070707
14 0.178667 0.353535 0.024000 0.070707
0 0.178000 0.535354 0.014667 0.070707
7 0.239333 0.808081 0.014667 0.070707
5 0.239333 0.535354 0.014667 0.070707
5 0.300667 0.353535 0.014667 0.070707
10 0.301333 0.717172 0.024000 0.070707
4 0.300667 0.626263 0.014667 0.070707
15 0.362667 0.808081 0.024000 0.070707
1 0.423333 0.353535 0.014667 0.070707
24 0.424000 0.808081 0.024000 0.070707
19 0.424000 0.535354 0.024000 0.070707
7 0.484667 0.444444 0.014667 0.070707
10 0.485333 0.808081 0.024000 0.070707
0 0.546000 0.444444 0.014667 0.070707
9 0.546000 0.535354 0.014667 0.070707
0 0.607333 0.444444 0.014667 0.070707
0 0.668667 0.444444 0.014667 0.070707
3 0.668667 0.535354 0.014667 0.070707
10 0.730667 0.353535 0.024000 0.070707
0 0.730000 0.444444 0.014667 0.070707
17 0.730667 0.626263 0.024000 0.070707
10 0.792000 0.444444 0.024000 0.070707
1 0.791333 0.808081 0.014667 0.070707
3 0.791333 0.717172 0.014667 0.070707
5 0.852667 0.353535 0.014667 0.070707
2 0.852667 0.808081 0.014667 0.070707
20 0.853333 0.535354 0.024000 0.070707
28 0.853333 0.626263 0.045333 0.070707
20 0.914667 0.626263 0.024000 0.070707
