0 0.133077 0.375000 0.016923 0.075581
0 0.203846 0.502907 0.016923 0.075581
28 0.203846 0.630814 0.044615 0.075581
13 0.203077 0.119186 0.027692 0.075581
4 0.273077 0.630814 0.016923 0.075581
3 0.343846 0.375000 0.016923 0.075581
22 0.343077 0.247093 0.027692 0.075581
4 0.343846 0.630814 0.016923 0.075581
0 0.343846 0.758721 0.016923 0.075581
2 0.413077 0.119186 0.016923 0.075581
18 0.412308 0.758721 0.027692 0.075581
11 0.412308 0.247093 0.027692 0.075581
19 0.483077 0.502907 0.027692 0.075581
15 0.483077 0.247093 0.027692 0.075581
27 0.552308 0.375000 0.015385 0.063953
3 0.553077 0.630814 0.016923 0.075581
0 0.553077 0.502907 0.016923 0.075581
9 0.622308 0.247093 0.016923 0.075581
9 0.622308 0.630814 0.016923 0.075581
6 0.622308 0.502907 0.016923 0.075581
2 0.691538 0.119186 0.016923 0.075581
0 0.691538 0.375000 0.016923 0.075581
27 0.692308 0.247093 0.015385 0.063953
10 0.761538 0.758721 0.027692 0.075581
19 0.761538 0.119186 0.027692 0.075581
15 0.761538 0.375000 0.027692 0.075581
0 0.831538 0.119186 0.016923 0.075581
14 0.832308 0.758721 0.027692 0.075581
5 0.902308 0.758721 0.016923 0.075581
0 0.902308 0.247093 0.016923 0.075581
