4 0.117333 0.753125 0.018667 0.093750
4 0.117333 0.503125 0.018667 0.093750
0 0.117333 0.253125 0.018667 0.093750
23 0.117333 0.628125 0.032000 0.093750
20 0.117333 0.378125 0.032000 0.093750
6 0.178667 0.753125 0.018667 0.093750
5 0.240000 0.753125 0.018667 0.093750
2 0.301333 0.628125 0.018667 0.093750
12 0.301333 0.503125 0.032000 0.093750
5 0.301333 0.378125 0.018667 0.093750
7 0.301333 0.753125 0.018667 0.093750
12 0.362667 0.378125 0.032000 0.093750
5 0.424000 0.753125 0.018667 0.093750
0 0.485333 0.253125 0.018667 0.093750
11 0.485333 0.628125 0.032000 0.093750
0 0.485333 0.128125 0.018667 0.093750
9 0.546667 0.253125 0.018667 0.093750
9 0.546667 0.378125 0.018667 0.093750
0 0.546667 0.753125 0.018667 0.093750
24 0.546667 0.128125 0.032000 0.093750
18 0.608000 0.378125 0.032000 0.093750
28 0.608000 0.753125 0.058667 0.093750
5 0.608000 0.128125 0.018667 0.093750
0 0.669333 0.628125 0.018667 0.093750
27 0.669333 0.753125 0.018667 0.081250
2 0.669333 0.128125 0.018667 0.093750
4 0.730667 0.128125 0.018667 0.093750
15 0.730667 0.378125 0.032000 0.093750
1 0.792000 0.378125 0.018667 0.093750
0 0.853333 0.753125 0.018667 0.093750
5 0.853333 0.503125 0.018667 0.093750
15 0.853333 0.628125 0.032000 0.093750
7 0.853333 0.378125 0.018667 0.093750
0 0.853333 0.253125 0.018667 0.093750
5 0.914667 0.628125 0.018667 0.093750
27 0.914667 0.378125 0.018667 0.081250
