5 0.144167 0.241848 0.021667 0.070652
15 0.145000 0.763587 0.036667 0.070652
0 0.144167 0.633152 0.021667 0.070652
12 0.145000 0.111413 0.036667 0.070652
10 0.145000 0.502717 0.036667 0.070652
10 0.220000 0.502717 0.036667 0.070652
2 0.219167 0.111413 0.021667 0.070652
5 0.219167 0.372283 0.021667 0.070652
0 0.219167 0.241848 0.021667 0.070652
11 0.220000 0.633152 0.036667 0.070652
10 0.295000 0.633152 0.036667 0.070652
20 0.295000 0.502717 0.036667 0.070652
7 0.369167 0.111413 0.021667 0.070652
0 0.444167 0.241848 0.021667 0.070652
3 0.444167 0.502717 0.021667 0.070652
3 0.444167 0.633152 0.021667 0.070652
10 0.520000 0.633152 0.036667 0.070652
11 0.595000 0.372283 0.036667 0.070652
0 0.594167 0.633152 0.021667 0.070652
0 0.594167 0.241848 0.021667 0.070652
4 0.594167 0.763587 0.021667 0.070652
4 0.669167 0.763587 0.021667 0.070652
24 0.745000 0.502717 0.036667 0.070652
12 0.745000 0.111413 0.036667 0.070652
6 0.744167 0.372283 0.021667 0.070652
10 0.745000 0.763587 0.036667 0.070652
1 0.819167 0.633152 0.021667 0.070652
0 0.819167 0.372283 0.021667 0.070652
1 0.819167 0.502717 0.021667 0.070652
11 0.895000 0.763587 0.036667 0.070652
8 0.894167 0.502717 0.021667 0.070652
12 0.895000 0.241848 0.036667 0.070652
13 0.895000 0.111413 0.036667 0.070652
