18 0.151667 0.515766 0.033333 0.067568
17 0.233333 0.614865 0.033333 0.067568
2 0.233333 0.713964 0.020000 0.067568
6 0.315000 0.813063 0.020000 0.067568
16 0.315000 0.416667 0.033333 0.067568
7 0.396667 0.515766 0.020000 0.067568
4 0.396667 0.416667 0.020000 0.067568
17 0.396667 0.317568 0.033333 0.067568
7 0.478333 0.713964 0.020000 0.067568
21 0.560000 0.317568 0.033333 0.067568
0 0.560000 0.416667 0.020000 0.067568
2 0.641667 0.416667 0.020000 0.067568
4 0.641667 0.713964 0.020000 0.067568
0 0.641667 0.515766 0.020000 0.067568
23 0.641667 0.813063 0.033333 0.067568
22 0.723333 0.813063 0.033333 0.067568
2 0.805000 0.515766 0.020000 0.067568
4 0.886667 0.713964 0.020000 0.067568
22 0.886667 0.416667 0.033333 0.067568
