7 0.160000 0.428571 0.020000 0.066667
0 0.160000 0.714286 0.020000 0.066667
1 0.250000 0.714286 0.020000 0.066667
0 0.250000 0.523810 0.020000 0.066667
14 0.340000 0.714286 0.033333 0.066667
12 0.340000 0.333333 0.033333 0.066667
0 0.340000 0.619048 0.020000 0.066667
13 0.340000 0.428571 0.033333 0.066667
2 0.340000 0.523810 0.020000 0.066667
7 0.430000 0.809524 0.020000 0.066667
11 0.430000 0.619048 0.033333 0.066667
7 0.430000 0.333333 0.020000 0.066667
0 0.430000 0.714286 0.020000 0.066667
5 0.520000 0.333333 0.020000 0.066667
10 0.520000 0.714286 0.033333 0.066667
24 0.520000 0.809524 0.033333 0.066667
4 0.520000 0.619048 0.020000 0.066667
10 0.610000 0.523810 0.033333 0.066667
0 0.700000 0.523810 0.020000 0.066667
14 0.790000 0.428571 0.033333 0.066667
0 0.790000 0.523810 0.020000 0.066667
18 0.790000 0.619048 0.033333 0.066667
17 0.880000 0.714286 0.033333 0.066667
9 0.880000 0.523810 0.020000 0.066667
