10 0.198333 0.268382 0.040000 0.125000
28 0.198333 0.150735 0.076667 0.125000
5 0.198333 0.503676 0.023333 0.125000
1 0.198333 0.386029 0.023333 0.125000
7 0.326667 0.268382 0.023333 0.125000
1 0.455000 0.503676 0.023333 0.125000
8 0.455000 0.621324 0.023333 0.125000
22 0.455000 0.386029 0.040000 0.125000
10 0.455000 0.738971 0.040000 0.125000
0 0.583333 0.268382 0.023333 0.125000
14 0.583333 0.386029 0.040000 0.125000
1 0.583333 0.503676 0.023333 0.125000
0 0.583333 0.738971 0.023333 0.125000
0 0.711667 0.268382 0.023333 0.125000
18 0.711667 0.738971 0.040000 0.125000
28 0.711667 0.386029 0.060000 0.125000
0 0.840000 0.386029 0.023333 0.125000
21 0.840000 0.503676 0.040000 0.125000
