6 0.125000 0.811966 0.018571 0.059829
9 0.189286 0.504274 0.018571 0.059829
4 0.255000 0.709402 0.018571 0.059829
16 0.255714 0.811966 0.031429 0.059829
28 0.320714 0.709402 0.050000 0.059829
12 0.320000 0.299145 0.031429 0.059829
0 0.320714 0.504274 0.018571 0.059829
6 0.386429 0.299145 0.018571 0.059829
7 0.386429 0.401709 0.018571 0.059829
1 0.386429 0.504274 0.018571 0.059829
0 0.450714 0.504274 0.018571 0.059829
24 0.517143 0.504274 0.031429 0.059829
5 0.516429 0.401709 0.018571 0.059829
0 0.516429 0.709402 0.018571 0.059829
7 0.582143 0.504274 0.018571 0.059829
5 0.582143 0.709402 0.018571 0.059829
23 0.581429 0.401709 0.031429 0.059829
0 0.646429 0.709402 0.018571 0.059829
0 0.646429 0.401709 0.018571 0.059829
22 0.712857 0.504274 0.031429 0.059829
14 0.712857 0.811966 0.031429 0.059829
15 0.777143 0.709402 0.031429 0.059829
14 0.842857 0.504274 0.031429 0.059829
7 0.843571 0.299145 0.018571 0.059829
12 0.908571 0.401709 0.031429 0.059829
