0 0.124286 0.630814 0.020000 0.098837
5 0.124286 0.247093 0.020000 0.098837
10 0.190000 0.758721 0.034286 0.098837
8 0.255714 0.630814 0.020000 0.098837
5 0.255714 0.502907 0.020000 0.098837
3 0.255714 0.375000 0.020000 0.098837
8 0.255714 0.247093 0.020000 0.098837
5 0.255714 0.119186 0.020000 0.098837
22 0.320000 0.630814 0.034286 0.098837
0 0.320000 0.502907 0.020000 0.098837
5 0.385714 0.375000 0.020000 0.098837
0 0.385714 0.630814 0.020000 0.098837
21 0.451429 0.502907 0.034286 0.098837
10 0.517143 0.758721 0.034286 0.098837
6 0.581429 0.758721 0.020000 0.098837
28 0.647143 0.247093 0.051429 0.098837
16 0.647143 0.119186 0.034286 0.098837
11 0.712857 0.119186 0.034286 0.098837
28 0.712857 0.758721 0.065714 0.098837
2 0.777143 0.502907 0.020000 0.098837
5 0.777143 0.247093 0.020000 0.098837
28 0.777143 0.375000 0.051429 0.098837
12 0.777143 0.758721 0.034286 0.098837
1 0.842857 0.119186 0.020000 0.098837
18 0.908571 0.758721 0.034286 0.098837
10 0.908571 0.375000 0.034286 0.098837
28 0.908571 0.119186 0.051429 0.098837
