5 0.220000 0.301282 0.020000 0.055556
7 0.220000 0.608974 0.020000 0.055556
12 0.370000 0.301282 0.033333 0.055556
4 0.370000 0.814103 0.020000 0.055556
22 0.370000 0.403846 0.033333 0.055556
11 0.520000 0.403846 0.033333 0.055556
16 0.520000 0.711538 0.033333 0.055556
3 0.520000 0.301282 0.020000 0.055556
8 0.520000 0.608974 0.020000 0.055556
5 0.670000 0.506410 0.020000 0.055556
21 0.670000 0.403846 0.033333 0.055556
10 0.670000 0.711538 0.033333 0.055556
5 0.820000 0.403846 0.020000 0.055556
11 0.820000 0.608974 0.033333 0.055556
2 0.820000 0.711538 0.020000 0.055556
