7 0.151667 0.500000 0.023333 0.081395
2 0.151667 0.244186 0.023333 0.081395
5 0.151667 0.116279 0.023333 0.081395
4 0.233333 0.372093 0.023333 0.081395
17 0.233333 0.116279 0.040000 0.081395
8 0.315000 0.372093 0.023333 0.081395
0 0.315000 0.116279 0.023333 0.081395
4 0.396667 0.627907 0.023333 0.081395
10 0.396667 0.116279 0.040000 0.081395
9 0.478333 0.500000 0.023333 0.081395
7 0.560000 0.755814 0.023333 0.081395
15 0.560000 0.372093 0.040000 0.081395
4 0.560000 0.116279 0.023333 0.081395
8 0.560000 0.627907 0.023333 0.081395
5 0.641667 0.500000 0.023333 0.081395
10 0.723333 0.755814 0.040000 0.081395
0 0.805000 0.244186 0.023333 0.081395
1 0.886667 0.755814 0.023333 0.081395
1 0.886667 0.372093 0.023333 0.081395
