0 0.144167 0.353535 0.018333 0.070707
27 0.219167 0.810606 0.018333 0.055556
0 0.294167 0.444444 0.018333 0.070707
10 0.370000 0.535354 0.030000 0.070707
4 0.369167 0.353535 0.018333 0.070707
11 0.370000 0.626263 0.030000 0.070707
3 0.444167 0.717172 0.018333 0.070707
9 0.444167 0.353535 0.018333 0.070707
3 0.444167 0.626263 0.018333 0.070707
5 0.519167 0.717172 0.018333 0.070707
0 0.594167 0.444444 0.018333 0.070707
2 0.594167 0.808081 0.018333 0.070707
0 0.669167 0.626263 0.018333 0.070707
3 0.669167 0.444444 0.018333 0.070707
0 0.744167 0.626263 0.018333 0.070707
27 0.744167 0.537879 0.018333 0.055556
2 0.744167 0.808081 0.018333 0.070707
8 0.819167 0.626263 0.018333 0.070707
22 0.820000 0.353535 0.030000 0.070707
14 0.895000 0.626263 0.030000 0.070707
28 0.894167 0.808081 0.045000 0.070707
12 0.895000 0.444444 0.030000 0.070707
