8 0.125000 0.760870 0.018571 0.086957
23 0.124286 0.630435 0.031429 0.086957
28 0.189286 0.239130 0.047143 0.086957
10 0.190000 0.369565 0.031429 0.086957
1 0.189286 0.760870 0.018571 0.086957
1 0.255000 0.500000 0.018571 0.086957
0 0.320714 0.500000 0.018571 0.086957
7 0.320714 0.108696 0.018571 0.086957
27 0.320714 0.630435 0.018571 0.065217
0 0.320714 0.760870 0.018571 0.086957
7 0.386429 0.500000 0.018571 0.086957
0 0.386429 0.369565 0.018571 0.086957
18 0.385714 0.108696 0.031429 0.086957
4 0.450714 0.108696 0.018571 0.086957
17 0.451429 0.760870 0.031429 0.086957
13 0.451429 0.500000 0.031429 0.086957
8 0.516429 0.630435 0.018571 0.086957
20 0.517143 0.239130 0.031429 0.086957
0 0.516429 0.108696 0.018571 0.086957
13 0.581429 0.760870 0.031429 0.086957
0 0.582143 0.239130 0.018571 0.086957
8 0.646429 0.500000 0.018571 0.086957
5 0.646429 0.630435 0.018571 0.086957
28 0.646429 0.760870 0.047143 0.086957
24 0.647143 0.369565 0.031429 0.086957
2 0.712143 0.108696 0.018571 0.086957
7 0.712143 0.760870 0.018571 0.086957
0 0.777857 0.630435 0.018571 0.086957
3 0.777857 0.369565 0.018571 0.086957
27 0.777857 0.108696 0.018571 0.065217
3 0.843571 0.500000 0.018571 0.086957
0 0.843571 0.108696 0.018571 0.086957
5 0.907857 0.108696 0.018571 0.086957
