6 0.103529 0.617647 0.014118 0.102941
1 0.103529 0.735294 0.014118 0.102941
27 0.102941 0.150735 0.012941 0.080882
0 0.157647 0.500000 0.014118 0.102941
3 0.157647 0.735294 0.014118 0.102941
27 0.212353 0.268382 0.012941 0.080882
0 0.212941 0.147059 0.014118 0.102941
0 0.267059 0.264706 0.014118 0.102941
9 0.267059 0.617647 0.014118 0.102941
11 0.267059 0.382353 0.023529 0.102941
7 0.267059 0.735294 0.014118 0.102941
16 0.267059 0.147059 0.023529 0.102941
7 0.322353 0.382353 0.014118 0.102941
5 0.322353 0.735294 0.014118 0.102941
6 0.376471 0.500000 0.014118 0.102941
4 0.376471 0.264706 0.014118 0.102941
10 0.376471 0.147059 0.023529 0.102941
3 0.376471 0.617647 0.014118 0.102941
16 0.376471 0.382353 0.023529 0.102941
0 0.431765 0.264706 0.014118 0.102941
11 0.431765 0.500000 0.023529 0.102941
21 0.485882 0.382353 0.023529 0.102941
0 0.485882 0.500000 0.014118 0.102941
0 0.485882 0.147059 0.014118 0.102941
10 0.485882 0.264706 0.023529 0.102941
1 0.541176 0.147059 0.014118 0.102941
6 0.541176 0.500000 0.014118 0.102941
21 0.595294 0.735294 0.023529 0.102941
17 0.595294 0.147059 0.023529 0.102941
16 0.595294 0.382353 0.023529 0.102941
28 0.595294 0.264706 0.032941 0.102941
0 0.650588 0.147059 0.014118 0.102941
0 0.650588 0.735294 0.014118 0.102941
10 0.704706 0.382353 0.023529 0.102941
8 0.704706 0.500000 0.014118 0.102941
22 0.704706 0.147059 0.023529 0.102941
22 0.760000 0.147059 0.023529 0.102941
2 0.760000 0.735294 0.014118 0.102941
1 0.760000 0.264706 0.014118 0.102941
9 0.814118 0.147059 0.014118 0.102941
10 0.869412 0.617647 0.023529 0.102941
9 0.869412 0.382353 0.014118 0.102941
13 0.869412 0.500000 0.023529 0.102941
9 0.869412 0.264706 0.014118 0.102941
5 0.869412 0.147059 0.014118 0.102941
0 0.923529 0.147059 0.014118 0.102941
