2 0.169167 0.711712 0.021667 0.063063
12 0.270000 0.711712 0.036667 0.063063
9 0.269167 0.315315 0.021667 0.063063
17 0.370000 0.513514 0.036667 0.063063
10 0.470000 0.513514 0.036667 0.063063
0 0.469167 0.612613 0.021667 0.063063
10 0.570000 0.810811 0.036667 0.063063
6 0.569167 0.612613 0.021667 0.063063
10 0.670000 0.513514 0.036667 0.063063
2 0.769167 0.810811 0.021667 0.063063
10 0.770000 0.315315 0.036667 0.063063
0 0.769167 0.711712 0.021667 0.063063
1 0.869167 0.810811 0.021667 0.063063
23 0.870000 0.711712 0.036667 0.063063
