2 0.116667 0.116279 0.017333 0.081395
0 0.116667 0.627907 0.017333 0.081395
0 0.116667 0.244186 0.017333 0.081395
13 0.117333 0.372093 0.029333 0.081395
12 0.178667 0.627907 0.029333 0.081395
13 0.178667 0.755814 0.029333 0.081395
8 0.178000 0.116279 0.017333 0.081395
1 0.239333 0.755814 0.017333 0.081395
7 0.239333 0.372093 0.017333 0.081395
11 0.301333 0.627907 0.029333 0.081395
0 0.300667 0.372093 0.017333 0.081395
1 0.300667 0.244186 0.017333 0.081395
16 0.362667 0.116279 0.029333 0.081395
19 0.424000 0.755814 0.029333 0.081395
20 0.424000 0.627907 0.029333 0.081395
0 0.484667 0.116279 0.017333 0.081395
20 0.546667 0.372093 0.029333 0.081395
2 0.546000 0.500000 0.017333 0.081395
17 0.546667 0.627907 0.029333 0.081395
18 0.546667 0.116279 0.029333 0.081395
3 0.546000 0.755814 0.017333 0.081395
23 0.608000 0.627907 0.029333 0.081395
10 0.608000 0.244186 0.029333 0.081395
0 0.668667 0.116279 0.017333 0.081395
3 0.668667 0.244186 0.017333 0.081395
15 0.730667 0.372093 0.029333 0.081395
0 0.730000 0.627907 0.017333 0.081395
0 0.791333 0.244186 0.017333 0.081395
6 0.791333 0.627907 0.017333 0.081395
3 0.791333 0.116279 0.017333 0.081395
3 0.852667 0.116279 0.017333 0.081395
19 0.853333 0.500000 0.029333 0.081395
6 0.852667 0.372093 0.017333 0.081395
8 0.914000 0.755814 0.017333 0.081395
23 0.914667 0.372093 0.029333 0.081395
13 0.914667 0.116279 0.029333 0.081395
