8 0.198333 0.755814 0.020000 0.081395
19 0.198333 0.244186 0.033333 0.081395
0 0.326667 0.755814 0.020000 0.081395
15 0.326667 0.119186 0.033333 0.087209
1 0.326667 0.244186 0.020000 0.081395
28 0.455000 0.372093 0.046667 0.081395
21 0.455000 0.627907 0.033333 0.081395
7 0.455000 0.244186 0.020000 0.081395
9 0.455000 0.755814 0.020000 0.081395
10 0.583333 0.627907 0.033333 0.081395
0 0.711667 0.244186 0.020000 0.081395
0 0.711667 0.755814 0.020000 0.081395
4 0.711667 0.627907 0.020000 0.081395
11 0.711667 0.372093 0.033333 0.081395
0 0.840000 0.500000 0.020000 0.081395
19 0.840000 0.244186 0.033333 0.081395
10 0.840000 0.116279 0.033333 0.081395
