12 0.103529 0.500000 0.025882 0.086957
27 0.158235 0.369565 0.015294 0.065217
19 0.157647 0.630435 0.025882 0.086957
23 0.157647 0.500000 0.025882 0.086957
6 0.212353 0.108696 0.015294 0.086957
9 0.267647 0.108696 0.015294 0.086957
11 0.267059 0.239130 0.025882 0.086957
17 0.322353 0.760870 0.025882 0.086957
12 0.322353 0.239130 0.025882 0.086957
27 0.321765 0.500000 0.015294 0.065217
1 0.321765 0.369565 0.015294 0.086957
6 0.321765 0.630435 0.015294 0.086957
0 0.377059 0.500000 0.015294 0.086957
5 0.377059 0.630435 0.015294 0.086957
27 0.377059 0.108696 0.015294 0.065217
13 0.376471 0.239130 0.025882 0.086957
10 0.431765 0.500000 0.025882 0.086957
27 0.431176 0.630435 0.015294 0.065217
17 0.431765 0.239130 0.025882 0.086957
5 0.486471 0.239130 0.015294 0.086957
2 0.486471 0.630435 0.015294 0.086957
0 0.540588 0.108696 0.015294 0.086957
6 0.540588 0.500000 0.015294 0.086957
3 0.540588 0.760870 0.015294 0.086957
4 0.540588 0.239130 0.015294 0.086957
24 0.541176 0.630435 0.025882 0.086957
16 0.595294 0.760870 0.025882 0.086957
27 0.595882 0.239130 0.015294 0.065217
23 0.595294 0.108696 0.025882 0.086957
9 0.595882 0.369565 0.015294 0.086957
13 0.650588 0.500000 0.025882 0.086957
3 0.705294 0.630435 0.015294 0.086957
1 0.705294 0.108696 0.015294 0.086957
9 0.705294 0.369565 0.015294 0.086957
11 0.760000 0.239130 0.025882 0.086957
7 0.814706 0.369565 0.015294 0.086957
18 0.814118 0.239130 0.025882 0.086957
0 0.814706 0.630435 0.015294 0.086957
1 0.814706 0.500000 0.015294 0.086957
0 0.814706 0.760870 0.015294 0.086957
18 0.869412 0.500000 0.025882 0.086957
12 0.869412 0.108696 0.025882 0.086957
17 0.869412 0.760870 0.025882 0.086957
0 0.868824 0.369565 0.015294 0.086957
12 0.869412 0.239130 0.025882 0.086957
9 0.924118 0.500000 0.015294 0.086957
0 0.924118 0.760870 0.015294 0.086957
