1 0.109375 0.116279 0.016250 0.093023
0 0.109375 0.755814 0.016250 0.093023
11 0.167500 0.755814 0.027500 0.093023
19 0.225000 0.244186 0.027500 0.093023
5 0.225625 0.755814 0.016250 0.093023
28 0.225625 0.627907 0.038750 0.093023
2 0.225625 0.500000 0.016250 0.093023
7 0.225625 0.116279 0.016250 0.093023
23 0.283750 0.627907 0.027500 0.093023
5 0.283125 0.372093 0.016250 0.093023
6 0.283125 0.116279 0.016250 0.093023
7 0.340625 0.116279 0.016250 0.093023
10 0.341250 0.500000 0.027500 0.093023
0 0.340625 0.755814 0.016250 0.093023
10 0.341250 0.627907 0.027500 0.093023
10 0.341250 0.372093 0.027500 0.093023
2 0.399375 0.755814 0.016250 0.093023
0 0.399375 0.372093 0.016250 0.093023
1 0.456875 0.627907 0.016250 0.093023
0 0.456875 0.116279 0.016250 0.093023
17 0.515000 0.244186 0.027500 0.093023
9 0.514375 0.500000 0.016250 0.093023
14 0.572500 0.372093 0.027500 0.093023
4 0.571875 0.244186 0.016250 0.093023
3 0.571875 0.755814 0.016250 0.093023
11 0.630000 0.500000 0.027500 0.093023
27 0.630000 0.119186 0.015000 0.075581
3 0.688125 0.372093 0.016250 0.093023
11 0.746250 0.116279 0.027500 0.093023
0 0.745625 0.500000 0.016250 0.093023
13 0.746250 0.244186 0.027500 0.093023
0 0.803125 0.627907 0.016250 0.093023
4 0.803125 0.372093 0.016250 0.093023
3 0.861875 0.755814 0.016250 0.093023
27 0.918750 0.375000 0.015000 0.075581
7 0.919375 0.244186 0.016250 0.093023
10 0.918750 0.627907 0.027500 0.093023
