22 0.198333 0.717172 0.033333 0.070707
17 0.198333 0.808081 0.033333 0.070707
19 0.198333 0.444444 0.033333 0.070707
0 0.326667 0.444444 0.020000 0.070707
0 0.455000 0.626263 0.020000 0.070707
23 0.455000 0.535354 0.033333 0.070707
0 0.455000 0.717172 0.020000 0.070707
10 0.583333 0.535354 0.033333 0.070707
10 0.711667 0.444444 0.033333 0.070707
11 0.711667 0.808081 0.033333 0.070707
6 0.711667 0.353535 0.020000 0.070707
18 0.711667 0.717172 0.033333 0.070707
4 0.840000 0.717172 0.020000 0.070707
