0 0.125000 0.625000 0.018571 0.087500
3 0.125000 0.250000 0.018571 0.087500
7 0.189286 0.625000 0.018571 0.087500
28 0.189286 0.125000 0.044286 0.087500
0 0.189286 0.375000 0.018571 0.087500
5 0.255000 0.500000 0.018571 0.087500
5 0.255000 0.375000 0.018571 0.087500
11 0.255714 0.750000 0.031429 0.087500
11 0.320000 0.375000 0.031429 0.087500
28 0.320714 0.125000 0.044286 0.087500
16 0.320000 0.500000 0.031429 0.087500
28 0.386429 0.625000 0.044286 0.087500
2 0.450714 0.250000 0.018571 0.087500
0 0.450714 0.750000 0.018571 0.087500
5 0.450714 0.625000 0.018571 0.087500
5 0.516429 0.250000 0.018571 0.087500
7 0.516429 0.750000 0.018571 0.087500
3 0.582143 0.125000 0.018571 0.087500
4 0.582143 0.250000 0.018571 0.087500
0 0.582143 0.750000 0.018571 0.087500
21 0.581429 0.375000 0.031429 0.087500
2 0.646429 0.375000 0.018571 0.087500
4 0.646429 0.500000 0.018571 0.087500
5 0.646429 0.625000 0.018571 0.087500
22 0.712857 0.250000 0.031429 0.087500
12 0.712857 0.625000 0.031429 0.087500
10 0.777143 0.500000 0.031429 0.087500
11 0.777143 0.375000 0.031429 0.087500
24 0.777143 0.625000 0.031429 0.087500
8 0.843571 0.625000 0.018571 0.087500
9 0.843571 0.125000 0.018571 0.087500
10 0.842857 0.500000 0.031429 0.087500
14 0.842857 0.750000 0.031429 0.087500
23 0.842857 0.375000 0.031429 0.087500
7 0.907857 0.625000 0.018571 0.087500
17 0.908571 0.250000 0.031429 0.087500
