3 0.181667 0.809524 0.020000 0.057143
0 0.181667 0.523810 0.020000 0.057143
2 0.181667 0.714286 0.020000 0.057143
9 0.295000 0.333333 0.020000 0.057143
15 0.406667 0.333333 0.033333 0.057143
5 0.406667 0.428571 0.020000 0.057143
2 0.406667 0.714286 0.020000 0.057143
5 0.406667 0.523810 0.020000 0.057143
21 0.520000 0.333333 0.033333 0.057143
21 0.520000 0.809524 0.033333 0.057143
1 0.520000 0.523810 0.020000 0.057143
5 0.520000 0.714286 0.020000 0.057143
24 0.631667 0.523810 0.033333 0.057143
9 0.745000 0.333333 0.020000 0.057143
0 0.745000 0.809524 0.020000 0.057143
7 0.745000 0.619048 0.020000 0.057143
4 0.856667 0.333333 0.020000 0.057143
