23 0.160000 0.503125 0.030000 0.081250
21 0.160000 0.128125 0.030000 0.081250
6 0.249167 0.253125 0.018333 0.081250
0 0.249167 0.503125 0.018333 0.081250
8 0.339167 0.628125 0.018333 0.081250
0 0.429167 0.503125 0.018333 0.081250
6 0.429167 0.753125 0.018333 0.081250
11 0.520000 0.753125 0.030000 0.081250
22 0.520000 0.128125 0.030000 0.081250
3 0.519167 0.253125 0.018333 0.081250
10 0.520000 0.503125 0.030000 0.081250
0 0.609167 0.628125 0.018333 0.081250
0 0.609167 0.253125 0.018333 0.081250
0 0.609167 0.753125 0.018333 0.081250
12 0.610000 0.128125 0.030000 0.081250
13 0.700000 0.753125 0.030000 0.081250
11 0.700000 0.253125 0.030000 0.081250
0 0.789167 0.628125 0.018333 0.081250
0 0.789167 0.128125 0.018333 0.081250
3 0.789167 0.378125 0.018333 0.081250
0 0.789167 0.503125 0.018333 0.081250
2 0.879167 0.378125 0.018333 0.081250
9 0.879167 0.628125 0.018333 0.081250
7 0.879167 0.253125 0.018333 0.081250
