0 0.117333 0.720430 0.018667 0.075269
10 0.117333 0.548387 0.032000 0.075269
16 0.178667 0.462366 0.032000 0.075269
1 0.240000 0.634409 0.018667 0.075269
0 0.240000 0.806452 0.018667 0.075269
10 0.301333 0.376344 0.032000 0.075269
2 0.362667 0.462366 0.018667 0.075269
0 0.362667 0.720430 0.018667 0.075269
2 0.424000 0.634409 0.018667 0.075269
9 0.424000 0.806452 0.018667 0.075269
0 0.485333 0.548387 0.018667 0.075269
13 0.485333 0.634409 0.032000 0.075269
3 0.546667 0.634409 0.018667 0.075269
7 0.546667 0.806452 0.018667 0.075269
20 0.546667 0.720430 0.032000 0.075269
28 0.546000 0.462366 0.046667 0.075269
11 0.608000 0.548387 0.032000 0.075269
11 0.608000 0.376344 0.032000 0.075269
28 0.607333 0.806452 0.060000 0.075269
28 0.607333 0.720430 0.060000 0.075269
2 0.608000 0.634409 0.018667 0.075269
0 0.669333 0.806452 0.018667 0.075269
20 0.669333 0.548387 0.032000 0.075269
17 0.669333 0.720430 0.032000 0.075269
22 0.669333 0.376344 0.032000 0.075269
0 0.669333 0.634409 0.018667 0.075269
9 0.730667 0.634409 0.018667 0.075269
12 0.792000 0.634409 0.032000 0.075269
2 0.792000 0.720430 0.018667 0.075269
17 0.792000 0.376344 0.032000 0.075269
3 0.853333 0.806452 0.018667 0.075269
7 0.853333 0.462366 0.018667 0.075269
1 0.914667 0.376344 0.018667 0.075269
