9 0.170000 0.260135 0.020000 0.101351
24 0.170000 0.746622 0.033333 0.101351
4 0.170000 0.625000 0.020000 0.101351
3 0.170000 0.381757 0.020000 0.101351
0 0.270000 0.381757 0.020000 0.101351
14 0.270000 0.503378 0.033333 0.101351
19 0.270000 0.625000 0.033333 0.101351
1 0.270000 0.746622 0.020000 0.101351
1 0.370000 0.625000 0.020000 0.101351
7 0.470000 0.746622 0.020000 0.101351
0 0.570000 0.138514 0.020000 0.101351
4 0.570000 0.260135 0.020000 0.101351
0 0.670000 0.625000 0.020000 0.101351
21 0.670000 0.381757 0.033333 0.101351
15 0.770000 0.746622 0.033333 0.101351
5 0.870000 0.381757 0.020000 0.101351
