20 0.181667 0.428571 0.030000 0.057143
7 0.182500 0.714286 0.018333 0.057143
1 0.294167 0.619048 0.018333 0.057143
0 0.407500 0.619048 0.018333 0.057143
12 0.406667 0.809524 0.030000 0.057143
4 0.519167 0.714286 0.018333 0.057143
5 0.519167 0.809524 0.018333 0.057143
7 0.519167 0.428571 0.018333 0.057143
19 0.631667 0.619048 0.030000 0.057143
12 0.631667 0.428571 0.030000 0.057143
7 0.744167 0.428571 0.018333 0.057143
27 0.856667 0.619048 0.016667 0.047619
1 0.857500 0.714286 0.018333 0.057143
0 0.857500 0.333333 0.018333 0.057143
1 0.857500 0.428571 0.018333 0.057143
