18 0.145000 0.515766 0.030000 0.058559
20 0.145000 0.317568 0.030000 0.058559
7 0.144167 0.416667 0.018333 0.058559
2 0.219167 0.317568 0.018333 0.058559
8 0.219167 0.416667 0.018333 0.058559
6 0.219167 0.713964 0.018333 0.058559
3 0.294167 0.813063 0.018333 0.058559
16 0.295000 0.614865 0.030000 0.058559
5 0.294167 0.317568 0.018333 0.058559
1 0.369167 0.713964 0.018333 0.058559
2 0.369167 0.317568 0.018333 0.058559
7 0.369167 0.515766 0.018333 0.058559
9 0.444167 0.416667 0.018333 0.058559
10 0.445000 0.317568 0.030000 0.058559
18 0.520000 0.614865 0.030000 0.058559
24 0.520000 0.515766 0.030000 0.058559
8 0.519167 0.813063 0.018333 0.058559
2 0.594167 0.614865 0.018333 0.058559
0 0.669167 0.614865 0.018333 0.058559
15 0.670000 0.416667 0.030000 0.058559
14 0.670000 0.813063 0.030000 0.058559
5 0.744167 0.813063 0.018333 0.058559
28 0.745000 0.317568 0.053333 0.058559
17 0.745000 0.515766 0.030000 0.058559
19 0.745000 0.416667 0.030000 0.058559
12 0.820000 0.813063 0.030000 0.058559
17 0.820000 0.614865 0.030000 0.058559
9 0.894167 0.813063 0.018333 0.058559
7 0.894167 0.515766 0.018333 0.058559
2 0.894167 0.416667 0.018333 0.058559
