5 0.198333 0.735294 0.023333 0.102941
5 0.326667 0.617647 0.023333 0.102941
11 0.326667 0.382353 0.040000 0.102941
27 0.326667 0.503676 0.023333 0.080882
11 0.326667 0.147059 0.040000 0.102941
10 0.455000 0.617647 0.040000 0.102941
6 0.455000 0.147059 0.023333 0.102941
9 0.455000 0.382353 0.023333 0.102941
19 0.583333 0.617647 0.040000 0.102941
11 0.583333 0.264706 0.040000 0.102941
12 0.711667 0.264706 0.040000 0.102941
17 0.711667 0.617647 0.040000 0.102941
10 0.711667 0.735294 0.040000 0.102941
6 0.711667 0.382353 0.023333 0.102941
10 0.840000 0.382353 0.040000 0.102941
7 0.840000 0.147059 0.023333 0.102941
