13 0.124286 0.372093 0.028571 0.081395
0 0.124286 0.116279 0.017143 0.081395
0 0.190000 0.627907 0.017143 0.081395
0 0.190000 0.116279 0.017143 0.081395
4 0.255714 0.372093 0.017143 0.081395
2 0.255714 0.500000 0.017143 0.081395
0 0.255714 0.244186 0.017143 0.081395
19 0.320000 0.627907 0.028571 0.081395
28 0.320000 0.500000 0.040000 0.081395
21 0.385714 0.372093 0.028571 0.081395
28 0.385714 0.244186 0.040000 0.081395
13 0.451429 0.244186 0.028571 0.081395
9 0.517143 0.372093 0.017143 0.081395
24 0.517143 0.244186 0.028571 0.081395
4 0.581429 0.755814 0.017143 0.081395
0 0.647143 0.116279 0.017143 0.081395
3 0.647143 0.244186 0.017143 0.081395
0 0.712857 0.627907 0.017143 0.081395
1 0.712857 0.116279 0.017143 0.081395
3 0.712857 0.244186 0.017143 0.081395
5 0.777143 0.116279 0.017143 0.081395
0 0.777143 0.755814 0.017143 0.081395
0 0.842857 0.755814 0.017143 0.081395
7 0.908571 0.244186 0.017143 0.081395
12 0.908571 0.755814 0.028571 0.081395
