2 0.197500 0.128125 0.018333 0.081250
7 0.197500 0.253125 0.018333 0.081250
0 0.197500 0.378125 0.018333 0.081250
10 0.198333 0.503125 0.030000 0.081250
1 0.325833 0.628125 0.018333 0.081250
11 0.326667 0.253125 0.030000 0.081250
1 0.325833 0.503125 0.018333 0.081250
8 0.454167 0.503125 0.018333 0.081250
2 0.454167 0.128125 0.018333 0.081250
0 0.454167 0.628125 0.018333 0.081250
19 0.583333 0.753125 0.030000 0.081250
9 0.712500 0.378125 0.018333 0.081250
13 0.711667 0.128125 0.030000 0.081250
0 0.712500 0.503125 0.018333 0.081250
0 0.840833 0.753125 0.018333 0.081250
7 0.840833 0.128125 0.018333 0.081250
19 0.840000 0.253125 0.030000 0.081250
