12 0.133846 0.506410 0.036923 0.072650
5 0.133846 0.711538 0.021538 0.072650
20 0.133846 0.608974 0.036923 0.072650
15 0.133846 0.814103 0.036923 0.072650
9 0.133846 0.301282 0.021538 0.072650
9 0.203077 0.506410 0.021538 0.072650
0 0.203077 0.403846 0.021538 0.072650
3 0.203077 0.814103 0.021538 0.072650
7 0.203077 0.711538 0.021538 0.072650
2 0.273846 0.506410 0.021538 0.072650
12 0.273846 0.711538 0.036923 0.072650
0 0.343077 0.608974 0.021538 0.072650
27 0.343846 0.504274 0.020000 0.059829
20 0.343077 0.403846 0.036923 0.072650
9 0.343077 0.301282 0.021538 0.072650
6 0.412308 0.711538 0.021538 0.072650
7 0.483077 0.301282 0.021538 0.072650
0 0.483077 0.608974 0.021538 0.072650
0 0.483077 0.506410 0.021538 0.072650
0 0.552308 0.608974 0.021538 0.072650
10 0.552308 0.711538 0.036923 0.072650
9 0.552308 0.814103 0.021538 0.072650
9 0.552308 0.301282 0.021538 0.072650
9 0.623077 0.814103 0.021538 0.072650
3 0.692308 0.403846 0.021538 0.072650
3 0.692308 0.506410 0.021538 0.072650
10 0.692308 0.608974 0.036923 0.072650
14 0.761538 0.608974 0.036923 0.072650
15 0.761538 0.711538 0.036923 0.072650
12 0.832308 0.403846 0.036923 0.072650
8 0.901538 0.506410 0.021538 0.072650
5 0.901538 0.711538 0.021538 0.072650
