21 0.160000 0.335714 0.033333 0.071429
10 0.250000 0.621429 0.033333 0.071429
1 0.340000 0.716667 0.020000 0.071429
9 0.340000 0.335714 0.020000 0.071429
0 0.430000 0.716667 0.020000 0.071429
0 0.520000 0.335714 0.020000 0.071429
0 0.520000 0.526190 0.020000 0.071429
7 0.610000 0.335714 0.020000 0.071429
15 0.610000 0.716667 0.033333 0.071429
11 0.610000 0.621429 0.033333 0.071429
0 0.610000 0.526190 0.020000 0.071429
20 0.700000 0.526190 0.033333 0.071429
4 0.790000 0.811905 0.020000 0.071429
3 0.880000 0.716667 0.020000 0.071429
