0 0.170000 0.378125 0.016667 0.081250
5 0.270000 0.253125 0.016667 0.081250
3 0.270000 0.378125 0.016667 0.081250
21 0.370000 0.128125 0.026667 0.081250
3 0.470000 0.753125 0.016667 0.081250
17 0.570000 0.503125 0.026667 0.081250
23 0.670000 0.253125 0.026667 0.081250
8 0.770000 0.628125 0.016667 0.081250
8 0.770000 0.253125 0.016667 0.081250
0 0.770000 0.503125 0.016667 0.081250
11 0.870000 0.753125 0.026667 0.081250
9 0.870000 0.378125 0.016667 0.081250
5 0.870000 0.503125 0.016667 0.081250
3 0.870000 0.253125 0.016667 0.081250
