7 0.145000 0.738971 0.016667 0.095588
2 0.145000 0.150735 0.016667 0.095588
0 0.220000 0.738971 0.016667 0.095588
0 0.295000 0.386029 0.016667 0.095588
9 0.295000 0.503676 0.016667 0.095588
2 0.295000 0.738971 0.016667 0.095588
28 0.370000 0.503676 0.050000 0.095588
15 0.445000 0.738971 0.026667 0.095588
1 0.445000 0.621324 0.016667 0.095588
2 0.445000 0.503676 0.016667 0.095588
20 0.445000 0.386029 0.026667 0.095588
22 0.445000 0.150735 0.026667 0.095588
5 0.520000 0.386029 0.016667 0.095588
28 0.520000 0.738971 0.050000 0.095588
21 0.595000 0.621324 0.026667 0.095588
0 0.595000 0.386029 0.016667 0.095588
12 0.595000 0.738971 0.026667 0.095588
3 0.595000 0.150735 0.016667 0.095588
19 0.670000 0.738971 0.026667 0.095588
1 0.670000 0.268382 0.016667 0.095588
4 0.670000 0.621324 0.016667 0.095588
5 0.745000 0.621324 0.016667 0.095588
9 0.745000 0.150735 0.016667 0.095588
21 0.745000 0.503676 0.026667 0.095588
0 0.820000 0.150735 0.016667 0.095588
20 0.820000 0.386029 0.026667 0.095588
7 0.820000 0.503676 0.016667 0.095588
5 0.895000 0.503676 0.016667 0.095588
0 0.895000 0.621324 0.016667 0.095588
18 0.895000 0.738971 0.026667 0.095588
18 0.895000 0.268382 0.026667 0.095588
