10 0.145000 0.382353 0.033333 0.102941
4 0.145000 0.147059 0.020000 0.102941
4 0.220000 0.500000 0.020000 0.102941
7 0.220000 0.382353 0.020000 0.102941
3 0.220000 0.617647 0.020000 0.102941
2 0.220000 0.264706 0.020000 0.102941
0 0.295000 0.264706 0.020000 0.102941
4 0.295000 0.382353 0.020000 0.102941
1 0.370000 0.735294 0.020000 0.102941
19 0.445000 0.382353 0.033333 0.102941
2 0.445000 0.617647 0.020000 0.102941
15 0.445000 0.264706 0.033333 0.102941
17 0.520000 0.382353 0.033333 0.102941
16 0.520000 0.617647 0.033333 0.102941
1 0.595000 0.735294 0.020000 0.102941
20 0.595000 0.617647 0.033333 0.102941
14 0.595000 0.382353 0.033333 0.102941
28 0.595000 0.147059 0.050000 0.102941
6 0.670000 0.382353 0.020000 0.102941
3 0.670000 0.264706 0.020000 0.102941
0 0.745000 0.382353 0.020000 0.102941
0 0.745000 0.147059 0.020000 0.102941
3 0.745000 0.500000 0.020000 0.102941
8 0.745000 0.617647 0.020000 0.102941
27 0.820000 0.503676 0.020000 0.080882
5 0.895000 0.735294 0.020000 0.102941
