0 0.124286 0.634409 0.020000 0.086022
3 0.124286 0.720430 0.020000 0.086022
0 0.124286 0.462366 0.020000 0.086022
10 0.124286 0.806452 0.034286 0.086022
15 0.190000 0.806452 0.034286 0.086022
21 0.190000 0.376344 0.034286 0.086022
27 0.189286 0.723118 0.018571 0.069892
2 0.255714 0.634409 0.020000 0.086022
9 0.255714 0.806452 0.020000 0.086022
11 0.255714 0.548387 0.034286 0.086022
0 0.255714 0.462366 0.020000 0.086022
0 0.320000 0.548387 0.020000 0.086022
9 0.320000 0.634409 0.020000 0.086022
12 0.320000 0.806452 0.034286 0.086022
2 0.385714 0.548387 0.020000 0.086022
18 0.385714 0.720430 0.034286 0.086022
1 0.385714 0.462366 0.020000 0.086022
21 0.451429 0.548387 0.034286 0.086022
10 0.451429 0.806452 0.034286 0.086022
15 0.517143 0.634409 0.034286 0.086022
0 0.517143 0.806452 0.020000 0.086022
0 0.517143 0.376344 0.020000 0.086022
5 0.581429 0.462366 0.020000 0.086022
4 0.647143 0.720430 0.020000 0.086022
0 0.647143 0.806452 0.020000 0.086022
23 0.647143 0.548387 0.034286 0.086022
13 0.712857 0.462366 0.034286 0.086022
10 0.777143 0.720430 0.034286 0.086022
4 0.777143 0.548387 0.020000 0.086022
28 0.777143 0.806452 0.071429 0.086022
13 0.842857 0.634409 0.034286 0.086022
0 0.842857 0.376344 0.020000 0.086022
0 0.842857 0.548387 0.020000 0.086022
14 0.908571 0.806452 0.034286 0.086022
0 0.908571 0.462366 0.020000 0.086022
3 0.908571 0.376344 0.020000 0.086022
21 0.908571 0.548387 0.034286 0.086022
