28 0.160000 0.119186 0.070000 0.087209
24 0.160000 0.375000 0.033333 0.087209
6 0.250000 0.502907 0.020000 0.087209
6 0.250000 0.247093 0.020000 0.087209
0 0.250000 0.119186 0.020000 0.087209
5 0.340000 0.758721 0.020000 0.087209
6 0.430000 0.119186 0.020000 0.087209
0 0.430000 0.375000 0.020000 0.087209
0 0.430000 0.758721 0.020000 0.087209
0 0.520000 0.247093 0.020000 0.087209
24 0.520000 0.630814 0.033333 0.087209
4 0.520000 0.758721 0.020000 0.087209
1 0.520000 0.502907 0.020000 0.087209
0 0.520000 0.375000 0.020000 0.087209
20 0.610000 0.502907 0.033333 0.087209
9 0.610000 0.758721 0.020000 0.087209
0 0.610000 0.630814 0.020000 0.087209
0 0.700000 0.119186 0.020000 0.087209
0 0.700000 0.630814 0.020000 0.087209
1 0.790000 0.630814 0.020000 0.087209
0 0.790000 0.502907 0.020000 0.087209
5 0.790000 0.375000 0.020000 0.087209
5 0.880000 0.630814 0.020000 0.087209
9 0.880000 0.502907 0.020000 0.087209
