20 0.160000 0.135135 0.033333 0.094595
2 0.160000 0.621622 0.020000 0.094595
17 0.250000 0.621622 0.033333 0.094595
16 0.250000 0.135135 0.033333 0.094595
9 0.340000 0.621622 0.020000 0.094595
0 0.430000 0.256757 0.020000 0.094595
0 0.520000 0.621622 0.020000 0.094595
22 0.520000 0.743243 0.033333 0.094595
24 0.520000 0.378378 0.033333 0.094595
18 0.610000 0.743243 0.033333 0.094595
13 0.610000 0.135135 0.033333 0.094595
21 0.610000 0.621622 0.033333 0.094595
0 0.700000 0.135135 0.020000 0.094595
2 0.700000 0.621622 0.020000 0.094595
0 0.700000 0.256757 0.020000 0.094595
7 0.700000 0.743243 0.020000 0.094595
28 0.790000 0.135135 0.060000 0.094595
5 0.790000 0.746622 0.020000 0.101351
5 0.790000 0.625000 0.020000 0.101351
0 0.790000 0.256757 0.020000 0.094595
2 0.880000 0.743243 0.020000 0.094595
1 0.880000 0.500000 0.020000 0.094595
27 0.879167 0.381757 0.018333 0.074324
0 0.880000 0.256757 0.020000 0.094595
