4 0.160000 0.723118 0.020000 0.069892
19 0.160000 0.809140 0.033333 0.069892
12 0.160000 0.551075 0.033333 0.069892
21 0.160000 0.379032 0.033333 0.069892
0 0.250000 0.551075 0.020000 0.069892
7 0.250000 0.379032 0.020000 0.069892
0 0.250000 0.637097 0.020000 0.069892
3 0.340000 0.637097 0.020000 0.069892
21 0.340000 0.379032 0.033333 0.069892
0 0.340000 0.551075 0.020000 0.069892
0 0.340000 0.465054 0.020000 0.069892
0 0.430000 0.465054 0.020000 0.069892
2 0.430000 0.551075 0.020000 0.069892
5 0.520000 0.723118 0.020000 0.069892
28 0.520000 0.806452 0.066667 0.075269
4 0.610000 0.637097 0.020000 0.069892
12 0.700000 0.809140 0.033333 0.069892
19 0.790000 0.809140 0.033333 0.069892
22 0.790000 0.723118 0.033333 0.069892
4 0.790000 0.465054 0.020000 0.069892
10 0.880000 0.637097 0.033333 0.069892
0 0.880000 0.551075 0.020000 0.069892
7 0.880000 0.379032 0.020000 0.069892
15 0.880000 0.465054 0.033333 0.069892
