14 0.151667 0.239130 0.036667 0.086957
12 0.233333 0.239130 0.036667 0.086957
11 0.233333 0.630435 0.036667 0.086957
3 0.232500 0.760870 0.021667 0.086957
2 0.232500 0.369565 0.021667 0.086957
11 0.233333 0.500000 0.036667 0.086957
0 0.314167 0.369565 0.021667 0.086957
2 0.314167 0.239130 0.021667 0.086957
0 0.395833 0.108696 0.021667 0.086957
4 0.477500 0.108696 0.021667 0.086957
9 0.477500 0.630435 0.021667 0.086957
0 0.477500 0.500000 0.021667 0.086957
8 0.477500 0.760870 0.021667 0.086957
11 0.560000 0.760870 0.036667 0.086957
9 0.560833 0.500000 0.021667 0.086957
8 0.560833 0.630435 0.021667 0.086957
10 0.560000 0.108696 0.036667 0.086957
0 0.642500 0.500000 0.021667 0.086957
17 0.723333 0.500000 0.036667 0.086957
0 0.724167 0.369565 0.021667 0.086957
4 0.724167 0.760870 0.021667 0.086957
0 0.805833 0.239130 0.021667 0.086957
0 0.887500 0.760870 0.021667 0.086957
24 0.886667 0.369565 0.036667 0.086957
17 0.886667 0.500000 0.036667 0.086957
11 0.886667 0.630435 0.036667 0.086957
