5 0.133077 0.755814 0.016923 0.069767
4 0.133077 0.627907 0.016923 0.069767
12 0.133846 0.372093 0.027692 0.069767
22 0.133846 0.116279 0.027692 0.069767
4 0.203846 0.627907 0.016923 0.069767
8 0.273077 0.627907 0.016923 0.069767
15 0.273846 0.755814 0.027692 0.069767
18 0.273846 0.244186 0.027692 0.069767
0 0.343846 0.372093 0.016923 0.069767
17 0.343077 0.755814 0.027692 0.069767
3 0.413077 0.627907 0.016923 0.069767
22 0.412308 0.372093 0.027692 0.069767
7 0.482308 0.500000 0.016923 0.069767
4 0.482308 0.755814 0.016923 0.069767
12 0.483077 0.372093 0.027692 0.069767
9 0.553077 0.116279 0.016923 0.069767
28 0.553077 0.375000 0.038462 0.075581
15 0.552308 0.500000 0.027692 0.069767
20 0.623077 0.755814 0.027692 0.069767
27 0.622308 0.116279 0.016923 0.058140
9 0.691538 0.244186 0.016923 0.069767
20 0.692308 0.372093 0.027692 0.069767
9 0.691538 0.627907 0.016923 0.069767
11 0.761538 0.116279 0.027692 0.069767
5 0.831538 0.372093 0.016923 0.069767
15 0.832308 0.500000 0.027692 0.069767
11 0.901538 0.627907 0.027692 0.069767
5 0.902308 0.372093 0.016923 0.069767
0 0.902308 0.244186 0.016923 0.069767
