0 0.170000 0.621324 0.020000 0.110294
11 0.170000 0.503676 0.033333 0.110294
22 0.170000 0.738971 0.033333 0.110294
12 0.170000 0.150735 0.033333 0.110294
19 0.270000 0.738971 0.033333 0.110294
0 0.270000 0.621324 0.020000 0.110294
10 0.370000 0.621324 0.033333 0.110294
28 0.370000 0.386029 0.050000 0.110294
0 0.370000 0.503676 0.020000 0.110294
22 0.370000 0.268382 0.033333 0.110294
7 0.470000 0.386029 0.020000 0.110294
1 0.470000 0.150735 0.020000 0.110294
3 0.470000 0.621324 0.020000 0.110294
7 0.470000 0.738971 0.020000 0.110294
0 0.470000 0.503676 0.020000 0.110294
0 0.570000 0.150735 0.020000 0.110294
7 0.570000 0.621324 0.020000 0.110294
0 0.670000 0.268382 0.020000 0.110294
0 0.670000 0.621324 0.020000 0.110294
11 0.770000 0.621324 0.033333 0.110294
11 0.870000 0.150735 0.033333 0.110294
7 0.870000 0.268382 0.020000 0.110294
