7 0.145000 0.627907 0.023333 0.081395
2 0.145000 0.372093 0.023333 0.081395
2 0.145000 0.116279 0.023333 0.081395
2 0.220000 0.500000 0.023333 0.081395
0 0.220000 0.755814 0.023333 0.081395
17 0.295000 0.116279 0.040000 0.081395
0 0.295000 0.755814 0.023333 0.081395
5 0.295000 0.372093 0.023333 0.081395
1 0.295000 0.244186 0.023333 0.081395
14 0.370000 0.116279 0.040000 0.081395
0 0.370000 0.372093 0.023333 0.081395
28 0.369167 0.627907 0.075000 0.081395
6 0.370000 0.500000 0.023333 0.081395
10 0.370000 0.244186 0.040000 0.081395
0 0.445000 0.244186 0.023333 0.081395
19 0.445000 0.372093 0.040000 0.081395
24 0.445000 0.500000 0.040000 0.081395
21 0.445000 0.116279 0.040000 0.081395
3 0.520000 0.755814 0.023333 0.081395
2 0.595000 0.627907 0.023333 0.081395
2 0.595000 0.500000 0.023333 0.081395
4 0.595000 0.755814 0.023333 0.081395
9 0.670000 0.500000 0.023333 0.081395
0 0.745000 0.500000 0.023333 0.081395
12 0.745000 0.755814 0.040000 0.081395
19 0.745000 0.627907 0.040000 0.081395
0 0.820000 0.627907 0.023333 0.081395
22 0.820000 0.116279 0.040000 0.081395
28 0.894167 0.372093 0.075000 0.081395
0 0.895000 0.244186 0.023333 0.081395
