9 0.159167 0.333333 0.021667 0.076190
0 0.249167 0.714286 0.021667 0.076190
14 0.250000 0.619048 0.036667 0.076190
0 0.339167 0.523810 0.021667 0.076190
3 0.429167 0.523810 0.021667 0.076190
11 0.430000 0.809524 0.036667 0.076190
0 0.429167 0.428571 0.021667 0.076190
5 0.429167 0.333333 0.021667 0.076190
5 0.519167 0.523810 0.021667 0.076190
0 0.609167 0.619048 0.021667 0.076190
6 0.609167 0.809524 0.021667 0.076190
7 0.609167 0.523810 0.021667 0.076190
13 0.700000 0.523810 0.036667 0.076190
2 0.699167 0.428571 0.021667 0.076190
22 0.700000 0.619048 0.036667 0.076190
0 0.699167 0.333333 0.021667 0.076190
24 0.700000 0.714286 0.036667 0.076190
28 0.789167 0.809524 0.051667 0.076190
1 0.789167 0.714286 0.021667 0.076190
9 0.879167 0.333333 0.021667 0.076190
2 0.879167 0.523810 0.021667 0.076190
2 0.879167 0.619048 0.021667 0.076190
