0 0.109375 0.735294 0.016250 0.102941
11 0.110000 0.264706 0.027500 0.102941
2 0.168125 0.382353 0.016250 0.102941
1 0.168125 0.735294 0.016250 0.102941
8 0.168125 0.617647 0.016250 0.102941
1 0.168125 0.500000 0.016250 0.102941
0 0.225625 0.147059 0.016250 0.102941
16 0.225000 0.382353 0.027500 0.102941
0 0.225625 0.500000 0.016250 0.102941
5 0.225625 0.738971 0.016250 0.110294
6 0.283125 0.382353 0.016250 0.102941
17 0.283750 0.264706 0.027500 0.102941
0 0.283125 0.500000 0.016250 0.102941
0 0.283125 0.147059 0.016250 0.102941
22 0.341250 0.500000 0.027500 0.102941
1 0.340625 0.264706 0.016250 0.102941
12 0.398750 0.264706 0.027500 0.102941
15 0.456250 0.268382 0.027500 0.110294
18 0.456250 0.382353 0.027500 0.102941
1 0.456875 0.500000 0.016250 0.102941
28 0.456250 0.147059 0.050000 0.102941
19 0.456250 0.617647 0.027500 0.102941
9 0.514375 0.735294 0.016250 0.102941
24 0.515000 0.617647 0.027500 0.102941
24 0.572500 0.264706 0.027500 0.102941
0 0.571875 0.147059 0.016250 0.102941
0 0.630625 0.264706 0.016250 0.102941
27 0.630000 0.386029 0.015000 0.080882
0 0.630625 0.735294 0.016250 0.102941
7 0.630625 0.617647 0.016250 0.102941
0 0.688125 0.264706 0.016250 0.102941
20 0.687500 0.735294 0.027500 0.102941
7 0.745625 0.735294 0.016250 0.102941
12 0.746250 0.382353 0.027500 0.102941
0 0.745625 0.500000 0.016250 0.102941
10 0.803750 0.500000 0.027500 0.102941
12 0.803750 0.147059 0.027500 0.102941
7 0.803125 0.617647 0.016250 0.102941
0 0.803125 0.735294 0.016250 0.102941
11 0.861250 0.147059 0.027500 0.102941
5 0.861875 0.738971 0.016250 0.110294
0 0.861875 0.500000 0.016250 0.102941
6 0.919375 0.617647 0.016250 0.102941
4 0.919375 0.147059 0.016250 0.102941
18 0.918750 0.735294 0.027500 0.102941
13 0.918750 0.382353 0.027500 0.102941
