0 0.102941 0.241848 0.012941 0.070652
7 0.102941 0.111413 0.012941 0.070652
0 0.102941 0.763587 0.012941 0.070652
0 0.158235 0.502717 0.012941 0.070652
4 0.212353 0.633152 0.012941 0.070652
2 0.212353 0.111413 0.012941 0.070652
10 0.267059 0.633152 0.021176 0.070652
5 0.267647 0.241848 0.012941 0.070652
0 0.321765 0.633152 0.012941 0.070652
17 0.376471 0.111413 0.021176 0.070652
0 0.377059 0.372283 0.012941 0.070652
3 0.377059 0.763587 0.012941 0.070652
23 0.431765 0.763587 0.021176 0.070652
21 0.431765 0.633152 0.021176 0.070652
2 0.486471 0.111413 0.012941 0.070652
7 0.486471 0.241848 0.012941 0.070652
9 0.540588 0.763587 0.012941 0.070652
0 0.540588 0.502717 0.012941 0.070652
8 0.540588 0.241848 0.012941 0.070652
11 0.541176 0.633152 0.021176 0.070652
5 0.595882 0.372283 0.012941 0.070652
11 0.595294 0.241848 0.021176 0.070652
6 0.650000 0.763587 0.012941 0.070652
0 0.650000 0.111413 0.012941 0.070652
15 0.650588 0.241848 0.021176 0.070652
0 0.705294 0.111413 0.012941 0.070652
16 0.704706 0.372283 0.021176 0.070652
10 0.704706 0.502717 0.021176 0.070652
0 0.759412 0.633152 0.012941 0.070652
0 0.814706 0.502717 0.012941 0.070652
27 0.814118 0.241848 0.011765 0.059783
7 0.814706 0.763587 0.012941 0.070652
10 0.869412 0.763587 0.021176 0.070652
14 0.869412 0.372283 0.021176 0.070652
3 0.868824 0.633152 0.012941 0.070652
0 0.924118 0.763587 0.012941 0.070652
