15 0.117333 0.375000 0.034667 0.100000
3 0.116667 0.625000 0.020000 0.100000
2 0.116667 0.125000 0.020000 0.100000
10 0.178667 0.375000 0.034667 0.100000
0 0.178000 0.250000 0.020000 0.100000
28 0.178000 0.625000 0.052000 0.100000
11 0.240000 0.125000 0.034667 0.100000
1 0.239333 0.625000 0.020000 0.100000
15 0.240000 0.500000 0.034667 0.100000
5 0.300667 0.375000 0.020000 0.100000
7 0.362000 0.125000 0.020000 0.100000
5 0.423333 0.375000 0.020000 0.100000
0 0.423333 0.500000 0.020000 0.100000
0 0.484667 0.125000 0.020000 0.100000
0 0.546000 0.750000 0.020000 0.100000
4 0.546000 0.625000 0.020000 0.100000
18 0.608000 0.625000 0.034667 0.100000
12 0.608000 0.250000 0.034667 0.100000
14 0.608000 0.750000 0.034667 0.100000
0 0.668667 0.250000 0.020000 0.100000
21 0.669333 0.750000 0.034667 0.100000
22 0.730667 0.500000 0.034667 0.100000
3 0.730000 0.125000 0.020000 0.100000
0 0.791333 0.125000 0.020000 0.100000
4 0.791333 0.500000 0.020000 0.100000
0 0.852667 0.625000 0.020000 0.100000
0 0.852667 0.500000 0.020000 0.100000
24 0.914667 0.500000 0.034667 0.100000
17 0.914667 0.125000 0.034667 0.100000
27 0.914000 0.375000 0.020000 0.075000
0 0.914000 0.625000 0.020000 0.100000
