5 0.170000 0.386029 0.016667 0.095588
2 0.170000 0.503676 0.016667 0.095588
24 0.170000 0.738971 0.026667 0.095588
0 0.170000 0.621324 0.016667 0.095588
0 0.170000 0.150735 0.016667 0.095588
28 0.270000 0.503676 0.050000 0.095588
19 0.270000 0.268382 0.026667 0.095588
2 0.270000 0.150735 0.016667 0.095588
23 0.370000 0.386029 0.026667 0.095588
0 0.370000 0.621324 0.016667 0.095588
7 0.470000 0.503676 0.016667 0.095588
28 0.470000 0.738971 0.040000 0.095588
7 0.570000 0.268382 0.016667 0.095588
21 0.570000 0.621324 0.026667 0.095588
19 0.570000 0.503676 0.026667 0.095588
2 0.670000 0.738971 0.016667 0.095588
4 0.670000 0.386029 0.016667 0.095588
18 0.770000 0.150735 0.026667 0.095588
7 0.770000 0.621324 0.016667 0.095588
7 0.770000 0.386029 0.016667 0.095588
11 0.870000 0.738971 0.026667 0.095588
