11 0.160000 0.372093 0.030000 0.069767
28 0.160000 0.244186 0.050000 0.069767
3 0.159167 0.755814 0.018333 0.069767
16 0.250000 0.116279 0.030000 0.069767
11 0.250000 0.244186 0.030000 0.069767
1 0.249167 0.372093 0.018333 0.069767
15 0.250000 0.500000 0.030000 0.069767
0 0.339167 0.372093 0.018333 0.069767
28 0.339167 0.627907 0.038333 0.069767
6 0.339167 0.500000 0.018333 0.069767
0 0.429167 0.244186 0.018333 0.069767
18 0.430000 0.500000 0.030000 0.069767
10 0.520000 0.116279 0.030000 0.069767
2 0.519167 0.372093 0.018333 0.069767
20 0.610000 0.627907 0.030000 0.069767
27 0.700000 0.755814 0.016667 0.058140
0 0.789167 0.116279 0.018333 0.069767
6 0.789167 0.244186 0.018333 0.069767
5 0.879167 0.755814 0.018333 0.069767
21 0.880000 0.627907 0.030000 0.069767
4 0.879167 0.244186 0.018333 0.069767
