2 0.133077 0.504274 0.020000 0.068376
9 0.203846 0.401709 0.020000 0.068376
3 0.203846 0.299145 0.020000 0.068376
21 0.273846 0.504274 0.033846 0.068376
14 0.273846 0.811966 0.033846 0.068376
3 0.273077 0.401709 0.020000 0.068376
9 0.343846 0.401709 0.020000 0.068376
10 0.343077 0.299145 0.033846 0.068376
3 0.413077 0.401709 0.020000 0.068376
0 0.413077 0.811966 0.020000 0.068376
0 0.413077 0.299145 0.020000 0.068376
4 0.482308 0.606838 0.020000 0.068376
1 0.482308 0.811966 0.020000 0.068376
0 0.553077 0.504274 0.020000 0.068376
8 0.553077 0.299145 0.020000 0.068376
12 0.552308 0.709402 0.033846 0.068376
2 0.553077 0.401709 0.020000 0.068376
9 0.622308 0.811966 0.020000 0.068376
0 0.622308 0.606838 0.020000 0.068376
5 0.691538 0.606838 0.020000 0.068376
9 0.691538 0.401709 0.020000 0.068376
7 0.762308 0.299145 0.020000 0.068376
12 0.832308 0.811966 0.033846 0.068376
13 0.832308 0.606838 0.033846 0.068376
14 0.832308 0.299145 0.033846 0.068376
4 0.902308 0.401709 0.020000 0.068376
2 0.902308 0.709402 0.020000 0.068376
