18 0.198333 0.111413 0.033333 0.081522
1 0.198333 0.502717 0.020000 0.081522
27 0.198333 0.239130 0.020000 0.065217
0 0.326667 0.111413 0.020000 0.081522
0 0.455000 0.763587 0.020000 0.081522
0 0.455000 0.372283 0.020000 0.081522
7 0.455000 0.111413 0.020000 0.081522
21 0.583333 0.763587 0.033333 0.081522
8 0.583333 0.502717 0.020000 0.081522
22 0.711667 0.763587 0.033333 0.081522
3 0.711667 0.372283 0.020000 0.081522
0 0.711667 0.502717 0.020000 0.081522
11 0.711667 0.633152 0.033333 0.081522
9 0.840000 0.111413 0.020000 0.081522
6 0.840000 0.633152 0.020000 0.081522
