4 0.144167 0.621324 0.018333 0.095588
22 0.145000 0.150735 0.030000 0.095588
5 0.144167 0.386029 0.018333 0.095588
19 0.220000 0.268382 0.030000 0.095588
9 0.219167 0.386029 0.018333 0.095588
0 0.294167 0.150735 0.018333 0.095588
0 0.294167 0.386029 0.018333 0.095588
16 0.295000 0.268382 0.030000 0.095588
28 0.294167 0.503676 0.048333 0.095588
12 0.370000 0.503676 0.030000 0.095588
0 0.369167 0.386029 0.018333 0.095588
4 0.369167 0.621324 0.018333 0.095588
1 0.369167 0.738971 0.018333 0.095588
5 0.444167 0.386029 0.018333 0.095588
5 0.444167 0.503676 0.018333 0.095588
28 0.444167 0.738971 0.048333 0.095588
10 0.520000 0.268382 0.030000 0.095588
13 0.520000 0.150735 0.030000 0.095588
0 0.519167 0.386029 0.018333 0.095588
17 0.595000 0.738971 0.030000 0.095588
0 0.594167 0.503676 0.018333 0.095588
17 0.595000 0.268382 0.030000 0.095588
12 0.670000 0.150735 0.030000 0.095588
0 0.669167 0.268382 0.018333 0.095588
5 0.744167 0.738971 0.018333 0.095588
0 0.819167 0.268382 0.018333 0.095588
3 0.819167 0.386029 0.018333 0.095588
17 0.820000 0.621324 0.030000 0.095588
4 0.819167 0.150735 0.018333 0.095588
13 0.895000 0.503676 0.030000 0.095588
10 0.895000 0.150735 0.030000 0.095588
