27 0.125000 0.719697 0.015714 0.055556
5 0.125000 0.535354 0.015714 0.070707
0 0.125000 0.444444 0.015714 0.070707
9 0.189286 0.444444 0.015714 0.070707
28 0.255000 0.353535 0.038571 0.070707
5 0.320714 0.808081 0.015714 0.070707
0 0.386429 0.626263 0.015714 0.070707
20 0.385714 0.808081 0.025714 0.070707
5 0.450714 0.808081 0.015714 0.070707
8 0.450714 0.353535 0.015714 0.070707
6 0.516429 0.717172 0.015714 0.070707
28 0.517143 0.444444 0.048571 0.070707
11 0.517143 0.535354 0.025714 0.070707
0 0.516429 0.808081 0.015714 0.070707
16 0.581429 0.535354 0.025714 0.070707
10 0.581429 0.717172 0.025714 0.070707
0 0.646429 0.717172 0.015714 0.070707
14 0.647143 0.808081 0.025714 0.070707
2 0.646429 0.626263 0.015714 0.070707
20 0.712857 0.717172 0.025714 0.070707
2 0.712143 0.535354 0.015714 0.070707
16 0.712857 0.626263 0.025714 0.070707
7 0.777857 0.535354 0.015714 0.070707
23 0.777143 0.626263 0.025714 0.070707
0 0.843571 0.717172 0.015714 0.070707
21 0.842857 0.444444 0.025714 0.070707
5 0.907857 0.717172 0.015714 0.070707
0 0.907857 0.353535 0.015714 0.070707
0 0.907857 0.626263 0.015714 0.070707
0 0.907857 0.808081 0.015714 0.070707
2 0.907857 0.444444 0.015714 0.070707
