0 0.181667 0.810606 0.016667 0.065657
6 0.181667 0.356061 0.016667 0.065657
0 0.181667 0.537879 0.016667 0.065657
5 0.295000 0.537879 0.016667 0.065657
24 0.295000 0.356061 0.026667 0.065657
3 0.295000 0.810606 0.016667 0.065657
10 0.295000 0.628788 0.026667 0.065657
1 0.406667 0.628788 0.016667 0.065657
2 0.406667 0.719697 0.016667 0.065657
4 0.406667 0.810606 0.016667 0.065657
2 0.520000 0.356061 0.016667 0.065657
24 0.631667 0.356061 0.026667 0.065657
13 0.631667 0.719697 0.026667 0.065657
0 0.631667 0.628788 0.016667 0.065657
20 0.631667 0.446970 0.026667 0.065657
4 0.745000 0.810606 0.016667 0.065657
28 0.856667 0.810606 0.050000 0.065657
5 0.856667 0.719697 0.016667 0.065657
