11 0.133846 0.711712 0.036923 0.063063
22 0.133846 0.414414 0.036923 0.063063
1 0.133846 0.513514 0.021538 0.063063
0 0.203077 0.414414 0.021538 0.063063
4 0.203077 0.810811 0.021538 0.063063
23 0.203077 0.513514 0.036923 0.063063
3 0.273846 0.414414 0.021538 0.063063
0 0.343077 0.612613 0.021538 0.063063
0 0.343077 0.513514 0.021538 0.063063
0 0.343077 0.711712 0.021538 0.063063
8 0.412308 0.513514 0.021538 0.063063
3 0.412308 0.711712 0.021538 0.063063
7 0.412308 0.810811 0.021538 0.063063
7 0.412308 0.315315 0.021538 0.063063
7 0.483077 0.315315 0.021538 0.063063
5 0.483077 0.810811 0.021538 0.063063
4 0.483077 0.414414 0.021538 0.063063
5 0.552308 0.810811 0.021538 0.063063
2 0.552308 0.711712 0.021538 0.063063
1 0.552308 0.612613 0.021538 0.063063
5 0.623077 0.414414 0.021538 0.063063
24 0.623077 0.513514 0.036923 0.063063
9 0.623077 0.315315 0.021538 0.063063
0 0.692308 0.414414 0.021538 0.063063
10 0.692308 0.612613 0.036923 0.063063
17 0.761538 0.810811 0.036923 0.063063
0 0.761538 0.414414 0.021538 0.063063
12 0.761538 0.513514 0.036923 0.063063
6 0.761538 0.711712 0.021538 0.063063
18 0.761538 0.612613 0.036923 0.063063
7 0.832308 0.414414 0.021538 0.063063
0 0.832308 0.612613 0.021538 0.063063
14 0.832308 0.711712 0.036923 0.063063
0 0.832308 0.513514 0.021538 0.063063
19 0.832308 0.810811 0.036923 0.063063
0 0.901538 0.315315 0.021538 0.063063
