0 0.102941 0.606838 0.012941 0.059829
16 0.103529 0.709402 0.021176 0.059829
2 0.102941 0.401709 0.012941 0.059829
0 0.158235 0.811966 0.012941 0.059829
20 0.157647 0.504274 0.021176 0.059829
22 0.212941 0.811966 0.021176 0.059829
14 0.212941 0.299145 0.021176 0.059829
2 0.212353 0.709402 0.012941 0.059829
2 0.212353 0.606838 0.012941 0.059829
7 0.267647 0.299145 0.012941 0.059829
20 0.322353 0.811966 0.021176 0.059829
0 0.321765 0.709402 0.012941 0.059829
4 0.321765 0.401709 0.012941 0.059829
9 0.377059 0.811966 0.012941 0.059829
0 0.377059 0.299145 0.012941 0.059829
0 0.431176 0.811966 0.012941 0.059829
23 0.431765 0.299145 0.021176 0.059829
0 0.431176 0.504274 0.012941 0.059829
14 0.431765 0.606838 0.021176 0.059829
8 0.431176 0.401709 0.012941 0.059829
18 0.485882 0.606838 0.021176 0.059829
15 0.485882 0.811966 0.021176 0.059829
2 0.486471 0.504274 0.012941 0.059829
9 0.486471 0.299145 0.012941 0.059829
2 0.486471 0.401709 0.012941 0.059829
10 0.541176 0.299145 0.021176 0.059829
0 0.540588 0.504274 0.012941 0.059829
0 0.595882 0.299145 0.012941 0.059829
17 0.595294 0.709402 0.021176 0.059829
13 0.650588 0.504274 0.021176 0.059829
0 0.650000 0.709402 0.012941 0.059829
17 0.704706 0.606838 0.021176 0.059829
1 0.705294 0.299145 0.012941 0.059829
0 0.705294 0.401709 0.012941 0.059829
27 0.705294 0.711538 0.012941 0.047009
9 0.759412 0.811966 0.012941 0.059829
17 0.760000 0.299145 0.021176 0.059829
23 0.760000 0.709402 0.021176 0.059829
9 0.814706 0.811966 0.012941 0.059829
12 0.814118 0.504274 0.021176 0.059829
4 0.868824 0.709402 0.012941 0.059829
0 0.868824 0.401709 0.012941 0.059829
12 0.869412 0.606838 0.021176 0.059829
21 0.869412 0.811966 0.021176 0.059829
19 0.923529 0.401709 0.021176 0.059829
