8 0.169167 0.375000 0.018333 0.075581
1 0.169167 0.119186 0.018333 0.075581
0 0.169167 0.502907 0.018333 0.075581
5 0.169167 0.758721 0.018333 0.075581
12 0.170000 0.247093 0.030000 0.075581
9 0.269167 0.119186 0.018333 0.075581
28 0.269167 0.247093 0.041667 0.075581
2 0.269167 0.630814 0.018333 0.075581
2 0.269167 0.502907 0.018333 0.075581
5 0.369167 0.502907 0.018333 0.075581
5 0.369167 0.119186 0.018333 0.075581
4 0.469167 0.119186 0.018333 0.075581
11 0.470000 0.247093 0.030000 0.075581
0 0.569167 0.758721 0.018333 0.075581
1 0.569167 0.630814 0.018333 0.075581
10 0.670000 0.119186 0.030000 0.075581
1 0.669167 0.502907 0.018333 0.075581
0 0.769167 0.119186 0.018333 0.075581
0 0.769167 0.247093 0.018333 0.075581
21 0.770000 0.758721 0.030000 0.075581
0 0.869167 0.630814 0.018333 0.075581
21 0.870000 0.758721 0.030000 0.075581
3 0.869167 0.119186 0.018333 0.075581
