2 0.103529 0.317568 0.016471 0.067568
20 0.103529 0.614865 0.028235 0.067568
5 0.103529 0.416667 0.016471 0.067568
6 0.157647 0.317568 0.016471 0.067568
2 0.212941 0.813063 0.016471 0.067568
0 0.267059 0.416667 0.016471 0.067568
24 0.267059 0.713964 0.028235 0.067568
7 0.322353 0.416667 0.016471 0.067568
7 0.322353 0.515766 0.016471 0.067568
22 0.376471 0.416667 0.028235 0.067568
3 0.376471 0.317568 0.016471 0.067568
0 0.376471 0.813063 0.016471 0.067568
17 0.376471 0.515766 0.028235 0.067568
7 0.431765 0.317568 0.016471 0.067568
21 0.485882 0.614865 0.028235 0.067568
0 0.485882 0.813063 0.016471 0.067568
0 0.485882 0.713964 0.016471 0.067568
17 0.541176 0.416667 0.028235 0.067568
5 0.541176 0.614865 0.016471 0.067568
6 0.541176 0.813063 0.016471 0.067568
7 0.595294 0.813063 0.016471 0.067568
5 0.595294 0.713964 0.016471 0.067568
15 0.650588 0.317568 0.028235 0.067568
18 0.650588 0.713964 0.028235 0.067568
4 0.704706 0.317568 0.016471 0.067568
0 0.704706 0.416667 0.016471 0.067568
4 0.760000 0.416667 0.016471 0.067568
14 0.760000 0.614865 0.028235 0.067568
4 0.760000 0.813063 0.016471 0.067568
12 0.814118 0.416667 0.028235 0.067568
0 0.814118 0.515766 0.016471 0.067568
10 0.869412 0.614865 0.028235 0.067568
0 0.869412 0.813063 0.016471 0.067568
7 0.923529 0.813063 0.016471 0.067568
5 0.923529 0.317568 0.016471 0.067568
23 0.923529 0.713964 0.028235 0.067568
0 0.923529 0.416667 0.016471 0.067568
