7 0.151667 0.378125 0.020000 0.081250
3 0.151667 0.753125 0.020000 0.081250
10 0.233333 0.503125 0.033333 0.081250
10 0.315000 0.628125 0.033333 0.081250
24 0.396667 0.128125 0.033333 0.081250
1 0.396667 0.628125 0.020000 0.081250
0 0.396667 0.378125 0.020000 0.081250
0 0.396667 0.503125 0.020000 0.081250
2 0.478333 0.253125 0.020000 0.081250
12 0.560000 0.378125 0.033333 0.081250
12 0.560000 0.253125 0.033333 0.081250
22 0.641667 0.628125 0.033333 0.081250
7 0.641667 0.253125 0.020000 0.081250
0 0.723333 0.753125 0.020000 0.081250
0 0.723333 0.378125 0.020000 0.081250
15 0.805000 0.503125 0.033333 0.081250
28 0.805000 0.125000 0.066667 0.087500
11 0.805000 0.753125 0.033333 0.081250
0 0.886667 0.128125 0.020000 0.081250
5 0.886667 0.753125 0.020000 0.081250
22 0.886667 0.253125 0.033333 0.081250
10 0.886667 0.503125 0.033333 0.081250
