4 0.110000 0.763587 0.015000 0.070652
0 0.167500 0.241848 0.015000 0.070652
24 0.167500 0.502717 0.025000 0.070652
0 0.167500 0.111413 0.015000 0.070652
0 0.167500 0.763587 0.015000 0.070652
9 0.167500 0.633152 0.015000 0.070652
4 0.225000 0.111413 0.015000 0.070652
2 0.225000 0.502717 0.015000 0.070652
8 0.225000 0.763587 0.015000 0.070652
18 0.225000 0.633152 0.025000 0.070652
0 0.225000 0.372283 0.015000 0.070652
8 0.283750 0.111413 0.015000 0.070652
3 0.283750 0.763587 0.015000 0.070652
12 0.283750 0.241848 0.025000 0.070652
1 0.341250 0.763587 0.015000 0.070652
0 0.341250 0.633152 0.015000 0.070652
23 0.398750 0.633152 0.025000 0.070652
7 0.398750 0.763587 0.015000 0.070652
8 0.398750 0.502717 0.015000 0.070652
0 0.398750 0.241848 0.015000 0.070652
0 0.456250 0.763587 0.015000 0.070652
4 0.456250 0.502717 0.015000 0.070652
27 0.515000 0.763587 0.015000 0.059783
0 0.572500 0.763587 0.015000 0.070652
0 0.572500 0.372283 0.015000 0.070652
3 0.572500 0.111413 0.015000 0.070652
21 0.630000 0.372283 0.025000 0.070652
5 0.687500 0.372283 0.015000 0.070652
9 0.687500 0.111413 0.015000 0.070652
3 0.687500 0.633152 0.015000 0.070652
5 0.746250 0.241848 0.015000 0.070652
0 0.746250 0.372283 0.015000 0.070652
5 0.803750 0.633152 0.015000 0.070652
5 0.803750 0.372283 0.015000 0.070652
23 0.861250 0.633152 0.025000 0.070652
1 0.861250 0.111413 0.015000 0.070652
2 0.861250 0.372283 0.015000 0.070652
18 0.918750 0.372283 0.025000 0.070652
4 0.918750 0.763587 0.015000 0.070652
