3 0.181667 0.356061 0.020000 0.065657
6 0.295000 0.810606 0.020000 0.065657
13 0.406667 0.537879 0.033333 0.065657
11 0.406667 0.719697 0.033333 0.065657
1 0.406667 0.356061 0.020000 0.065657
11 0.520000 0.628788 0.033333 0.065657
22 0.520000 0.719697 0.033333 0.065657
2 0.520000 0.810606 0.020000 0.065657
23 0.520000 0.356061 0.033333 0.065657
5 0.520000 0.446970 0.020000 0.065657
0 0.631667 0.537879 0.020000 0.065657
0 0.631667 0.719697 0.020000 0.065657
20 0.631667 0.446970 0.033333 0.065657
23 0.745000 0.719697 0.033333 0.065657
2 0.745000 0.628788 0.020000 0.065657
5 0.856667 0.446970 0.020000 0.065657
20 0.856667 0.628788 0.033333 0.065657
