13 0.145000 0.500000 0.033333 0.094595
4 0.220000 0.743243 0.020000 0.094595
11 0.220000 0.256757 0.033333 0.094595
18 0.295000 0.135135 0.033333 0.094595
0 0.295000 0.621622 0.020000 0.094595
12 0.295000 0.500000 0.033333 0.094595
12 0.295000 0.743243 0.033333 0.094595
0 0.370000 0.135135 0.020000 0.094595
0 0.370000 0.621622 0.020000 0.094595
7 0.370000 0.378378 0.020000 0.094595
27 0.369167 0.746622 0.018333 0.074324
11 0.445000 0.256757 0.033333 0.094595
16 0.445000 0.500000 0.033333 0.094595
1 0.520000 0.378378 0.020000 0.094595
9 0.520000 0.621622 0.020000 0.094595
11 0.520000 0.500000 0.033333 0.094595
7 0.595000 0.743243 0.020000 0.094595
0 0.595000 0.621622 0.020000 0.094595
3 0.670000 0.256757 0.020000 0.094595
11 0.670000 0.621622 0.033333 0.094595
12 0.670000 0.135135 0.033333 0.094595
2 0.745000 0.743243 0.020000 0.094595
18 0.745000 0.256757 0.033333 0.094595
19 0.745000 0.500000 0.033333 0.094595
0 0.820000 0.378378 0.020000 0.094595
3 0.820000 0.135135 0.020000 0.094595
14 0.895000 0.621622 0.033333 0.094595
10 0.895000 0.378378 0.033333 0.094595
1 0.895000 0.256757 0.020000 0.094595
28 0.895000 0.500000 0.046667 0.094595
