0 0.151667 0.119186 0.023333 0.098837
0 0.151667 0.758721 0.023333 0.098837
12 0.151667 0.375000 0.040000 0.098837
7 0.151667 0.502907 0.023333 0.098837
0 0.233333 0.630814 0.023333 0.098837
0 0.233333 0.502907 0.023333 0.098837
11 0.233333 0.758721 0.040000 0.098837
9 0.233333 0.375000 0.023333 0.098837
2 0.315000 0.502907 0.023333 0.098837
5 0.315000 0.119186 0.023333 0.098837
0 0.315000 0.758721 0.023333 0.098837
4 0.396667 0.119186 0.023333 0.098837
0 0.396667 0.758721 0.023333 0.098837
9 0.396667 0.375000 0.023333 0.098837
21 0.396667 0.630814 0.040000 0.098837
20 0.478333 0.630814 0.040000 0.098837
0 0.478333 0.119186 0.023333 0.098837
11 0.560000 0.502907 0.040000 0.098837
1 0.560000 0.247093 0.023333 0.098837
28 0.560000 0.375000 0.066667 0.098837
9 0.560000 0.758721 0.023333 0.098837
5 0.641667 0.630814 0.023333 0.098837
16 0.641667 0.758721 0.040000 0.098837
22 0.723333 0.630814 0.040000 0.098837
3 0.723333 0.119186 0.023333 0.098837
0 0.805000 0.119186 0.023333 0.098837
2 0.805000 0.502907 0.023333 0.098837
5 0.805000 0.375000 0.023333 0.098837
2 0.886667 0.502907 0.023333 0.098837
