14 0.160000 0.617647 0.036667 0.102941
8 0.159167 0.735294 0.021667 0.102941
5 0.249167 0.264706 0.021667 0.102941
22 0.250000 0.382353 0.036667 0.102941
5 0.249167 0.735294 0.021667 0.102941
0 0.339167 0.382353 0.021667 0.102941
0 0.339167 0.735294 0.021667 0.102941
18 0.430000 0.617647 0.036667 0.102941
7 0.429167 0.382353 0.021667 0.102941
8 0.519167 0.264706 0.021667 0.102941
11 0.520000 0.500000 0.036667 0.102941
18 0.610000 0.147059 0.036667 0.102941
1 0.609167 0.617647 0.021667 0.102941
5 0.699167 0.500000 0.021667 0.102941
3 0.789167 0.382353 0.021667 0.102941
11 0.880000 0.617647 0.036667 0.102941
24 0.880000 0.735294 0.036667 0.102941
