24 0.181667 0.763587 0.033333 0.081522
2 0.181667 0.372283 0.020000 0.081522
28 0.295000 0.502717 0.050000 0.081522
17 0.406667 0.502717 0.033333 0.081522
2 0.406667 0.111413 0.020000 0.081522
0 0.520000 0.763587 0.020000 0.081522
20 0.520000 0.372283 0.033333 0.081522
9 0.520000 0.502717 0.020000 0.081522
4 0.631667 0.763587 0.020000 0.081522
1 0.631667 0.372283 0.020000 0.081522
0 0.745000 0.502717 0.020000 0.081522
1 0.745000 0.763587 0.020000 0.081522
0 0.856667 0.502717 0.020000 0.081522
20 0.856667 0.763587 0.033333 0.081522
