19 0.170000 0.502717 0.036667 0.081522
4 0.169167 0.763587 0.021667 0.081522
2 0.169167 0.241848 0.021667 0.081522
8 0.269167 0.111413 0.021667 0.081522
5 0.269167 0.763587 0.021667 0.081522
11 0.270000 0.241848 0.036667 0.081522
3 0.369167 0.241848 0.021667 0.081522
0 0.369167 0.111413 0.021667 0.081522
28 0.470000 0.763587 0.066667 0.081522
0 0.569167 0.763587 0.021667 0.081522
0 0.669167 0.502717 0.021667 0.081522
13 0.670000 0.372283 0.036667 0.081522
10 0.770000 0.241848 0.036667 0.081522
1 0.769167 0.633152 0.021667 0.081522
2 0.769167 0.372283 0.021667 0.081522
11 0.870000 0.763587 0.036667 0.081522
11 0.870000 0.502717 0.036667 0.081522
22 0.870000 0.241848 0.036667 0.081522
