8 0.133846 0.746622 0.018462 0.101351
6 0.133846 0.381757 0.018462 0.101351
0 0.133846 0.625000 0.018462 0.101351
7 0.133846 0.138514 0.018462 0.101351
3 0.133846 0.260135 0.018462 0.101351
17 0.203077 0.503378 0.030769 0.101351
2 0.203077 0.625000 0.018462 0.101351
9 0.203077 0.260135 0.018462 0.101351
13 0.203077 0.381757 0.030769 0.101351
15 0.273846 0.503378 0.030769 0.101351
5 0.273846 0.138514 0.018462 0.101351
0 0.273846 0.381757 0.018462 0.101351
3 0.273846 0.746622 0.018462 0.101351
1 0.343077 0.260135 0.018462 0.101351
4 0.412308 0.503378 0.018462 0.101351
0 0.412308 0.746622 0.018462 0.101351
7 0.412308 0.381757 0.018462 0.101351
21 0.412308 0.625000 0.030769 0.101351
6 0.483077 0.381757 0.018462 0.101351
5 0.483077 0.503378 0.018462 0.101351
2 0.552308 0.381757 0.018462 0.101351
11 0.552308 0.503378 0.030769 0.101351
0 0.552308 0.138514 0.018462 0.101351
17 0.623077 0.260135 0.030769 0.101351
24 0.623077 0.625000 0.030769 0.101351
10 0.623077 0.746622 0.030769 0.101351
3 0.623077 0.503378 0.018462 0.101351
10 0.692308 0.503378 0.030769 0.101351
0 0.761538 0.260135 0.018462 0.101351
20 0.761538 0.746622 0.030769 0.101351
8 0.761538 0.138514 0.018462 0.101351
11 0.761538 0.503378 0.030769 0.101351
17 0.832308 0.260135 0.030769 0.101351
2 0.832308 0.138514 0.018462 0.101351
18 0.832308 0.746622 0.030769 0.101351
28 0.832308 0.625000 0.046154 0.101351
5 0.832308 0.381757 0.018462 0.101351
0 0.901538 0.138514 0.018462 0.101351
0 0.901538 0.503378 0.018462 0.101351
14 0.901538 0.625000 0.030769 0.101351
