2 0.133077 0.500000 0.020000 0.086957
0 0.133077 0.760870 0.020000 0.086957
11 0.133846 0.630435 0.033846 0.086957
4 0.133077 0.369565 0.020000 0.086957
0 0.203846 0.500000 0.020000 0.086957
9 0.273077 0.239130 0.020000 0.086957
6 0.273077 0.500000 0.020000 0.086957
11 0.343077 0.239130 0.033846 0.086957
0 0.343846 0.369565 0.020000 0.086957
9 0.413077 0.239130 0.020000 0.086957
11 0.412308 0.500000 0.033846 0.086957
2 0.482308 0.369565 0.020000 0.086957
8 0.482308 0.500000 0.020000 0.086957
14 0.483077 0.630435 0.033846 0.086957
1 0.553077 0.500000 0.020000 0.086957
3 0.553077 0.239130 0.020000 0.086957
19 0.552308 0.108696 0.033846 0.086957
11 0.623077 0.760870 0.033846 0.086957
8 0.622308 0.500000 0.020000 0.086957
10 0.623077 0.630435 0.033846 0.086957
4 0.622308 0.369565 0.020000 0.086957
0 0.622308 0.239130 0.020000 0.086957
7 0.691538 0.369565 0.020000 0.086957
2 0.691538 0.108696 0.020000 0.086957
18 0.692308 0.239130 0.033846 0.086957
11 0.761538 0.760870 0.033846 0.086957
5 0.831538 0.108696 0.020000 0.086957
12 0.832308 0.630435 0.033846 0.086957
7 0.902308 0.239130 0.020000 0.086957
0 0.902308 0.630435 0.020000 0.086957
