7 0.109375 0.108696 0.013750 0.065217
4 0.109375 0.369565 0.013750 0.065217
16 0.110000 0.239130 0.022500 0.065217
15 0.167500 0.239130 0.022500 0.065217
2 0.168125 0.760870 0.013750 0.065217
0 0.168125 0.369565 0.013750 0.065217
22 0.225000 0.108696 0.022500 0.065217
12 0.283750 0.108696 0.022500 0.065217
5 0.283125 0.239130 0.013750 0.065217
0 0.283125 0.630435 0.013750 0.065217
4 0.340625 0.108696 0.013750 0.065217
14 0.341250 0.500000 0.022500 0.065217
2 0.399375 0.239130 0.013750 0.065217
7 0.399375 0.630435 0.013750 0.065217
11 0.398750 0.760870 0.022500 0.065217
3 0.399375 0.108696 0.013750 0.065217
5 0.456875 0.760870 0.013750 0.065217
8 0.456875 0.630435 0.013750 0.065217
5 0.514375 0.239130 0.013750 0.065217
19 0.572500 0.369565 0.022500 0.065217
0 0.571875 0.760870 0.013750 0.065217
5 0.571875 0.239130 0.013750 0.065217
14 0.572500 0.630435 0.022500 0.065217
10 0.630000 0.108696 0.022500 0.065217
6 0.630625 0.369565 0.013750 0.065217
5 0.688125 0.760870 0.013750 0.065217
14 0.687500 0.630435 0.022500 0.065217
28 0.746250 0.630435 0.040000 0.065217
11 0.746250 0.500000 0.022500 0.065217
7 0.745625 0.369565 0.013750 0.065217
0 0.803125 0.239130 0.013750 0.065217
6 0.803125 0.760870 0.013750 0.065217
12 0.803750 0.500000 0.022500 0.065217
12 0.803750 0.630435 0.022500 0.065217
0 0.861875 0.239130 0.013750 0.065217
2 0.919375 0.500000 0.013750 0.065217
9 0.919375 0.760870 0.013750 0.065217
0 0.919375 0.369565 0.013750 0.065217
1 0.919375 0.239130 0.013750 0.065217
