0 0.220000 0.503378 0.020000 0.101351
28 0.220000 0.746622 0.050000 0.101351
0 0.370000 0.625000 0.020000 0.101351
9 0.370000 0.260135 0.020000 0.101351
9 0.520000 0.746622 0.020000 0.101351
5 0.520000 0.260135 0.020000 0.101351
3 0.520000 0.503378 0.020000 0.101351
15 0.670000 0.381757 0.033333 0.101351
18 0.670000 0.746622 0.033333 0.101351
12 0.820000 0.381757 0.033333 0.101351
2 0.820000 0.138514 0.020000 0.101351
24 0.820000 0.625000 0.033333 0.101351
12 0.820000 0.260135 0.033333 0.101351
6 0.820000 0.503378 0.020000 0.101351
