0 0.150833 0.369565 0.018333 0.065217
28 0.232500 0.630435 0.045000 0.065217
5 0.314167 0.369565 0.018333 0.065217
7 0.395833 0.500000 0.018333 0.065217
19 0.396667 0.369565 0.030000 0.065217
9 0.477500 0.369565 0.018333 0.065217
16 0.478333 0.500000 0.030000 0.065217
8 0.560833 0.760870 0.018333 0.065217
10 0.560000 0.500000 0.030000 0.065217
11 0.560000 0.369565 0.030000 0.065217
12 0.560000 0.630435 0.030000 0.065217
19 0.641667 0.500000 0.030000 0.065217
5 0.642500 0.108696 0.018333 0.065217
2 0.642500 0.760870 0.018333 0.065217
7 0.724167 0.108696 0.018333 0.065217
5 0.724167 0.630435 0.018333 0.065217
0 0.724167 0.369565 0.018333 0.065217
0 0.724167 0.239130 0.018333 0.065217
7 0.805833 0.500000 0.018333 0.065217
0 0.887500 0.760870 0.018333 0.065217
5 0.887500 0.239130 0.018333 0.065217
11 0.886667 0.369565 0.030000 0.065217
17 0.886667 0.630435 0.030000 0.065217
