27 0.159167 0.719697 0.021667 0.065657
27 0.159167 0.356061 0.021667 0.065657
4 0.250000 0.535354 0.023333 0.080808
5 0.250000 0.356061 0.023333 0.085859
2 0.250000 0.444444 0.023333 0.080808
12 0.340000 0.808081 0.040000 0.080808
9 0.340000 0.444444 0.023333 0.080808
11 0.340000 0.353535 0.040000 0.080808
10 0.430000 0.717172 0.040000 0.080808
0 0.430000 0.444444 0.023333 0.080808
2 0.520000 0.717172 0.023333 0.080808
2 0.520000 0.626263 0.023333 0.080808
10 0.520000 0.535354 0.040000 0.080808
18 0.520000 0.808081 0.040000 0.080808
9 0.610000 0.808081 0.023333 0.080808
21 0.610000 0.535354 0.040000 0.080808
5 0.700000 0.719697 0.023333 0.085859
4 0.700000 0.353535 0.023333 0.080808
0 0.700000 0.808081 0.023333 0.080808
4 0.700000 0.626263 0.023333 0.080808
3 0.790000 0.808081 0.023333 0.080808
0 0.790000 0.444444 0.023333 0.080808
11 0.880000 0.444444 0.040000 0.080808
8 0.880000 0.353535 0.023333 0.080808
