1 0.181667 0.811905 0.016667 0.061905
10 0.181667 0.335714 0.026667 0.061905
28 0.181667 0.526190 0.050000 0.061905
16 0.181667 0.716667 0.026667 0.061905
24 0.295000 0.335714 0.026667 0.061905
23 0.406667 0.811905 0.026667 0.061905
8 0.406667 0.430952 0.016667 0.061905
28 0.406667 0.716667 0.040000 0.061905
3 0.520000 0.621429 0.016667 0.061905
0 0.520000 0.811905 0.016667 0.061905
1 0.631667 0.811905 0.016667 0.061905
23 0.631667 0.335714 0.026667 0.061905
4 0.631667 0.430952 0.016667 0.061905
12 0.631667 0.526190 0.026667 0.061905
7 0.745000 0.716667 0.016667 0.061905
5 0.856667 0.335714 0.016667 0.061905
0 0.856667 0.811905 0.016667 0.061905
24 0.856667 0.430952 0.026667 0.061905
