27 0.150833 0.809524 0.021667 0.057143
22 0.151667 0.716667 0.040000 0.071429
4 0.233333 0.526190 0.023333 0.071429
3 0.233333 0.716667 0.023333 0.071429
6 0.233333 0.430952 0.023333 0.071429
16 0.233333 0.335714 0.040000 0.071429
3 0.315000 0.621429 0.023333 0.071429
0 0.315000 0.811905 0.023333 0.071429
20 0.315000 0.526190 0.040000 0.071429
10 0.396667 0.811905 0.040000 0.071429
10 0.478333 0.621429 0.040000 0.071429
19 0.478333 0.716667 0.040000 0.071429
2 0.478333 0.430952 0.023333 0.071429
1 0.560000 0.335714 0.023333 0.071429
9 0.560000 0.716667 0.023333 0.071429
2 0.641667 0.811905 0.023333 0.071429
1 0.641667 0.430952 0.023333 0.071429
16 0.641667 0.621429 0.040000 0.071429
0 0.723333 0.430952 0.023333 0.071429
9 0.723333 0.526190 0.023333 0.071429
9 0.723333 0.811905 0.023333 0.071429
9 0.723333 0.335714 0.023333 0.071429
7 0.805000 0.811905 0.023333 0.071429
11 0.886667 0.526190 0.040000 0.071429
11 0.886667 0.430952 0.040000 0.071429
