1 0.150833 0.709402 0.018333 0.059829
4 0.150833 0.504274 0.018333 0.059829
20 0.151667 0.299145 0.030000 0.059829
2 0.150833 0.606838 0.018333 0.059829
5 0.232500 0.504274 0.018333 0.059829
0 0.232500 0.811966 0.018333 0.059829
5 0.232500 0.299145 0.018333 0.059829
7 0.232500 0.709402 0.018333 0.059829
11 0.233333 0.401709 0.030000 0.059829
0 0.314167 0.606838 0.018333 0.059829
5 0.314167 0.299145 0.018333 0.059829
0 0.314167 0.504274 0.018333 0.059829
17 0.315000 0.811966 0.030000 0.059829
23 0.396667 0.811966 0.030000 0.059829
0 0.395833 0.299145 0.018333 0.059829
11 0.396667 0.401709 0.030000 0.059829
27 0.478333 0.403846 0.020000 0.047009
7 0.477500 0.504274 0.018333 0.059829
18 0.478333 0.606838 0.030000 0.059829
0 0.560833 0.504274 0.018333 0.059829
0 0.560833 0.811966 0.018333 0.059829
0 0.642500 0.401709 0.018333 0.059829
3 0.642500 0.299145 0.018333 0.059829
3 0.642500 0.606838 0.018333 0.059829
0 0.724167 0.299145 0.018333 0.059829
13 0.723333 0.504274 0.030000 0.059829
0 0.805833 0.811966 0.018333 0.059829
0 0.805833 0.401709 0.018333 0.059829
13 0.805000 0.299145 0.030000 0.059829
11 0.886667 0.811966 0.030000 0.059829
1 0.887500 0.504274 0.018333 0.059829
9 0.887500 0.299145 0.018333 0.059829
