11 0.133846 0.378378 0.027692 0.081081
17 0.133846 0.621622 0.027692 0.081081
2 0.133077 0.135135 0.016923 0.081081
0 0.133077 0.256757 0.016923 0.081081
21 0.133846 0.743243 0.027692 0.081081
9 0.203846 0.500000 0.016923 0.081081
0 0.203846 0.621622 0.016923 0.081081
15 0.273846 0.621622 0.027692 0.081081
20 0.273846 0.500000 0.027692 0.081081
24 0.273846 0.256757 0.027692 0.081081
14 0.273846 0.743243 0.027692 0.081081
0 0.273077 0.135135 0.016923 0.081081
2 0.343846 0.135135 0.016923 0.081081
4 0.343846 0.621622 0.016923 0.081081
28 0.343077 0.746622 0.049231 0.087838
9 0.343846 0.500000 0.016923 0.081081
6 0.343846 0.378378 0.016923 0.081081
13 0.412308 0.621622 0.027692 0.081081
9 0.413077 0.500000 0.016923 0.081081
5 0.482308 0.500000 0.016923 0.081081
11 0.483077 0.378378 0.027692 0.081081
0 0.553077 0.135135 0.016923 0.081081
0 0.622308 0.743243 0.016923 0.081081
1 0.622308 0.621622 0.016923 0.081081
11 0.623077 0.378378 0.027692 0.081081
12 0.623077 0.135135 0.027692 0.081081
21 0.623077 0.256757 0.027692 0.081081
21 0.692308 0.135135 0.027692 0.081081
3 0.762308 0.256757 0.016923 0.081081
28 0.831538 0.746622 0.038462 0.087838
3 0.902308 0.621622 0.016923 0.081081
0 0.902308 0.135135 0.016923 0.081081
12 0.901538 0.378378 0.027692 0.081081
0 0.902308 0.256757 0.016923 0.081081
