5 0.116667 0.375000 0.017333 0.087500
10 0.178667 0.500000 0.029333 0.087500
7 0.178000 0.375000 0.017333 0.087500
5 0.178000 0.625000 0.017333 0.087500
20 0.240000 0.125000 0.029333 0.087500
1 0.300667 0.750000 0.017333 0.087500
28 0.300667 0.500000 0.046667 0.087500
2 0.300667 0.125000 0.017333 0.087500
11 0.362667 0.375000 0.029333 0.087500
5 0.362000 0.625000 0.017333 0.087500
13 0.362667 0.750000 0.029333 0.087500
27 0.362667 0.500000 0.016000 0.075000
0 0.423333 0.125000 0.017333 0.087500
7 0.423333 0.750000 0.017333 0.087500
15 0.424000 0.375000 0.029333 0.087500
7 0.423333 0.625000 0.017333 0.087500
4 0.484667 0.250000 0.017333 0.087500
4 0.484667 0.375000 0.017333 0.087500
13 0.485333 0.500000 0.029333 0.087500
0 0.546000 0.625000 0.017333 0.087500
15 0.546667 0.125000 0.029333 0.087500
8 0.546000 0.500000 0.017333 0.087500
12 0.608000 0.625000 0.029333 0.087500
2 0.607333 0.125000 0.017333 0.087500
11 0.669333 0.625000 0.029333 0.087500
1 0.730000 0.625000 0.017333 0.087500
3 0.730000 0.375000 0.017333 0.087500
10 0.792000 0.250000 0.029333 0.087500
4 0.852667 0.750000 0.017333 0.087500
12 0.914667 0.250000 0.029333 0.087500
3 0.914000 0.500000 0.017333 0.087500
