19 0.181667 0.138514 0.030000 0.087838
10 0.181667 0.746622 0.030000 0.087838
0 0.182500 0.625000 0.018333 0.087838
16 0.295000 0.381757 0.030000 0.087838
17 0.406667 0.381757 0.030000 0.087838
3 0.407500 0.138514 0.018333 0.087838
0 0.407500 0.746622 0.018333 0.087838
0 0.519167 0.381757 0.018333 0.087838
17 0.520000 0.138514 0.030000 0.087838
2 0.632500 0.381757 0.018333 0.087838
14 0.631667 0.625000 0.030000 0.087838
28 0.632500 0.260135 0.055000 0.087838
0 0.632500 0.138514 0.018333 0.087838
18 0.631667 0.503378 0.030000 0.087838
28 0.745000 0.625000 0.043333 0.087838
21 0.745000 0.381757 0.030000 0.087838
9 0.744167 0.503378 0.018333 0.087838
9 0.744167 0.260135 0.018333 0.087838
5 0.857500 0.381757 0.018333 0.087838
28 0.856667 0.503378 0.043333 0.087838
3 0.857500 0.746622 0.018333 0.087838
