9 0.103529 0.111413 0.016471 0.092391
0 0.103529 0.763587 0.016471 0.092391
0 0.103529 0.372283 0.016471 0.092391
12 0.103529 0.633152 0.028235 0.092391
5 0.157647 0.502717 0.016471 0.092391
19 0.212941 0.241848 0.028235 0.092391
9 0.267059 0.241848 0.016471 0.092391
21 0.322353 0.372283 0.028235 0.092391
2 0.376471 0.372283 0.016471 0.092391
22 0.376471 0.633152 0.028235 0.092391
2 0.376471 0.111413 0.016471 0.092391
20 0.376471 0.763587 0.028235 0.092391
18 0.431765 0.763587 0.028235 0.092391
4 0.431765 0.502717 0.016471 0.092391
28 0.431765 0.111413 0.054118 0.092391
9 0.485882 0.502717 0.016471 0.092391
2 0.485882 0.372283 0.016471 0.092391
1 0.485882 0.763587 0.016471 0.092391
16 0.541176 0.502717 0.028235 0.092391
10 0.595294 0.633152 0.028235 0.092391
5 0.595294 0.372283 0.016471 0.092391
28 0.650588 0.111413 0.054118 0.092391
0 0.650588 0.633152 0.016471 0.092391
16 0.704706 0.502717 0.028235 0.092391
1 0.704706 0.111413 0.016471 0.092391
10 0.704706 0.763587 0.028235 0.092391
19 0.760000 0.111413 0.028235 0.092391
21 0.814118 0.502717 0.028235 0.092391
0 0.814118 0.241848 0.016471 0.092391
13 0.869412 0.763587 0.028235 0.092391
27 0.869412 0.108696 0.016471 0.076087
20 0.869412 0.372283 0.028235 0.092391
2 0.869412 0.633152 0.016471 0.092391
10 0.923529 0.502717 0.028235 0.092391
2 0.923529 0.372283 0.016471 0.092391
11 0.923529 0.633152 0.028235 0.092391
12 0.923529 0.241848 0.028235 0.092391
0 0.923529 0.763587 0.016471 0.092391
