17 0.110000 0.378125 0.027500 0.081250
28 0.109375 0.503125 0.041250 0.081250
8 0.109375 0.253125 0.016250 0.081250
1 0.168125 0.628125 0.016250 0.081250
10 0.167500 0.253125 0.027500 0.081250
17 0.167500 0.503125 0.027500 0.081250
7 0.168125 0.753125 0.016250 0.081250
19 0.225000 0.503125 0.027500 0.081250
10 0.225000 0.253125 0.027500 0.081250
12 0.283750 0.128125 0.027500 0.081250
9 0.283125 0.753125 0.016250 0.081250
21 0.341250 0.253125 0.027500 0.081250
23 0.398750 0.753125 0.027500 0.081250
7 0.399375 0.503125 0.016250 0.081250
0 0.456875 0.628125 0.016250 0.081250
5 0.514375 0.128125 0.016250 0.081250
0 0.514375 0.378125 0.016250 0.081250
12 0.515000 0.753125 0.027500 0.081250
11 0.572500 0.378125 0.027500 0.081250
22 0.572500 0.503125 0.027500 0.081250
24 0.572500 0.128125 0.027500 0.081250
17 0.630000 0.378125 0.027500 0.081250
2 0.630625 0.628125 0.016250 0.081250
17 0.630000 0.128125 0.027500 0.081250
9 0.630625 0.503125 0.016250 0.081250
28 0.630625 0.253125 0.041250 0.081250
8 0.688125 0.128125 0.016250 0.081250
0 0.688125 0.253125 0.016250 0.081250
1 0.688125 0.753125 0.016250 0.081250
12 0.687500 0.378125 0.027500 0.081250
0 0.745625 0.753125 0.016250 0.081250
15 0.746250 0.253125 0.027500 0.081250
18 0.746250 0.503125 0.027500 0.081250
2 0.803125 0.128125 0.016250 0.081250
22 0.803750 0.378125 0.027500 0.081250
8 0.861875 0.128125 0.016250 0.081250
4 0.919375 0.378125 0.016250 0.081250
