0 0.133077 0.386029 0.016923 0.095588
2 0.133077 0.150735 0.016923 0.095588
11 0.203077 0.503676 0.027692 0.095588
17 0.203077 0.621324 0.027692 0.095588
6 0.203846 0.150735 0.016923 0.095588
10 0.203077 0.738971 0.027692 0.095588
7 0.273077 0.738971 0.016923 0.095588
9 0.273077 0.503676 0.016923 0.095588
21 0.273846 0.150735 0.027692 0.095588
0 0.273077 0.268382 0.016923 0.095588
16 0.343077 0.621324 0.027692 0.095588
21 0.343077 0.738971 0.027692 0.095588
0 0.413077 0.503676 0.016923 0.095588
27 0.413077 0.150735 0.016923 0.080882
14 0.412308 0.268382 0.027692 0.095588
12 0.412308 0.738971 0.027692 0.095588
5 0.482308 0.268382 0.016923 0.095588
9 0.482308 0.738971 0.016923 0.095588
7 0.553077 0.150735 0.016923 0.095588
19 0.552308 0.268382 0.027692 0.095588
0 0.553077 0.386029 0.016923 0.095588
14 0.623077 0.386029 0.027692 0.095588
15 0.692308 0.621324 0.027692 0.095588
2 0.691538 0.738971 0.016923 0.095588
0 0.691538 0.268382 0.016923 0.095588
9 0.762308 0.268382 0.016923 0.095588
3 0.762308 0.150735 0.016923 0.095588
21 0.761538 0.386029 0.027692 0.095588
0 0.831538 0.268382 0.016923 0.095588
14 0.832308 0.386029 0.027692 0.095588
6 0.831538 0.150735 0.016923 0.095588
10 0.901538 0.503676 0.027692 0.095588
0 0.902308 0.150735 0.016923 0.095588
0 0.902308 0.621324 0.016923 0.095588
