10 0.133846 0.627907 0.027692 0.069767
12 0.133846 0.372093 0.027692 0.069767
0 0.203846 0.244186 0.016923 0.069767
8 0.203846 0.116279 0.016923 0.069767
4 0.273077 0.372093 0.016923 0.069767
10 0.273846 0.116279 0.027692 0.069767
10 0.273846 0.627907 0.027692 0.069767
5 0.273077 0.244186 0.016923 0.069767
2 0.273077 0.500000 0.016923 0.069767
4 0.343846 0.755814 0.016923 0.069767
3 0.343846 0.372093 0.016923 0.069767
11 0.343077 0.627907 0.027692 0.069767
19 0.412308 0.116279 0.027692 0.069767
8 0.413077 0.244186 0.016923 0.069767
6 0.482308 0.755814 0.016923 0.069767
7 0.482308 0.244186 0.016923 0.069767
0 0.482308 0.627907 0.016923 0.069767
0 0.553077 0.244186 0.016923 0.069767
1 0.553077 0.372093 0.016923 0.069767
16 0.623077 0.372093 0.027692 0.069767
28 0.622308 0.500000 0.038462 0.069767
11 0.623077 0.244186 0.027692 0.069767
4 0.691538 0.755814 0.016923 0.069767
8 0.762308 0.500000 0.016923 0.069767
10 0.761538 0.244186 0.027692 0.069767
7 0.831538 0.244186 0.016923 0.069767
0 0.831538 0.755814 0.016923 0.069767
21 0.901538 0.244186 0.027692 0.069767
0 0.902308 0.755814 0.016923 0.069767
22 0.901538 0.116279 0.027692 0.069767
