22 0.117333 0.811905 0.021333 0.061905
9 0.117333 0.716667 0.013333 0.061905
23 0.178667 0.811905 0.021333 0.061905
6 0.178667 0.430952 0.013333 0.061905
20 0.178667 0.621429 0.021333 0.061905
27 0.240000 0.333333 0.013333 0.047619
2 0.240000 0.811905 0.013333 0.061905
11 0.240000 0.716667 0.021333 0.061905
22 0.240000 0.621429 0.021333 0.061905
9 0.301333 0.811905 0.013333 0.061905
5 0.301333 0.335714 0.013333 0.061905
28 0.301333 0.621429 0.040000 0.061905
2 0.362667 0.526190 0.013333 0.061905
18 0.424000 0.716667 0.021333 0.061905
4 0.424000 0.526190 0.013333 0.061905
0 0.485333 0.621429 0.013333 0.061905
6 0.485333 0.811905 0.013333 0.061905
8 0.485333 0.430952 0.013333 0.061905
19 0.546667 0.716667 0.021333 0.061905
5 0.546667 0.621429 0.013333 0.061905
14 0.608000 0.526190 0.021333 0.061905
22 0.608000 0.430952 0.021333 0.061905
0 0.669333 0.335714 0.013333 0.061905
0 0.730667 0.335714 0.013333 0.061905
5 0.730667 0.716667 0.013333 0.061905
17 0.792000 0.335714 0.021333 0.061905
9 0.792000 0.621429 0.013333 0.061905
11 0.792000 0.430952 0.021333 0.061905
17 0.853333 0.716667 0.021333 0.061905
16 0.853333 0.621429 0.021333 0.061905
5 0.853333 0.335714 0.013333 0.061905
2 0.914667 0.335714 0.013333 0.061905
24 0.914667 0.811905 0.021333 0.061905
24 0.914667 0.716667 0.021333 0.061905
