3 0.150833 0.250000 0.021667 0.087500
18 0.151667 0.500000 0.036667 0.087500
0 0.150833 0.375000 0.021667 0.087500
4 0.150833 0.750000 0.021667 0.087500
0 0.232500 0.750000 0.021667 0.087500
15 0.233333 0.253125 0.036667 0.093750
5 0.314167 0.503125 0.021667 0.093750
21 0.315000 0.125000 0.036667 0.087500
15 0.315000 0.253125 0.036667 0.093750
7 0.395833 0.375000 0.021667 0.087500
0 0.395833 0.500000 0.021667 0.087500
0 0.477500 0.250000 0.021667 0.087500
3 0.477500 0.500000 0.021667 0.087500
10 0.478333 0.375000 0.036667 0.087500
14 0.560000 0.125000 0.036667 0.087500
0 0.642500 0.500000 0.021667 0.087500
11 0.641667 0.750000 0.036667 0.087500
16 0.723333 0.625000 0.036667 0.087500
0 0.724167 0.375000 0.021667 0.087500
0 0.805833 0.375000 0.021667 0.087500
11 0.805000 0.750000 0.036667 0.087500
7 0.805833 0.500000 0.021667 0.087500
24 0.805000 0.250000 0.036667 0.087500
27 0.886667 0.128125 0.020000 0.068750
