0 0.169167 0.535354 0.018333 0.060606
23 0.170000 0.717172 0.030000 0.060606
10 0.170000 0.808081 0.030000 0.060606
27 0.169167 0.444444 0.018333 0.050505
4 0.269167 0.717172 0.018333 0.060606
0 0.269167 0.444444 0.018333 0.060606
2 0.269167 0.353535 0.018333 0.060606
7 0.269167 0.535354 0.018333 0.060606
0 0.269167 0.808081 0.018333 0.060606
5 0.369167 0.808081 0.018333 0.060606
22 0.370000 0.353535 0.030000 0.060606
0 0.469167 0.808081 0.018333 0.060606
0 0.469167 0.535354 0.018333 0.060606
12 0.470000 0.444444 0.030000 0.060606
16 0.470000 0.717172 0.030000 0.060606
19 0.470000 0.353535 0.030000 0.060606
22 0.570000 0.808081 0.030000 0.060606
7 0.569167 0.535354 0.018333 0.060606
4 0.569167 0.353535 0.018333 0.060606
24 0.670000 0.353535 0.030000 0.060606
2 0.769167 0.626263 0.018333 0.060606
5 0.769167 0.353535 0.018333 0.060606
27 0.769167 0.535354 0.018333 0.050505
2 0.769167 0.808081 0.018333 0.060606
20 0.870000 0.626263 0.030000 0.060606
9 0.869167 0.535354 0.018333 0.060606
