11 0.198333 0.260135 0.040000 0.101351
7 0.198333 0.138514 0.023333 0.101351
3 0.198333 0.381757 0.023333 0.101351
11 0.326667 0.625000 0.040000 0.101351
3 0.326667 0.138514 0.023333 0.101351
9 0.326667 0.746622 0.023333 0.101351
19 0.455000 0.260135 0.040000 0.101351
0 0.455000 0.625000 0.023333 0.101351
12 0.583333 0.746622 0.040000 0.101351
10 0.583333 0.260135 0.040000 0.101351
5 0.711667 0.381757 0.023333 0.101351
9 0.711667 0.138514 0.023333 0.101351
23 0.711667 0.625000 0.040000 0.101351
0 0.840000 0.503378 0.023333 0.101351
7 0.840000 0.138514 0.023333 0.101351
17 0.840000 0.625000 0.040000 0.101351
24 0.840000 0.381757 0.040000 0.101351
9 0.840000 0.746622 0.023333 0.101351
