0 0.150833 0.502717 0.021667 0.081522
16 0.233333 0.111413 0.036667 0.081522
4 0.232500 0.633152 0.021667 0.081522
7 0.314167 0.111413 0.021667 0.081522
0 0.314167 0.763587 0.021667 0.081522
19 0.396667 0.502717 0.036667 0.081522
28 0.395833 0.241848 0.051667 0.081522
0 0.395833 0.372283 0.021667 0.081522
0 0.477500 0.372283 0.021667 0.081522
0 0.560833 0.763587 0.021667 0.081522
1 0.560833 0.111413 0.021667 0.081522
0 0.560833 0.633152 0.021667 0.081522
0 0.642500 0.502717 0.021667 0.081522
14 0.641667 0.763587 0.036667 0.081522
0 0.642500 0.111413 0.021667 0.081522
8 0.642500 0.372283 0.021667 0.081522
13 0.723333 0.111413 0.036667 0.081522
2 0.724167 0.763587 0.021667 0.081522
5 0.805833 0.502717 0.021667 0.081522
7 0.805833 0.763587 0.021667 0.081522
8 0.887500 0.241848 0.021667 0.081522
