0 0.219167 0.299145 0.018333 0.059829
5 0.219167 0.401709 0.018333 0.059829
27 0.219167 0.506410 0.018333 0.047009
10 0.370000 0.811966 0.030000 0.059829
18 0.370000 0.299145 0.030000 0.059829
0 0.369167 0.709402 0.018333 0.059829
7 0.369167 0.504274 0.018333 0.059829
3 0.519167 0.606838 0.018333 0.059829
3 0.519167 0.401709 0.018333 0.059829
0 0.519167 0.811966 0.018333 0.059829
9 0.519167 0.299145 0.018333 0.059829
0 0.669167 0.709402 0.018333 0.059829
6 0.669167 0.606838 0.018333 0.059829
23 0.670000 0.401709 0.030000 0.059829
0 0.669167 0.299145 0.018333 0.059829
1 0.669167 0.811966 0.018333 0.059829
5 0.819167 0.299145 0.018333 0.059829
0 0.819167 0.504274 0.018333 0.059829
7 0.819167 0.709402 0.018333 0.059829
5 0.819167 0.606838 0.018333 0.059829
