3 0.109375 0.239130 0.016250 0.086957
0 0.109375 0.369565 0.016250 0.086957
9 0.109375 0.630435 0.016250 0.086957
22 0.167500 0.630435 0.027500 0.086957
13 0.167500 0.108696 0.027500 0.086957
12 0.167500 0.239130 0.027500 0.086957
7 0.168125 0.760870 0.016250 0.086957
0 0.168125 0.369565 0.016250 0.086957
12 0.225000 0.369565 0.027500 0.086957
8 0.225625 0.239130 0.016250 0.086957
4 0.283125 0.760870 0.016250 0.086957
12 0.341250 0.369565 0.027500 0.086957
22 0.398750 0.630435 0.027500 0.086957
3 0.399375 0.369565 0.016250 0.086957
24 0.398750 0.500000 0.027500 0.086957
10 0.398750 0.760870 0.027500 0.086957
4 0.456875 0.760870 0.016250 0.086957
4 0.514375 0.760870 0.016250 0.086957
2 0.571875 0.500000 0.016250 0.086957
27 0.630625 0.369565 0.016250 0.065217
0 0.630625 0.760870 0.016250 0.086957
13 0.630000 0.239130 0.027500 0.086957
8 0.688125 0.108696 0.016250 0.086957
6 0.745625 0.108696 0.016250 0.086957
23 0.746250 0.369565 0.027500 0.086957
23 0.746250 0.239130 0.027500 0.086957
28 0.803750 0.500000 0.052500 0.086957
4 0.861875 0.108696 0.016250 0.086957
11 0.861250 0.239130 0.027500 0.086957
12 0.861250 0.760870 0.027500 0.086957
2 0.861875 0.500000 0.016250 0.086957
7 0.861875 0.630435 0.016250 0.086957
3 0.919375 0.369565 0.016250 0.086957
