8 0.181667 0.717172 0.020000 0.070707
7 0.181667 0.626263 0.020000 0.070707
18 0.295000 0.626263 0.033333 0.070707
12 0.406667 0.626263 0.033333 0.070707
4 0.406667 0.444444 0.020000 0.070707
18 0.406667 0.535354 0.033333 0.070707
6 0.406667 0.808081 0.020000 0.070707
22 0.520000 0.808081 0.033333 0.070707
9 0.520000 0.717172 0.020000 0.070707
14 0.631667 0.535354 0.033333 0.070707
9 0.631667 0.353535 0.020000 0.070707
1 0.631667 0.444444 0.020000 0.070707
0 0.745000 0.353535 0.020000 0.070707
20 0.745000 0.626263 0.033333 0.070707
28 0.745000 0.535354 0.053333 0.070707
9 0.856667 0.535354 0.020000 0.070707
7 0.856667 0.353535 0.020000 0.070707
