7 0.197500 0.633152 0.021667 0.070652
0 0.325833 0.111413 0.021667 0.070652
6 0.325833 0.763587 0.021667 0.070652
12 0.326667 0.502717 0.036667 0.070652
0 0.454167 0.372283 0.021667 0.070652
4 0.454167 0.633152 0.021667 0.070652
7 0.584167 0.763587 0.021667 0.070652
2 0.584167 0.372283 0.021667 0.070652
12 0.583333 0.633152 0.036667 0.070652
10 0.583333 0.241848 0.036667 0.070652
0 0.712500 0.763587 0.021667 0.070652
11 0.711667 0.633152 0.036667 0.070652
0 0.712500 0.372283 0.021667 0.070652
3 0.840833 0.502717 0.021667 0.070652
