0 0.145000 0.814103 0.023333 0.064103
28 0.145000 0.608974 0.063333 0.064103
1 0.220000 0.506410 0.023333 0.064103
3 0.220000 0.608974 0.023333 0.064103
5 0.220000 0.711538 0.023333 0.064103
0 0.295000 0.403846 0.023333 0.064103
27 0.294167 0.606838 0.021667 0.051282
0 0.295000 0.711538 0.023333 0.064103
16 0.370000 0.506410 0.040000 0.064103
0 0.370000 0.403846 0.023333 0.064103
0 0.370000 0.301282 0.023333 0.064103
19 0.370000 0.814103 0.040000 0.064103
5 0.445000 0.403846 0.023333 0.064103
0 0.445000 0.711538 0.023333 0.064103
2 0.445000 0.814103 0.023333 0.064103
15 0.520000 0.301282 0.040000 0.064103
0 0.595000 0.814103 0.023333 0.064103
12 0.670000 0.506410 0.040000 0.064103
11 0.670000 0.301282 0.040000 0.064103
24 0.745000 0.608974 0.040000 0.064103
15 0.745000 0.301282 0.040000 0.064103
5 0.745000 0.506410 0.023333 0.064103
22 0.745000 0.814103 0.040000 0.064103
0 0.820000 0.814103 0.023333 0.064103
10 0.820000 0.506410 0.040000 0.064103
16 0.820000 0.608974 0.040000 0.064103
15 0.895000 0.506410 0.040000 0.064103
