28 0.159167 0.430952 0.051667 0.061905
14 0.250000 0.621429 0.036667 0.061905
0 0.249167 0.430952 0.021667 0.061905
11 0.340000 0.430952 0.036667 0.061905
8 0.339167 0.621429 0.021667 0.061905
7 0.429167 0.811905 0.021667 0.061905
16 0.520000 0.716667 0.036667 0.061905
7 0.609167 0.526190 0.021667 0.061905
4 0.609167 0.621429 0.021667 0.061905
0 0.699167 0.811905 0.021667 0.061905
20 0.700000 0.430952 0.036667 0.061905
15 0.790000 0.621429 0.036667 0.061905
13 0.880000 0.621429 0.036667 0.061905
10 0.880000 0.811905 0.036667 0.061905
14 0.880000 0.430952 0.036667 0.061905
