12 0.124286 0.401709 0.028571 0.059829
13 0.124286 0.709402 0.028571 0.059829
3 0.190000 0.504274 0.017143 0.059829
6 0.190000 0.606838 0.017143 0.059829
19 0.190000 0.299145 0.028571 0.059829
5 0.255714 0.401709 0.017143 0.059829
0 0.255714 0.299145 0.017143 0.059829
11 0.255714 0.811966 0.028571 0.059829
0 0.320000 0.504274 0.017143 0.059829
24 0.385714 0.504274 0.028571 0.059829
0 0.385714 0.811966 0.017143 0.059829
11 0.451429 0.504274 0.028571 0.059829
6 0.451429 0.299145 0.017143 0.059829
11 0.517143 0.811966 0.028571 0.059829
4 0.517143 0.709402 0.017143 0.059829
9 0.517143 0.401709 0.017143 0.059829
5 0.517143 0.299145 0.017143 0.059829
2 0.517143 0.606838 0.017143 0.059829
3 0.581429 0.606838 0.017143 0.059829
3 0.581429 0.401709 0.017143 0.059829
0 0.581429 0.811966 0.017143 0.059829
0 0.581429 0.299145 0.017143 0.059829
4 0.647143 0.299145 0.017143 0.059829
0 0.647143 0.504274 0.017143 0.059829
0 0.647143 0.606838 0.017143 0.059829
22 0.712857 0.504274 0.028571 0.059829
0 0.712857 0.606838 0.017143 0.059829
22 0.712857 0.709402 0.028571 0.059829
0 0.777143 0.504274 0.017143 0.059829
3 0.777143 0.401709 0.017143 0.059829
28 0.777857 0.299145 0.041429 0.059829
27 0.842857 0.608974 0.017143 0.047009
19 0.842857 0.504274 0.028571 0.059829
12 0.842857 0.811966 0.028571 0.059829
2 0.842857 0.299145 0.017143 0.059829
11 0.908571 0.606838 0.028571 0.059829
5 0.908571 0.811966 0.017143 0.059829
