4 0.160000 0.250000 0.023333 0.087500
4 0.160000 0.125000 0.023333 0.087500
24 0.250000 0.375000 0.040000 0.087500
14 0.250000 0.750000 0.040000 0.087500
21 0.250000 0.500000 0.040000 0.087500
16 0.340000 0.375000 0.040000 0.087500
22 0.340000 0.500000 0.040000 0.087500
5 0.340000 0.250000 0.023333 0.087500
20 0.430000 0.500000 0.040000 0.087500
13 0.430000 0.375000 0.040000 0.087500
10 0.430000 0.250000 0.040000 0.087500
2 0.520000 0.250000 0.023333 0.087500
4 0.520000 0.500000 0.023333 0.087500
10 0.520000 0.375000 0.040000 0.087500
3 0.610000 0.750000 0.023333 0.087500
17 0.610000 0.625000 0.040000 0.087500
1 0.700000 0.375000 0.023333 0.087500
11 0.790000 0.125000 0.040000 0.087500
19 0.880000 0.125000 0.040000 0.087500
