0 0.159167 0.375000 0.018333 0.075581
0 0.159167 0.502907 0.018333 0.075581
15 0.160000 0.758721 0.030000 0.075581
3 0.159167 0.119186 0.018333 0.075581
1 0.249167 0.630814 0.018333 0.075581
20 0.250000 0.119186 0.030000 0.075581
21 0.250000 0.247093 0.030000 0.075581
3 0.339167 0.758721 0.018333 0.075581
28 0.429167 0.247093 0.048333 0.075581
28 0.430000 0.630814 0.060000 0.075581
11 0.430000 0.119186 0.030000 0.075581
28 0.519167 0.502907 0.048333 0.075581
4 0.519167 0.119186 0.018333 0.075581
19 0.520000 0.247093 0.030000 0.075581
4 0.609167 0.502907 0.018333 0.075581
0 0.699167 0.247093 0.018333 0.075581
0 0.699167 0.502907 0.018333 0.075581
0 0.699167 0.119186 0.018333 0.075581
4 0.699167 0.375000 0.018333 0.075581
12 0.790000 0.375000 0.030000 0.075581
19 0.880000 0.758721 0.030000 0.075581
27 0.879167 0.630814 0.018333 0.063953
9 0.879167 0.247093 0.018333 0.075581
