0 0.220000 0.500000 0.020000 0.081395
3 0.220000 0.372093 0.020000 0.081395
9 0.220000 0.116279 0.020000 0.081395
11 0.370000 0.500000 0.033333 0.081395
16 0.370000 0.372093 0.033333 0.081395
0 0.370000 0.627907 0.020000 0.081395
9 0.520000 0.755814 0.020000 0.081395
20 0.670000 0.755814 0.033333 0.081395
17 0.670000 0.500000 0.033333 0.081395
11 0.670000 0.244186 0.033333 0.081395
3 0.670000 0.372093 0.020000 0.081395
14 0.820000 0.500000 0.033333 0.081395
0 0.820000 0.116279 0.020000 0.081395
19 0.820000 0.755814 0.033333 0.081395
9 0.820000 0.627907 0.020000 0.081395
