15 0.181667 0.628125 0.033333 0.093750
7 0.181667 0.128125 0.020000 0.093750
7 0.181667 0.753125 0.020000 0.093750
7 0.295000 0.128125 0.020000 0.093750
21 0.295000 0.378125 0.033333 0.093750
0 0.406667 0.503125 0.020000 0.093750
9 0.520000 0.753125 0.020000 0.093750
23 0.520000 0.253125 0.033333 0.093750
5 0.520000 0.128125 0.020000 0.093750
4 0.520000 0.503125 0.020000 0.093750
7 0.631667 0.753125 0.020000 0.093750
10 0.631667 0.128125 0.033333 0.093750
2 0.631667 0.253125 0.020000 0.093750
27 0.631667 0.503125 0.020000 0.068750
0 0.631667 0.378125 0.020000 0.093750
0 0.745000 0.503125 0.020000 0.093750
10 0.745000 0.253125 0.033333 0.093750
17 0.856667 0.753125 0.033333 0.093750
13 0.856667 0.378125 0.033333 0.093750
18 0.856667 0.628125 0.033333 0.093750
0 0.856667 0.253125 0.020000 0.093750
