4 0.116667 0.401709 0.017333 0.068376
0 0.116667 0.606838 0.017333 0.068376
9 0.116667 0.709402 0.017333 0.068376
13 0.178667 0.606838 0.029333 0.068376
9 0.178000 0.811966 0.017333 0.068376
12 0.178667 0.299145 0.029333 0.068376
28 0.178000 0.504274 0.044000 0.068376
28 0.178000 0.709402 0.044000 0.068376
23 0.240000 0.606838 0.029333 0.068376
8 0.239333 0.401709 0.017333 0.068376
0 0.239333 0.504274 0.017333 0.068376
12 0.301333 0.504274 0.029333 0.068376
0 0.300667 0.401709 0.017333 0.068376
10 0.362667 0.401709 0.029333 0.068376
0 0.362000 0.504274 0.017333 0.068376
3 0.423333 0.299145 0.017333 0.068376
10 0.424000 0.504274 0.029333 0.068376
18 0.424000 0.401709 0.029333 0.068376
5 0.423333 0.709402 0.017333 0.068376
4 0.484667 0.401709 0.017333 0.068376
13 0.485333 0.811966 0.029333 0.068376
18 0.485333 0.504274 0.029333 0.068376
0 0.484667 0.606838 0.017333 0.068376
23 0.546667 0.401709 0.029333 0.068376
3 0.546000 0.709402 0.017333 0.068376
4 0.546000 0.606838 0.017333 0.068376
1 0.607333 0.401709 0.017333 0.068376
7 0.668667 0.606838 0.017333 0.068376
2 0.668667 0.401709 0.017333 0.068376
2 0.730000 0.401709 0.017333 0.068376
0 0.730000 0.811966 0.017333 0.068376
2 0.730000 0.504274 0.017333 0.068376
1 0.791333 0.709402 0.017333 0.068376
2 0.791333 0.606838 0.017333 0.068376
2 0.791333 0.401709 0.017333 0.068376
12 0.792000 0.811966 0.029333 0.068376
12 0.853333 0.606838 0.029333 0.068376
0 0.914000 0.299145 0.017333 0.068376
