4 0.102941 0.763587 0.012941 0.070652
0 0.102941 0.633152 0.012941 0.070652
19 0.103529 0.372283 0.021176 0.070652
28 0.102941 0.502717 0.034118 0.070652
19 0.103529 0.111413 0.021176 0.070652
0 0.158235 0.502717 0.012941 0.070652
0 0.158235 0.111413 0.012941 0.070652
3 0.158235 0.372283 0.012941 0.070652
27 0.158235 0.633152 0.012941 0.059783
22 0.212941 0.372283 0.021176 0.070652
3 0.212353 0.111413 0.012941 0.070652
0 0.267647 0.633152 0.012941 0.070652
12 0.267059 0.763587 0.021176 0.070652
4 0.267647 0.241848 0.012941 0.070652
10 0.322353 0.372283 0.021176 0.070652
18 0.322353 0.502717 0.021176 0.070652
0 0.377059 0.241848 0.012941 0.070652
0 0.377059 0.502717 0.012941 0.070652
10 0.431765 0.372283 0.021176 0.070652
0 0.431176 0.763587 0.012941 0.070652
16 0.431765 0.111413 0.021176 0.070652
9 0.431176 0.633152 0.012941 0.070652
2 0.486471 0.111413 0.012941 0.070652
1 0.486471 0.502717 0.012941 0.070652
21 0.485882 0.763587 0.021176 0.070652
9 0.540588 0.241848 0.012941 0.070652
2 0.595882 0.502717 0.012941 0.070652
7 0.595882 0.763587 0.012941 0.070652
0 0.650000 0.241848 0.012941 0.070652
1 0.705294 0.372283 0.012941 0.070652
0 0.705294 0.763587 0.012941 0.070652
15 0.704706 0.111413 0.021176 0.070652
28 0.759412 0.633152 0.034118 0.070652
11 0.760000 0.372283 0.021176 0.070652
5 0.814706 0.241848 0.012941 0.070652
9 0.814706 0.372283 0.012941 0.070652
9 0.868824 0.372283 0.012941 0.070652
16 0.869412 0.763587 0.021176 0.070652
28 0.868824 0.502717 0.034118 0.070652
2 0.868824 0.111413 0.012941 0.070652
0 0.924118 0.763587 0.012941 0.070652
17 0.923529 0.502717 0.021176 0.070652
20 0.923529 0.111413 0.021176 0.070652
9 0.924118 0.241848 0.012941 0.070652
