0 0.145000 0.386029 0.020000 0.110294
11 0.220000 0.268382 0.033333 0.110294
3 0.220000 0.386029 0.020000 0.110294
5 0.295000 0.503676 0.020000 0.110294
12 0.295000 0.150735 0.033333 0.110294
11 0.295000 0.268382 0.033333 0.110294
6 0.295000 0.738971 0.020000 0.110294
0 0.370000 0.621324 0.020000 0.110294
0 0.370000 0.503676 0.020000 0.110294
4 0.370000 0.386029 0.020000 0.110294
27 0.445000 0.268382 0.020000 0.080882
0 0.445000 0.503676 0.020000 0.110294
0 0.520000 0.268382 0.020000 0.110294
13 0.520000 0.503676 0.033333 0.110294
9 0.520000 0.621324 0.020000 0.110294
9 0.520000 0.150735 0.020000 0.110294
0 0.520000 0.738971 0.020000 0.110294
12 0.595000 0.386029 0.033333 0.110294
2 0.595000 0.150735 0.020000 0.110294
21 0.595000 0.503676 0.033333 0.110294
6 0.595000 0.268382 0.020000 0.110294
3 0.670000 0.738971 0.020000 0.110294
24 0.670000 0.503676 0.033333 0.110294
0 0.745000 0.621324 0.020000 0.110294
1 0.745000 0.386029 0.020000 0.110294
0 0.745000 0.503676 0.020000 0.110294
9 0.745000 0.150735 0.020000 0.110294
0 0.820000 0.150735 0.020000 0.110294
27 0.820000 0.503676 0.020000 0.080882
7 0.895000 0.150735 0.020000 0.110294
0 0.895000 0.621324 0.020000 0.110294
