2 0.151667 0.621429 0.020000 0.061905
7 0.151667 0.716667 0.020000 0.061905
16 0.151667 0.430952 0.033333 0.061905
0 0.233333 0.430952 0.020000 0.061905
13 0.233333 0.716667 0.033333 0.061905
2 0.315000 0.526190 0.020000 0.061905
24 0.315000 0.811905 0.033333 0.061905
12 0.315000 0.335714 0.033333 0.061905
1 0.315000 0.716667 0.020000 0.061905
0 0.315000 0.430952 0.020000 0.061905
19 0.396667 0.621429 0.033333 0.061905
11 0.478333 0.811905 0.033333 0.061905
5 0.478333 0.526190 0.020000 0.061905
6 0.478333 0.716667 0.020000 0.061905
0 0.478333 0.335714 0.020000 0.061905
6 0.560000 0.716667 0.020000 0.061905
16 0.560000 0.811905 0.033333 0.061905
5 0.641667 0.811905 0.020000 0.061905
2 0.723333 0.335714 0.020000 0.061905
11 0.723333 0.716667 0.033333 0.061905
0 0.805000 0.526190 0.020000 0.061905
12 0.805000 0.621429 0.033333 0.061905
4 0.805000 0.335714 0.020000 0.061905
0 0.805000 0.430952 0.020000 0.061905
7 0.805000 0.716667 0.020000 0.061905
0 0.886667 0.716667 0.020000 0.061905
0 0.886667 0.621429 0.020000 0.061905
20 0.886667 0.430952 0.033333 0.061905
16 0.886667 0.335714 0.033333 0.061905
