0 0.125000 0.353535 0.015714 0.060606
10 0.190000 0.353535 0.025714 0.060606
4 0.189286 0.808081 0.015714 0.060606
9 0.255000 0.353535 0.015714 0.060606
2 0.320714 0.808081 0.015714 0.060606
19 0.320000 0.353535 0.025714 0.060606
0 0.320714 0.444444 0.015714 0.060606
1 0.386429 0.535354 0.015714 0.060606
12 0.385714 0.353535 0.025714 0.060606
5 0.386429 0.444444 0.015714 0.060606
16 0.451429 0.626263 0.025714 0.060606
0 0.450714 0.808081 0.015714 0.060606
7 0.516429 0.717172 0.015714 0.060606
21 0.517143 0.808081 0.025714 0.060606
14 0.581429 0.626263 0.025714 0.060606
7 0.582143 0.353535 0.015714 0.060606
13 0.647143 0.535354 0.025714 0.060606
9 0.712143 0.535354 0.015714 0.060606
5 0.777857 0.717172 0.015714 0.060606
4 0.777857 0.626263 0.015714 0.060606
2 0.777857 0.353535 0.015714 0.060606
10 0.842857 0.535354 0.025714 0.060606
0 0.843571 0.353535 0.015714 0.060606
6 0.843571 0.808081 0.015714 0.060606
2 0.907857 0.626263 0.015714 0.060606
