0 0.102941 0.551075 0.012941 0.069892
20 0.103529 0.723118 0.021176 0.069892
7 0.102941 0.637097 0.012941 0.069892
27 0.102941 0.462366 0.012941 0.053763
7 0.158235 0.809140 0.012941 0.069892
3 0.158235 0.723118 0.012941 0.069892
0 0.212353 0.723118 0.012941 0.069892
7 0.212353 0.551075 0.012941 0.069892
5 0.212353 0.809140 0.012941 0.069892
9 0.212353 0.637097 0.012941 0.069892
27 0.267647 0.720430 0.012941 0.053763
13 0.267059 0.551075 0.021176 0.069892
12 0.322353 0.551075 0.021176 0.069892
21 0.376471 0.723118 0.021176 0.069892
2 0.377059 0.809140 0.012941 0.069892
0 0.431176 0.637097 0.012941 0.069892
3 0.486471 0.551075 0.012941 0.069892
24 0.485882 0.809140 0.021176 0.069892
0 0.486471 0.637097 0.012941 0.069892
2 0.486471 0.465054 0.012941 0.069892
21 0.485882 0.723118 0.021176 0.069892
5 0.540588 0.379032 0.012941 0.069892
9 0.540588 0.551075 0.012941 0.069892
3 0.595882 0.809140 0.012941 0.069892
27 0.595882 0.548387 0.012941 0.053763
0 0.595882 0.379032 0.012941 0.069892
10 0.650588 0.723118 0.021176 0.069892
1 0.650000 0.637097 0.012941 0.069892
21 0.650588 0.551075 0.021176 0.069892
3 0.650000 0.379032 0.012941 0.069892
0 0.705294 0.809140 0.012941 0.069892
0 0.759412 0.551075 0.012941 0.069892
12 0.760000 0.809140 0.021176 0.069892
0 0.759412 0.465054 0.012941 0.069892
10 0.814118 0.379032 0.021176 0.069892
0 0.814706 0.637097 0.012941 0.069892
7 0.868824 0.637097 0.012941 0.069892
10 0.923529 0.379032 0.021176 0.069892
