0 0.151667 0.506410 0.023333 0.072650
8 0.151667 0.814103 0.023333 0.072650
1 0.233333 0.301282 0.023333 0.072650
5 0.233333 0.814103 0.023333 0.072650
6 0.315000 0.506410 0.023333 0.072650
0 0.315000 0.711538 0.023333 0.072650
7 0.315000 0.403846 0.023333 0.072650
28 0.396667 0.403846 0.066667 0.072650
0 0.396667 0.608974 0.023333 0.072650
4 0.396667 0.814103 0.023333 0.072650
10 0.396667 0.301282 0.040000 0.072650
0 0.478333 0.506410 0.023333 0.072650
12 0.478333 0.403846 0.040000 0.072650
10 0.560000 0.506410 0.040000 0.072650
0 0.560000 0.608974 0.023333 0.072650
17 0.560000 0.301282 0.040000 0.072650
3 0.641667 0.711538 0.023333 0.072650
0 0.723333 0.506410 0.023333 0.072650
11 0.723333 0.711538 0.040000 0.072650
0 0.723333 0.814103 0.023333 0.072650
17 0.805000 0.403846 0.040000 0.072650
20 0.805000 0.608974 0.040000 0.072650
28 0.805000 0.711538 0.066667 0.072650
1 0.886667 0.608974 0.023333 0.072650
5 0.886667 0.506410 0.023333 0.072650
