1 0.145000 0.502907 0.020000 0.087209
13 0.145000 0.758721 0.033333 0.087209
5 0.145000 0.119186 0.020000 0.087209
9 0.220000 0.375000 0.020000 0.087209
9 0.295000 0.502907 0.020000 0.087209
1 0.295000 0.247093 0.020000 0.087209
2 0.295000 0.119186 0.020000 0.087209
8 0.370000 0.119186 0.020000 0.087209
9 0.445000 0.375000 0.020000 0.087209
16 0.445000 0.630814 0.033333 0.087209
0 0.445000 0.247093 0.020000 0.087209
0 0.520000 0.119186 0.020000 0.087209
4 0.520000 0.758721 0.020000 0.087209
4 0.595000 0.502907 0.020000 0.087209
1 0.670000 0.502907 0.020000 0.087209
4 0.745000 0.502907 0.020000 0.087209
10 0.745000 0.247093 0.033333 0.087209
12 0.745000 0.375000 0.033333 0.087209
0 0.745000 0.119186 0.020000 0.087209
0 0.745000 0.630814 0.020000 0.087209
27 0.820000 0.244186 0.020000 0.069767
12 0.820000 0.758721 0.033333 0.087209
12 0.820000 0.375000 0.033333 0.087209
4 0.820000 0.119186 0.020000 0.087209
22 0.820000 0.502907 0.033333 0.087209
9 0.895000 0.375000 0.020000 0.087209
14 0.895000 0.502907 0.033333 0.087209
3 0.895000 0.247093 0.020000 0.087209
