18 0.117333 0.119186 0.024000 0.075581
5 0.116667 0.500000 0.014667 0.081395
9 0.116667 0.247093 0.014667 0.075581
14 0.178667 0.375000 0.024000 0.075581
4 0.178000 0.758721 0.014667 0.075581
0 0.178000 0.502907 0.014667 0.075581
3 0.239333 0.758721 0.014667 0.075581
24 0.240000 0.119186 0.024000 0.075581
11 0.240000 0.375000 0.024000 0.075581
0 0.239333 0.247093 0.014667 0.075581
17 0.301333 0.119186 0.024000 0.075581
10 0.301333 0.375000 0.024000 0.075581
0 0.362000 0.247093 0.014667 0.075581
9 0.423333 0.375000 0.014667 0.075581
3 0.484667 0.119186 0.014667 0.075581
0 0.484667 0.758721 0.014667 0.075581
1 0.546000 0.758721 0.014667 0.075581
0 0.546000 0.119186 0.014667 0.075581
21 0.546667 0.247093 0.024000 0.075581
12 0.608000 0.375000 0.024000 0.075581
24 0.608000 0.758721 0.024000 0.075581
7 0.607333 0.502907 0.014667 0.075581
0 0.668667 0.630814 0.014667 0.075581
10 0.669333 0.375000 0.024000 0.075581
3 0.668667 0.758721 0.014667 0.075581
3 0.730000 0.630814 0.014667 0.075581
11 0.730667 0.119186 0.024000 0.075581
3 0.730000 0.375000 0.014667 0.075581
17 0.792000 0.502907 0.024000 0.075581
0 0.852667 0.119186 0.014667 0.075581
13 0.914667 0.375000 0.024000 0.075581
3 0.914000 0.502907 0.014667 0.075581
