1 0.125000 0.379032 0.015714 0.069892
4 0.189286 0.551075 0.015714 0.069892
3 0.189286 0.723118 0.015714 0.069892
0 0.189286 0.379032 0.015714 0.069892
15 0.190000 0.637097 0.025714 0.069892
2 0.255000 0.637097 0.015714 0.069892
0 0.255000 0.809140 0.015714 0.069892
10 0.320000 0.723118 0.025714 0.069892
11 0.320000 0.809140 0.025714 0.069892
2 0.320714 0.637097 0.015714 0.069892
28 0.386429 0.465054 0.041429 0.069892
14 0.385714 0.379032 0.025714 0.069892
22 0.385714 0.551075 0.025714 0.069892
21 0.451429 0.379032 0.025714 0.069892
1 0.450714 0.809140 0.015714 0.069892
20 0.517143 0.637097 0.025714 0.069892
9 0.582143 0.723118 0.015714 0.069892
5 0.646429 0.637097 0.015714 0.069892
12 0.712857 0.809140 0.025714 0.069892
0 0.712143 0.637097 0.015714 0.069892
6 0.712143 0.465054 0.015714 0.069892
3 0.777857 0.379032 0.015714 0.069892
5 0.777857 0.637097 0.015714 0.069892
11 0.777143 0.809140 0.025714 0.069892
24 0.842857 0.379032 0.025714 0.069892
3 0.843571 0.551075 0.015714 0.069892
0 0.907857 0.379032 0.015714 0.069892
24 0.908571 0.723118 0.025714 0.069892
