0 0.133077 0.502717 0.016923 0.070652
1 0.203846 0.502717 0.016923 0.070652
5 0.203846 0.372283 0.016923 0.070652
11 0.273846 0.633152 0.027692 0.070652
5 0.273077 0.372283 0.016923 0.070652
0 0.343846 0.372283 0.016923 0.070652
17 0.343077 0.763587 0.027692 0.070652
11 0.412308 0.241848 0.027692 0.070652
24 0.483077 0.763587 0.027692 0.070652
2 0.482308 0.111413 0.016923 0.070652
18 0.483077 0.502717 0.027692 0.070652
12 0.552308 0.241848 0.027692 0.070652
14 0.552308 0.372283 0.027692 0.070652
0 0.553077 0.763587 0.016923 0.070652
28 0.622308 0.763587 0.038462 0.070652
9 0.622308 0.633152 0.016923 0.070652
0 0.691538 0.763587 0.016923 0.070652
0 0.691538 0.372283 0.016923 0.070652
7 0.762308 0.111413 0.016923 0.070652
9 0.762308 0.241848 0.016923 0.070652
10 0.761538 0.633152 0.027692 0.070652
14 0.761538 0.372283 0.027692 0.070652
24 0.832308 0.502717 0.027692 0.070652
10 0.901538 0.111413 0.027692 0.070652
3 0.902308 0.241848 0.016923 0.070652
0 0.902308 0.502717 0.016923 0.070652
0 0.902308 0.372283 0.016923 0.070652
