0 0.109375 0.713964 0.016250 0.058559
0 0.168125 0.713964 0.016250 0.058559
0 0.168125 0.614865 0.016250 0.058559
0 0.225625 0.515766 0.016250 0.058559
0 0.225625 0.317568 0.016250 0.058559
10 0.283750 0.713964 0.027500 0.058559
19 0.283750 0.416667 0.027500 0.058559
4 0.283125 0.317568 0.016250 0.058559
27 0.283125 0.810811 0.016250 0.045045
0 0.340625 0.317568 0.016250 0.058559
14 0.341250 0.713964 0.027500 0.058559
21 0.341250 0.515766 0.027500 0.058559
7 0.340625 0.813063 0.016250 0.058559
0 0.399375 0.317568 0.016250 0.058559
10 0.456250 0.813063 0.027500 0.058559
0 0.456875 0.515766 0.016250 0.058559
11 0.456250 0.614865 0.027500 0.058559
4 0.514375 0.813063 0.016250 0.058559
4 0.514375 0.614865 0.016250 0.058559
0 0.571875 0.614865 0.016250 0.058559
7 0.571875 0.416667 0.016250 0.058559
2 0.630625 0.614865 0.016250 0.058559
9 0.630625 0.713964 0.016250 0.058559
28 0.630625 0.515766 0.041250 0.058559
5 0.688125 0.813063 0.016250 0.058559
6 0.745625 0.317568 0.016250 0.058559
10 0.746250 0.416667 0.027500 0.058559
11 0.746250 0.713964 0.027500 0.058559
10 0.746250 0.614865 0.027500 0.058559
22 0.746250 0.515766 0.027500 0.058559
0 0.803125 0.614865 0.016250 0.058559
3 0.803125 0.813063 0.016250 0.058559
17 0.803750 0.515766 0.027500 0.058559
3 0.803125 0.416667 0.016250 0.058559
9 0.803125 0.713964 0.016250 0.058559
3 0.861875 0.614865 0.016250 0.058559
28 0.861250 0.713964 0.052500 0.058559
16 0.861250 0.416667 0.027500 0.058559
7 0.861875 0.515766 0.016250 0.058559
16 0.861250 0.813063 0.027500 0.058559
21 0.918750 0.813063 0.027500 0.058559
