0 0.133077 0.147059 0.016923 0.102941
11 0.203077 0.264706 0.027692 0.102941
7 0.203846 0.382353 0.016923 0.102941
0 0.203846 0.735294 0.016923 0.102941
10 0.273846 0.264706 0.027692 0.102941
0 0.273077 0.147059 0.016923 0.102941
24 0.343077 0.264706 0.027692 0.102941
24 0.343077 0.147059 0.027692 0.102941
0 0.413077 0.735294 0.016923 0.102941
4 0.413077 0.617647 0.016923 0.102941
0 0.413077 0.264706 0.016923 0.102941
0 0.482308 0.735294 0.016923 0.102941
14 0.483077 0.617647 0.027692 0.102941
7 0.553077 0.264706 0.016923 0.102941
13 0.552308 0.617647 0.027692 0.102941
0 0.622308 0.617647 0.016923 0.102941
9 0.622308 0.735294 0.016923 0.102941
0 0.622308 0.500000 0.016923 0.102941
24 0.623077 0.147059 0.027692 0.102941
12 0.692308 0.264706 0.027692 0.102941
11 0.692308 0.382353 0.027692 0.102941
15 0.761538 0.735294 0.027692 0.102941
6 0.762308 0.617647 0.016923 0.102941
20 0.832308 0.382353 0.027692 0.102941
8 0.831538 0.147059 0.016923 0.102941
11 0.832308 0.617647 0.027692 0.102941
20 0.901538 0.500000 0.027692 0.102941
