3 0.151667 0.502907 0.020000 0.087209
20 0.151667 0.758721 0.033333 0.087209
22 0.151667 0.375000 0.033333 0.087209
18 0.233333 0.247093 0.033333 0.087209
28 0.315000 0.502907 0.063333 0.087209
3 0.396667 0.375000 0.020000 0.087209
0 0.478333 0.502907 0.020000 0.087209
0 0.478333 0.758721 0.020000 0.087209
9 0.560000 0.502907 0.020000 0.087209
1 0.560000 0.247093 0.020000 0.087209
19 0.641667 0.758721 0.033333 0.087209
2 0.723333 0.630814 0.020000 0.087209
3 0.723333 0.758721 0.020000 0.087209
11 0.723333 0.119186 0.033333 0.087209
5 0.723333 0.247093 0.020000 0.087209
22 0.805000 0.630814 0.033333 0.087209
20 0.805000 0.375000 0.033333 0.087209
2 0.805000 0.758721 0.020000 0.087209
8 0.805000 0.247093 0.020000 0.087209
3 0.805000 0.502907 0.020000 0.087209
28 0.886667 0.375000 0.050000 0.087209
6 0.886667 0.502907 0.020000 0.087209
9 0.886667 0.630814 0.020000 0.087209
11 0.886667 0.247093 0.033333 0.087209
