4 0.197500 0.116279 0.021667 0.093023
3 0.197500 0.500000 0.021667 0.093023
20 0.326667 0.755814 0.036667 0.093023
0 0.325833 0.500000 0.021667 0.093023
27 0.325833 0.372093 0.021667 0.069767
0 0.454167 0.627907 0.021667 0.093023
4 0.454167 0.500000 0.021667 0.093023
0 0.584167 0.116279 0.021667 0.093023
0 0.584167 0.500000 0.021667 0.093023
10 0.583333 0.244186 0.036667 0.093023
5 0.584167 0.755814 0.021667 0.093023
9 0.712500 0.755814 0.021667 0.093023
27 0.712500 0.116279 0.021667 0.069767
7 0.712500 0.372093 0.021667 0.093023
0 0.712500 0.244186 0.021667 0.093023
8 0.712500 0.500000 0.021667 0.093023
0 0.840833 0.500000 0.021667 0.093023
17 0.840000 0.244186 0.036667 0.093023
0 0.840833 0.372093 0.021667 0.093023
