11 0.129068 0.153333 0.017957 0.066667
22 0.129068 0.633333 0.017957 0.066667
15 0.214366 0.273333 0.017957 0.066667
5 0.214366 0.393333 0.008979 0.066667
12 0.298541 0.273333 0.017957 0.066667
19 0.298541 0.633333 0.017957 0.066667
0 0.298541 0.753333 0.008979 0.066667
22 0.383838 0.633333 0.017957 0.066667
28 0.383838 0.513333 0.026936 0.066667
6 0.383838 0.753333 0.008979 0.066667
8 0.383838 0.393333 0.008979 0.066667
0 0.468013 0.393333 0.008979 0.066667
0 0.468013 0.753333 0.008979 0.066667
6 0.468013 0.153333 0.008979 0.066667
6 0.553311 0.273333 0.008979 0.066667
12 0.553311 0.393333 0.017957 0.066667
0 0.637486 0.753333 0.008979 0.066667
1 0.637486 0.273333 0.008979 0.066667
22 0.722783 0.633333 0.017957 0.066667
0 0.722783 0.753333 0.008979 0.066667
19 0.806958 0.273333 0.017957 0.066667
4 0.806958 0.753333 0.008979 0.066667
28 0.892256 0.633333 0.026936 0.066667