2 0.129518 0.513333 0.012048 0.066667
10 0.129518 0.633333 0.024096 0.066667
27 0.128765 0.273333 0.010542 0.053333
0 0.198795 0.273333 0.012048 0.066667
7 0.198795 0.753333 0.012048 0.066667
5 0.198795 0.513333 0.012048 0.066667
5 0.198795 0.633333 0.012048 0.066667
9 0.269578 0.513333 0.012048 0.066667
9 0.269578 0.393333 0.012048 0.066667
11 0.269578 0.273333 0.024096 0.066667
10 0.338855 0.633333 0.024096 0.066667
0 0.338855 0.273333 0.012048 0.066667
12 0.409639 0.513333 0.024096 0.066667
21 0.409639 0.273333 0.024096 0.066667
11 0.409639 0.393333 0.024096 0.066667
4 0.478916 0.633333 0.012048 0.066667
2 0.478916 0.753333 0.012048 0.066667
1 0.478916 0.393333 0.012048 0.066667
0 0.549699 0.153333 0.012048 0.066667
0 0.549699 0.393333 0.012048 0.066667
5 0.618976 0.393333 0.012048 0.066667
3 0.618976 0.633333 0.012048 0.066667
1 0.689759 0.633333 0.012048 0.066667
17 0.759036 0.513333 0.024096 0.066667
22 0.759036 0.393333 0.024096 0.066667
18 0.829819 0.393333 0.024096 0.066667
5 0.829819 0.753333 0.012048 0.066667
9 0.899096 0.753333 0.012048 0.066667
0 0.899096 0.393333 0.012048 0.066667