6 0.164516 0.753333 0.012903 0.066667
21 0.164516 0.513333 0.025806 0.066667
17 0.164516 0.153333 0.025806 0.066667
8 0.264516 0.153333 0.012903 0.066667
6 0.264516 0.753333 0.012903 0.066667
8 0.364516 0.153333 0.012903 0.066667
0 0.364516 0.393333 0.012903 0.066667
3 0.364516 0.753333 0.012903 0.066667
3 0.364516 0.513333 0.012903 0.066667
3 0.464516 0.513333 0.012903 0.066667
1 0.464516 0.633333 0.012903 0.066667
7 0.566129 0.513333 0.012903 0.066667
3 0.566129 0.753333 0.012903 0.066667
2 0.666129 0.153333 0.012903 0.066667
6 0.766129 0.153333 0.012903 0.066667
2 0.766129 0.633333 0.012903 0.066667
24 0.866129 0.273333 0.025806 0.066667
8 0.866129 0.513333 0.012903 0.066667