10 0.141667 0.753333 0.026667 0.066667
16 0.141667 0.273333 0.026667 0.066667
2 0.216667 0.153333 0.013333 0.066667
2 0.291667 0.633333 0.013333 0.066667
18 0.366667 0.273333 0.026667 0.066667
2 0.366667 0.153333 0.013333 0.066667
15 0.366667 0.393333 0.026667 0.066667
2 0.366667 0.633333 0.013333 0.066667
15 0.441667 0.273333 0.026667 0.066667
10 0.441667 0.153333 0.026667 0.066667
2 0.441667 0.393333 0.013333 0.066667
5 0.516667 0.153333 0.013333 0.066667
8 0.516667 0.633333 0.013333 0.066667
11 0.516667 0.513333 0.026667 0.066667
11 0.591667 0.633333 0.026667 0.066667
1 0.591667 0.153333 0.013333 0.066667
0 0.591667 0.753333 0.013333 0.066667
4 0.591667 0.513333 0.013333 0.066667
11 0.666667 0.273333 0.026667 0.066667
3 0.666667 0.633333 0.013333 0.066667
6 0.666667 0.753333 0.013333 0.066667
19 0.741667 0.633333 0.026667 0.066667
5 0.741667 0.273333 0.013333 0.066667
16 0.816667 0.753333 0.026667 0.066667
0 0.816667 0.153333 0.013333 0.066667
3 0.891667 0.153333 0.013333 0.066667