11 0.137042 0.273333 0.021710 0.066667
19 0.221167 0.153333 0.021710 0.066667
8 0.221167 0.513333 0.010855 0.066667
5 0.303935 0.633333 0.010855 0.066667
23 0.303935 0.513333 0.021710 0.066667
4 0.303935 0.273333 0.010855 0.066667
2 0.303935 0.153333 0.010855 0.066667
10 0.388060 0.513333 0.021710 0.066667
21 0.388060 0.273333 0.021710 0.066667
0 0.470828 0.753333 0.010855 0.066667
1 0.554953 0.393333 0.010855 0.066667
7 0.554953 0.273333 0.010855 0.066667
9 0.554953 0.513333 0.010855 0.066667
2 0.637720 0.633333 0.010855 0.066667
21 0.637720 0.273333 0.021710 0.066667
7 0.721845 0.153333 0.010855 0.066667
8 0.804613 0.513333 0.010855 0.066667
12 0.804613 0.633333 0.021710 0.066667
6 0.804613 0.753333 0.010855 0.066667
4 0.804613 0.273333 0.010855 0.066667
3 0.888738 0.153333 0.010855 0.066667
6 0.888738 0.633333 0.010855 0.066667
0 0.888738 0.273333 0.010855 0.066667