2 0.123324 0.273333 0.010724 0.066667
27 0.123995 0.393333 0.009383 0.053333
0 0.194370 0.273333 0.010724 0.066667
1 0.194370 0.633333 0.010724 0.066667
9 0.194370 0.513333 0.010724 0.066667
1 0.194370 0.393333 0.010724 0.066667
20 0.265416 0.273333 0.021448 0.066667
27 0.264745 0.753333 0.009383 0.053333
0 0.336461 0.153333 0.010724 0.066667
3 0.336461 0.393333 0.010724 0.066667
11 0.336461 0.633333 0.021448 0.066667
1 0.406166 0.633333 0.010724 0.066667
6 0.406166 0.153333 0.010724 0.066667
4 0.477212 0.633333 0.010724 0.066667
0 0.477212 0.273333 0.010724 0.066667
10 0.477212 0.753333 0.021448 0.066667
2 0.477212 0.153333 0.010724 0.066667
6 0.548257 0.513333 0.010724 0.066667
7 0.548257 0.393333 0.010724 0.066667
1 0.619303 0.153333 0.010724 0.066667
14 0.619303 0.753333 0.021448 0.066667
8 0.689008 0.633333 0.010724 0.066667
1 0.689008 0.513333 0.010724 0.066667
16 0.689008 0.393333 0.021448 0.066667
0 0.689008 0.753333 0.010724 0.066667
3 0.760054 0.153333 0.010724 0.066667
28 0.760054 0.633333 0.032172 0.066667
9 0.831099 0.753333 0.010724 0.066667
7 0.831099 0.153333 0.010724 0.066667
8 0.831099 0.273333 0.010724 0.066667
6 0.831099 0.633333 0.010724 0.066667
6 0.902145 0.513333 0.010724 0.066667
1 0.902145 0.153333 0.010724 0.066667
2 0.902145 0.753333 0.010724 0.066667
13 0.902145 0.393333 0.021448 0.066667