3 0.121012 0.513333 0.008801 0.066667
5 0.121012 0.393333 0.008801 0.066667
22 0.199120 0.633333 0.017602 0.066667
5 0.199120 0.753333 0.008801 0.066667
9 0.199120 0.153333 0.008801 0.066667
4 0.199120 0.513333 0.008801 0.066667
17 0.277228 0.153333 0.017602 0.066667
3 0.277228 0.273333 0.008801 0.066667
1 0.277228 0.633333 0.008801 0.066667
7 0.355336 0.153333 0.008801 0.066667
3 0.432343 0.633333 0.008801 0.066667
0 0.432343 0.753333 0.008801 0.066667
1 0.510451 0.753333 0.008801 0.066667
21 0.588559 0.513333 0.017602 0.066667
12 0.666667 0.393333 0.017602 0.066667
3 0.666667 0.633333 0.008801 0.066667
11 0.743674 0.753333 0.017602 0.066667
2 0.743674 0.393333 0.008801 0.066667
0 0.743674 0.513333 0.008801 0.066667
9 0.743674 0.153333 0.008801 0.066667
12 0.821782 0.753333 0.017602 0.066667
7 0.821782 0.633333 0.008801 0.066667
7 0.899890 0.753333 0.008801 0.066667
0 0.899890 0.633333 0.008801 0.066667