6 0.117647 0.633333 0.009412 0.066667
1 0.117647 0.153333 0.009412 0.066667
17 0.117647 0.753333 0.018824 0.066667
1 0.189412 0.513333 0.009412 0.066667
2 0.189412 0.273333 0.009412 0.066667
0 0.261176 0.273333 0.009412 0.066667
1 0.261176 0.513333 0.009412 0.066667
17 0.261176 0.753333 0.018824 0.066667
3 0.332941 0.273333 0.009412 0.066667
5 0.403529 0.273333 0.009412 0.066667
2 0.475294 0.753333 0.009412 0.066667
4 0.475294 0.153333 0.009412 0.066667
9 0.475294 0.633333 0.009412 0.066667
21 0.547059 0.753333 0.018824 0.066667
1 0.547059 0.273333 0.009412 0.066667
3 0.618824 0.633333 0.009412 0.066667
7 0.618824 0.393333 0.009412 0.066667
15 0.689412 0.273333 0.018824 0.066667
18 0.689412 0.633333 0.018824 0.066667
8 0.761176 0.513333 0.009412 0.066667
0 0.832941 0.513333 0.009412 0.066667
5 0.904706 0.513333 0.009412 0.066667