13 0.171429 0.153333 0.022857 0.066667
6 0.171429 0.753333 0.011429 0.066667
12 0.171429 0.393333 0.022857 0.066667
16 0.285714 0.513333 0.022857 0.066667
17 0.285714 0.393333 0.022857 0.066667
3 0.400000 0.753333 0.011429 0.066667
7 0.400000 0.513333 0.011429 0.066667
9 0.400000 0.273333 0.011429 0.066667
5 0.514286 0.273333 0.011429 0.066667
4 0.514286 0.513333 0.011429 0.066667
21 0.514286 0.153333 0.022857 0.066667
5 0.628571 0.753333 0.011429 0.066667
17 0.742857 0.273333 0.022857 0.066667
5 0.742857 0.633333 0.011429 0.066667
1 0.857143 0.393333 0.011429 0.066667
11 0.857143 0.513333 0.022857 0.066667
6 0.857143 0.153333 0.011429 0.066667