3 0.118064 0.513333 0.009445 0.066667
5 0.118064 0.753333 0.009445 0.066667
8 0.190083 0.753333 0.009445 0.066667
6 0.190083 0.153333 0.009445 0.066667
19 0.190083 0.273333 0.018890 0.066667
7 0.190083 0.513333 0.009445 0.066667
7 0.260921 0.513333 0.009445 0.066667
5 0.260921 0.273333 0.009445 0.066667
7 0.332940 0.513333 0.009445 0.066667
7 0.403778 0.513333 0.009445 0.066667
0 0.475797 0.753333 0.009445 0.066667
2 0.546635 0.753333 0.009445 0.066667
9 0.546635 0.513333 0.009445 0.066667
23 0.546635 0.633333 0.018890 0.066667
13 0.618654 0.513333 0.018890 0.066667
1 0.618654 0.633333 0.009445 0.066667
10 0.618654 0.753333 0.018890 0.066667
12 0.689492 0.393333 0.018890 0.066667
5 0.689492 0.153333 0.009445 0.066667
3 0.761511 0.153333 0.009445 0.066667
1 0.761511 0.393333 0.009445 0.066667
5 0.761511 0.633333 0.009445 0.066667
2 0.761511 0.273333 0.009445 0.066667
3 0.832349 0.633333 0.009445 0.066667
11 0.904368 0.753333 0.018890 0.066667