4 0.182864 0.273333 0.010230 0.066667
18 0.182864 0.153333 0.020460 0.066667
7 0.182864 0.393333 0.010230 0.066667
8 0.314578 0.513333 0.010230 0.066667
10 0.314578 0.273333 0.020460 0.066667
18 0.446292 0.513333 0.020460 0.066667
9 0.446292 0.153333 0.010230 0.066667
12 0.446292 0.753333 0.020460 0.066667
5 0.578005 0.633333 0.010230 0.066667
8 0.709719 0.753333 0.010230 0.066667
11 0.709719 0.513333 0.020460 0.066667
3 0.709719 0.153333 0.010230 0.066667
3 0.841432 0.753333 0.010230 0.066667
28 0.841432 0.273333 0.040921 0.066667