5 0.113445 0.393333 0.008403 0.066667
12 0.113445 0.273333 0.016807 0.066667
8 0.185924 0.513333 0.008403 0.066667
22 0.257353 0.513333 0.016807 0.066667
6 0.257353 0.273333 0.008403 0.066667
8 0.329832 0.513333 0.008403 0.066667
10 0.329832 0.153333 0.016807 0.066667
7 0.329832 0.633333 0.008403 0.066667
14 0.402311 0.393333 0.016807 0.066667
27 0.401786 0.753333 0.007353 0.053333
9 0.473739 0.753333 0.008403 0.066667
9 0.473739 0.153333 0.008403 0.066667
0 0.546218 0.153333 0.008403 0.066667
9 0.617647 0.153333 0.008403 0.066667
0 0.690126 0.393333 0.008403 0.066667
9 0.762605 0.513333 0.008403 0.066667
0 0.834034 0.633333 0.008403 0.066667
8 0.906513 0.753333 0.008403 0.066667
14 0.906513 0.153333 0.016807 0.066667