10 0.145745 0.633333 0.017021 0.066667
0 0.145745 0.153333 0.008511 0.066667
1 0.250000 0.153333 0.008511 0.066667
2 0.250000 0.633333 0.008511 0.066667
9 0.354255 0.393333 0.008511 0.066667
1 0.458511 0.513333 0.008511 0.066667
13 0.458511 0.273333 0.017021 0.066667
9 0.458511 0.393333 0.008511 0.066667
4 0.561702 0.633333 0.008511 0.066667
4 0.561702 0.393333 0.008511 0.066667
5 0.665957 0.273333 0.008511 0.066667
4 0.665957 0.633333 0.008511 0.066667
11 0.665957 0.393333 0.017021 0.066667
3 0.770213 0.153333 0.008511 0.066667
3 0.770213 0.393333 0.008511 0.066667
13 0.770213 0.633333 0.017021 0.066667
6 0.874468 0.153333 0.008511 0.066667
0 0.874468 0.393333 0.008511 0.066667
10 0.874468 0.513333 0.017021 0.066667
4 0.874468 0.273333 0.008511 0.066667