2 0.131579 0.393333 0.011080 0.066667
8 0.207756 0.753333 0.011080 0.066667
1 0.283934 0.513333 0.011080 0.066667
15 0.283934 0.753333 0.022161 0.066667
1 0.360111 0.753333 0.011080 0.066667
10 0.360111 0.153333 0.022161 0.066667
4 0.436288 0.153333 0.011080 0.066667
4 0.436288 0.273333 0.011080 0.066667
14 0.436288 0.633333 0.022161 0.066667
3 0.513850 0.633333 0.011080 0.066667
23 0.513850 0.393333 0.022161 0.066667
5 0.590028 0.513333 0.011080 0.066667
3 0.590028 0.153333 0.011080 0.066667
4 0.590028 0.753333 0.011080 0.066667
7 0.666205 0.393333 0.011080 0.066667
23 0.666205 0.633333 0.022161 0.066667
3 0.742382 0.513333 0.011080 0.066667
10 0.742382 0.633333 0.022161 0.066667
6 0.742382 0.153333 0.011080 0.066667
1 0.818560 0.753333 0.011080 0.066667
2 0.818560 0.153333 0.011080 0.066667
6 0.894737 0.513333 0.011080 0.066667
5 0.894737 0.753333 0.011080 0.066667