6 0.161787 0.393333 0.012327 0.066667
5 0.261941 0.513333 0.012327 0.066667
22 0.261941 0.153333 0.024653 0.066667
3 0.261941 0.753333 0.012327 0.066667
8 0.261941 0.393333 0.012327 0.066667
9 0.363636 0.273333 0.012327 0.066667
17 0.463790 0.753333 0.024653 0.066667
6 0.463790 0.633333 0.012327 0.066667
3 0.463790 0.273333 0.012327 0.066667
0 0.565485 0.753333 0.012327 0.066667
3 0.565485 0.633333 0.012327 0.066667
3 0.665639 0.393333 0.012327 0.066667
0 0.665639 0.273333 0.012327 0.066667
4 0.665639 0.753333 0.012327 0.066667
0 0.767334 0.273333 0.012327 0.066667
8 0.767334 0.513333 0.012327 0.066667
19 0.767334 0.753333 0.024653 0.066667
2 0.867488 0.273333 0.012327 0.066667