10 0.130688 0.273333 0.018670 0.066667
0 0.130688 0.633333 0.009335 0.066667
3 0.214702 0.273333 0.009335 0.066667
10 0.299883 0.393333 0.018670 0.066667
9 0.299883 0.273333 0.009335 0.066667
2 0.299883 0.633333 0.009335 0.066667
8 0.383897 0.393333 0.009335 0.066667
18 0.469078 0.753333 0.018670 0.066667
20 0.553092 0.633333 0.018670 0.066667
17 0.553092 0.273333 0.018670 0.066667
8 0.638273 0.633333 0.009335 0.066667
5 0.638273 0.393333 0.009335 0.066667
4 0.638273 0.273333 0.009335 0.066667
6 0.722287 0.753333 0.009335 0.066667
0 0.722287 0.513333 0.009335 0.066667
13 0.722287 0.393333 0.018670 0.066667
0 0.722287 0.633333 0.009335 0.066667
4 0.807468 0.513333 0.009335 0.066667
23 0.891482 0.273333 0.018670 0.066667
23 0.891482 0.393333 0.018670 0.066667
0 0.891482 0.753333 0.009335 0.066667
24 0.891482 0.153333 0.018670 0.066667