7 0.127292 0.633333 0.008630 0.066667
1 0.127292 0.273333 0.008630 0.066667
19 0.212513 0.633333 0.017260 0.066667
1 0.212513 0.393333 0.008630 0.066667
24 0.297735 0.153333 0.017260 0.066667
13 0.297735 0.273333 0.017260 0.066667
9 0.382956 0.153333 0.008630 0.066667
4 0.468177 0.393333 0.008630 0.066667
2 0.468177 0.513333 0.008630 0.066667
13 0.468177 0.633333 0.017260 0.066667
21 0.552319 0.273333 0.017260 0.066667
5 0.637540 0.393333 0.008630 0.066667
5 0.637540 0.633333 0.008630 0.066667
2 0.637540 0.273333 0.008630 0.066667
14 0.722762 0.273333 0.017260 0.066667
20 0.722762 0.393333 0.017260 0.066667
2 0.722762 0.633333 0.008630 0.066667
2 0.807983 0.513333 0.008630 0.066667
24 0.807983 0.753333 0.017260 0.066667
27 0.807443 0.273333 0.007551 0.053333
28 0.807983 0.153333 0.025890 0.066667
15 0.893204 0.513333 0.017260 0.066667