6 0.126866 0.153333 0.009950 0.066667
0 0.203980 0.513333 0.009950 0.066667
7 0.203980 0.633333 0.009950 0.066667
21 0.203980 0.153333 0.019900 0.066667
4 0.281095 0.753333 0.009950 0.066667
1 0.281095 0.153333 0.009950 0.066667
1 0.281095 0.633333 0.009950 0.066667
12 0.358209 0.393333 0.019900 0.066667
13 0.358209 0.753333 0.019900 0.066667
0 0.435323 0.153333 0.009950 0.066667
1 0.512438 0.393333 0.009950 0.066667
7 0.512438 0.513333 0.009950 0.066667
1 0.589552 0.393333 0.009950 0.066667
22 0.666667 0.513333 0.019900 0.066667
7 0.666667 0.393333 0.009950 0.066667
20 0.666667 0.273333 0.019900 0.066667
19 0.743781 0.393333 0.019900 0.066667
8 0.743781 0.633333 0.009950 0.066667
9 0.820896 0.393333 0.009950 0.066667
4 0.820896 0.753333 0.009950 0.066667
28 0.820896 0.513333 0.029851 0.066667
9 0.898010 0.753333 0.009950 0.066667