23 0.134731 0.633333 0.023952 0.066667
1 0.211078 0.753333 0.011976 0.066667
15 0.211078 0.153333 0.023952 0.066667
3 0.211078 0.633333 0.011976 0.066667
9 0.287425 0.513333 0.011976 0.066667
4 0.287425 0.393333 0.011976 0.066667
10 0.287425 0.153333 0.023952 0.066667
1 0.362275 0.753333 0.011976 0.066667
11 0.362275 0.513333 0.023952 0.066667
8 0.362275 0.393333 0.011976 0.066667
28 0.438623 0.753333 0.047904 0.066667
2 0.514970 0.513333 0.011976 0.066667
3 0.589820 0.153333 0.011976 0.066667
3 0.666168 0.393333 0.011976 0.066667
3 0.666168 0.633333 0.011976 0.066667
19 0.742515 0.753333 0.023952 0.066667
7 0.742515 0.633333 0.011976 0.066667
4 0.742515 0.513333 0.011976 0.066667
2 0.742515 0.273333 0.011976 0.066667
20 0.817365 0.633333 0.023952 0.066667
4 0.817365 0.273333 0.011976 0.066667
0 0.893713 0.273333 0.011976 0.066667
11 0.893713 0.753333 0.023952 0.066667
7 0.893713 0.633333 0.011976 0.066667
18 0.893713 0.513333 0.023952 0.066667