4 0.142674 0.633333 0.010283 0.066667
0 0.142674 0.393333 0.010283 0.066667
3 0.142674 0.513333 0.010283 0.066667
1 0.235219 0.753333 0.010283 0.066667
0 0.235219 0.513333 0.010283 0.066667
5 0.327763 0.513333 0.010283 0.066667
3 0.327763 0.393333 0.010283 0.066667
10 0.420308 0.753333 0.020566 0.066667
0 0.420308 0.393333 0.010283 0.066667
27 0.419666 0.273333 0.008997 0.053333
5 0.512853 0.273333 0.010283 0.066667
8 0.604113 0.513333 0.010283 0.066667
24 0.604113 0.753333 0.020566 0.066667
4 0.604113 0.393333 0.010283 0.066667
0 0.696658 0.633333 0.010283 0.066667
5 0.696658 0.153333 0.010283 0.066667
4 0.789203 0.633333 0.010283 0.066667
27 0.788560 0.753333 0.008997 0.053333
2 0.789203 0.393333 0.010283 0.066667
6 0.881748 0.513333 0.010283 0.066667