0 0.186782 0.153333 0.011494 0.066667
14 0.186782 0.393333 0.022989 0.066667
1 0.317529 0.753333 0.011494 0.066667
23 0.317529 0.273333 0.022989 0.066667
22 0.448276 0.153333 0.022989 0.066667
15 0.448276 0.273333 0.022989 0.066667
7 0.579023 0.393333 0.011494 0.066667
8 0.579023 0.753333 0.011494 0.066667
0 0.579023 0.513333 0.011494 0.066667
3 0.579023 0.633333 0.011494 0.066667
1 0.709770 0.633333 0.011494 0.066667
4 0.709770 0.273333 0.011494 0.066667
4 0.840517 0.633333 0.011494 0.066667
7 0.840517 0.153333 0.011494 0.066667