4 0.134515 0.633333 0.008342 0.066667
23 0.134515 0.153333 0.016684 0.066667
22 0.228363 0.513333 0.016684 0.066667
7 0.228363 0.753333 0.008342 0.066667
1 0.322211 0.513333 0.008342 0.066667
9 0.416058 0.273333 0.008342 0.066667
20 0.416058 0.753333 0.016684 0.066667
1 0.416058 0.513333 0.008342 0.066667
2 0.509906 0.393333 0.008342 0.066667
9 0.509906 0.513333 0.008342 0.066667
2 0.509906 0.273333 0.008342 0.066667
9 0.603754 0.753333 0.008342 0.066667
28 0.603754 0.273333 0.025026 0.066667
4 0.603754 0.513333 0.008342 0.066667
24 0.697602 0.513333 0.016684 0.066667
15 0.697602 0.633333 0.016684 0.066667
5 0.791449 0.273333 0.008342 0.066667
3 0.791449 0.153333 0.008342 0.066667
1 0.791449 0.513333 0.008342 0.066667
2 0.885297 0.513333 0.008342 0.066667
3 0.885297 0.393333 0.008342 0.066667