13 0.128280 0.753333 0.023324 0.066667
1 0.198251 0.633333 0.011662 0.066667
3 0.198251 0.513333 0.011662 0.066667
28 0.268222 0.393333 0.034985 0.066667
13 0.268222 0.153333 0.023324 0.066667
0 0.338192 0.753333 0.011662 0.066667
3 0.338192 0.513333 0.011662 0.066667
0 0.408163 0.153333 0.011662 0.066667
27 0.408892 0.393333 0.010204 0.053333
2 0.408163 0.513333 0.011662 0.066667
5 0.478134 0.273333 0.011662 0.066667
2 0.478134 0.513333 0.011662 0.066667
0 0.549563 0.753333 0.011662 0.066667
7 0.619534 0.393333 0.011662 0.066667
0 0.689504 0.153333 0.011662 0.066667
1 0.759475 0.273333 0.011662 0.066667
3 0.759475 0.633333 0.011662 0.066667
1 0.759475 0.393333 0.011662 0.066667
16 0.829446 0.633333 0.023324 0.066667
10 0.829446 0.753333 0.023324 0.066667
1 0.899417 0.753333 0.011662 0.066667
0 0.899417 0.153333 0.011662 0.066667