11 0.151703 0.513333 0.024768 0.066667
21 0.151703 0.153333 0.024768 0.066667
8 0.243034 0.513333 0.012384 0.066667
0 0.243034 0.273333 0.012384 0.066667
1 0.243034 0.753333 0.012384 0.066667
2 0.243034 0.633333 0.012384 0.066667
6 0.332817 0.753333 0.012384 0.066667
28 0.332817 0.393333 0.037152 0.066667
1 0.332817 0.633333 0.012384 0.066667
6 0.424149 0.273333 0.012384 0.066667
0 0.424149 0.633333 0.012384 0.066667
7 0.515480 0.273333 0.012384 0.066667
5 0.605263 0.513333 0.012384 0.066667
3 0.696594 0.753333 0.012384 0.066667
3 0.786378 0.393333 0.012384 0.066667
5 0.877709 0.753333 0.012384 0.066667