5 0.117371 0.513333 0.009390 0.066667
0 0.188967 0.753333 0.009390 0.066667
8 0.260563 0.153333 0.009390 0.066667
14 0.332160 0.393333 0.018779 0.066667
5 0.332160 0.513333 0.009390 0.066667
4 0.403756 0.273333 0.009390 0.066667
27 0.404343 0.753333 0.008216 0.053333
19 0.475352 0.273333 0.018779 0.066667
3 0.475352 0.633333 0.009390 0.066667
1 0.475352 0.393333 0.009390 0.066667
10 0.475352 0.153333 0.018779 0.066667
11 0.546948 0.633333 0.018779 0.066667
11 0.546948 0.393333 0.018779 0.066667
2 0.546948 0.513333 0.009390 0.066667
17 0.618545 0.753333 0.018779 0.066667
0 0.618545 0.393333 0.009390 0.066667
23 0.690141 0.513333 0.018779 0.066667
16 0.690141 0.153333 0.018779 0.066667
8 0.690141 0.273333 0.009390 0.066667
9 0.761737 0.513333 0.009390 0.066667
6 0.761737 0.753333 0.009390 0.066667
2 0.833333 0.513333 0.009390 0.066667
24 0.833333 0.393333 0.018779 0.066667
6 0.833333 0.753333 0.009390 0.066667
4 0.833333 0.153333 0.009390 0.066667
0 0.904930 0.273333 0.009390 0.066667
24 0.904930 0.393333 0.018779 0.066667
0 0.904930 0.153333 0.009390 0.066667
21 0.904930 0.513333 0.018779 0.066667