10 0.133768 0.633333 0.026101 0.066667
20 0.203915 0.513333 0.026101 0.066667
5 0.272431 0.273333 0.013051 0.066667
3 0.272431 0.153333 0.013051 0.066667
0 0.272431 0.753333 0.013051 0.066667
1 0.272431 0.513333 0.013051 0.066667
3 0.342577 0.393333 0.013051 0.066667
5 0.411093 0.393333 0.013051 0.066667
15 0.411093 0.513333 0.026101 0.066667
3 0.481240 0.633333 0.013051 0.066667
4 0.549755 0.513333 0.013051 0.066667
2 0.549755 0.153333 0.013051 0.066667
7 0.549755 0.633333 0.013051 0.066667
7 0.619902 0.753333 0.013051 0.066667
2 0.688418 0.513333 0.013051 0.066667
5 0.688418 0.753333 0.013051 0.066667
8 0.758564 0.633333 0.013051 0.066667
10 0.827080 0.633333 0.026101 0.066667
8 0.827080 0.273333 0.013051 0.066667
12 0.827080 0.513333 0.026101 0.066667
18 0.897227 0.153333 0.026101 0.066667