2 0.143719 0.513333 0.008040 0.066667
1 0.143719 0.153333 0.008040 0.066667
7 0.248241 0.153333 0.008040 0.066667
3 0.248241 0.513333 0.008040 0.066667
4 0.352764 0.153333 0.008040 0.066667
0 0.457286 0.153333 0.008040 0.066667
2 0.457286 0.633333 0.008040 0.066667
9 0.561809 0.273333 0.008040 0.066667
8 0.561809 0.753333 0.008040 0.066667
28 0.561809 0.153333 0.024121 0.066667
3 0.666332 0.633333 0.008040 0.066667
2 0.666332 0.513333 0.008040 0.066667
5 0.770854 0.153333 0.008040 0.066667
15 0.770854 0.273333 0.016080 0.066667
7 0.770854 0.633333 0.008040 0.066667
4 0.770854 0.393333 0.008040 0.066667
9 0.875377 0.753333 0.008040 0.066667
14 0.875377 0.153333 0.016080 0.066667
12 0.875377 0.393333 0.016080 0.066667