28 0.144444 0.513333 0.038095 0.066667
13 0.226984 0.153333 0.025397 0.066667
4 0.226984 0.633333 0.012698 0.066667
4 0.226984 0.513333 0.012698 0.066667
1 0.226984 0.273333 0.012698 0.066667
2 0.309524 0.393333 0.012698 0.066667
9 0.309524 0.513333 0.012698 0.066667
6 0.392063 0.753333 0.012698 0.066667
2 0.392063 0.273333 0.012698 0.066667
10 0.392063 0.633333 0.025397 0.066667
0 0.392063 0.153333 0.012698 0.066667
0 0.474603 0.513333 0.012698 0.066667
28 0.555556 0.273333 0.038095 0.066667
3 0.638095 0.753333 0.012698 0.066667
1 0.638095 0.153333 0.012698 0.066667
19 0.638095 0.513333 0.025397 0.066667
11 0.720635 0.633333 0.025397 0.066667
3 0.720635 0.273333 0.012698 0.066667
1 0.803175 0.513333 0.012698 0.066667
1 0.803175 0.273333 0.012698 0.066667
4 0.885714 0.753333 0.012698 0.066667
11 0.885714 0.393333 0.025397 0.066667