20 0.124547 0.273333 0.019347 0.066667
15 0.201935 0.513333 0.019347 0.066667
20 0.201935 0.753333 0.019347 0.066667
9 0.201935 0.393333 0.009674 0.066667
5 0.279323 0.513333 0.009674 0.066667
6 0.279323 0.633333 0.009674 0.066667
6 0.279323 0.273333 0.009674 0.066667
6 0.279323 0.153333 0.009674 0.066667
2 0.356711 0.153333 0.009674 0.066667
19 0.434099 0.753333 0.019347 0.066667
1 0.511487 0.153333 0.009674 0.066667
1 0.511487 0.633333 0.009674 0.066667
4 0.588875 0.153333 0.009674 0.066667
13 0.588875 0.513333 0.019347 0.066667
14 0.666264 0.753333 0.019347 0.066667
3 0.666264 0.273333 0.009674 0.066667
7 0.666264 0.633333 0.009674 0.066667
0 0.666264 0.393333 0.009674 0.066667
24 0.743652 0.513333 0.019347 0.066667
3 0.743652 0.153333 0.009674 0.066667
10 0.743652 0.273333 0.019347 0.066667
3 0.821040 0.153333 0.009674 0.066667
16 0.898428 0.153333 0.019347 0.066667
0 0.898428 0.513333 0.009674 0.066667
18 0.898428 0.273333 0.019347 0.066667