7 0.175194 0.393333 0.012403 0.066667
23 0.175194 0.153333 0.024806 0.066667
5 0.288372 0.273333 0.012403 0.066667
0 0.288372 0.633333 0.012403 0.066667
10 0.401550 0.153333 0.024806 0.066667
28 0.401550 0.393333 0.037209 0.066667
27 0.400775 0.513333 0.010853 0.053333
12 0.401550 0.753333 0.024806 0.066667
13 0.514729 0.753333 0.024806 0.066667
14 0.627907 0.153333 0.024806 0.066667
4 0.627907 0.753333 0.012403 0.066667
1 0.741085 0.273333 0.012403 0.066667
6 0.741085 0.393333 0.012403 0.066667
22 0.741085 0.753333 0.024806 0.066667
5 0.741085 0.513333 0.012403 0.066667
0 0.854264 0.513333 0.012403 0.066667