12 0.137363 0.153333 0.017582 0.066667
3 0.137363 0.393333 0.008791 0.066667
2 0.137363 0.273333 0.008791 0.066667
10 0.230769 0.633333 0.017582 0.066667
1 0.230769 0.393333 0.008791 0.066667
0 0.324176 0.633333 0.008791 0.066667
23 0.324176 0.393333 0.017582 0.066667
14 0.324176 0.273333 0.017582 0.066667
9 0.324176 0.513333 0.008791 0.066667
3 0.417582 0.273333 0.008791 0.066667
3 0.510989 0.633333 0.008791 0.066667
3 0.510989 0.393333 0.008791 0.066667
3 0.604396 0.633333 0.008791 0.066667
4 0.697802 0.153333 0.008791 0.066667
1 0.791209 0.513333 0.008791 0.066667
20 0.791209 0.633333 0.017582 0.066667
23 0.884615 0.513333 0.017582 0.066667
6 0.884615 0.393333 0.008791 0.066667