2 0.123557 0.393333 0.009238 0.066667
24 0.123557 0.273333 0.018476 0.066667
21 0.123557 0.153333 0.018476 0.066667
4 0.200924 0.513333 0.009238 0.066667
2 0.200924 0.633333 0.009238 0.066667
2 0.278291 0.273333 0.009238 0.066667
2 0.278291 0.633333 0.009238 0.066667
2 0.355658 0.153333 0.009238 0.066667
2 0.355658 0.753333 0.009238 0.066667
0 0.355658 0.393333 0.009238 0.066667
6 0.433025 0.393333 0.009238 0.066667
1 0.511547 0.513333 0.009238 0.066667
8 0.511547 0.753333 0.009238 0.066667
3 0.511547 0.393333 0.009238 0.066667
19 0.588915 0.153333 0.018476 0.066667
22 0.666282 0.273333 0.018476 0.066667
3 0.666282 0.753333 0.009238 0.066667
1 0.666282 0.393333 0.009238 0.066667
11 0.666282 0.153333 0.018476 0.066667
5 0.743649 0.153333 0.009238 0.066667
6 0.743649 0.753333 0.009238 0.066667
9 0.743649 0.513333 0.009238 0.066667
22 0.743649 0.273333 0.018476 0.066667
12 0.821016 0.153333 0.018476 0.066667
3 0.898383 0.513333 0.009238 0.066667
2 0.898383 0.153333 0.009238 0.066667
4 0.898383 0.273333 0.009238 0.066667
6 0.898383 0.633333 0.009238 0.066667