16 0.145340 0.393333 0.025276 0.066667
28 0.145340 0.153333 0.050553 0.066667
10 0.145340 0.513333 0.025276 0.066667
0 0.145340 0.633333 0.012638 0.066667
3 0.227488 0.393333 0.012638 0.066667
0 0.227488 0.633333 0.012638 0.066667
9 0.227488 0.273333 0.012638 0.066667
4 0.227488 0.753333 0.012638 0.066667
10 0.309637 0.513333 0.025276 0.066667
0 0.309637 0.633333 0.012638 0.066667
6 0.309637 0.153333 0.012638 0.066667
10 0.391785 0.393333 0.025276 0.066667
0 0.391785 0.513333 0.012638 0.066667
3 0.391785 0.273333 0.012638 0.066667
6 0.473934 0.513333 0.012638 0.066667
1 0.473934 0.633333 0.012638 0.066667
27 0.473144 0.153333 0.011058 0.053333
27 0.473144 0.393333 0.011058 0.053333
4 0.556082 0.633333 0.012638 0.066667
0 0.556082 0.753333 0.012638 0.066667
7 0.638231 0.393333 0.012638 0.066667
10 0.638231 0.153333 0.025276 0.066667
27 0.721169 0.393333 0.011058 0.053333
10 0.720379 0.273333 0.025276 0.066667
7 0.802528 0.273333 0.012638 0.066667
3 0.802528 0.393333 0.012638 0.066667
0 0.884676 0.753333 0.012638 0.066667
11 0.884676 0.273333 0.025276 0.066667