2 0.127714 0.633333 0.010217 0.066667
0 0.127714 0.753333 0.010217 0.066667
5 0.127714 0.393333 0.010217 0.066667
11 0.127714 0.513333 0.020434 0.066667
0 0.204342 0.153333 0.010217 0.066667
3 0.204342 0.753333 0.010217 0.066667
5 0.204342 0.513333 0.010217 0.066667
27 0.281609 0.393333 0.008940 0.053333
10 0.358876 0.753333 0.020434 0.066667
0 0.358876 0.153333 0.010217 0.066667
2 0.435504 0.753333 0.010217 0.066667
3 0.512133 0.513333 0.010217 0.066667
16 0.588761 0.633333 0.020434 0.066667
2 0.588761 0.513333 0.010217 0.066667
12 0.666667 0.393333 0.020434 0.066667
18 0.743295 0.513333 0.020434 0.066667
13 0.819923 0.753333 0.020434 0.066667
0 0.819923 0.393333 0.010217 0.066667
2 0.896552 0.633333 0.010217 0.066667
9 0.896552 0.273333 0.010217 0.066667