3 0.164251 0.153333 0.009662 0.066667
8 0.164251 0.273333 0.009662 0.066667
9 0.164251 0.393333 0.009662 0.066667
27 0.279589 0.393333 0.008454 0.053333
16 0.280193 0.273333 0.019324 0.066667
16 0.396135 0.633333 0.019324 0.066667
23 0.512077 0.513333 0.019324 0.066667
4 0.512077 0.393333 0.009662 0.066667
1 0.512077 0.273333 0.009662 0.066667
1 0.628019 0.273333 0.009662 0.066667
0 0.743961 0.513333 0.009662 0.066667
6 0.743961 0.273333 0.009662 0.066667
5 0.743961 0.153333 0.009662 0.066667
0 0.859903 0.273333 0.009662 0.066667