3 0.153110 0.393333 0.012759 0.066667
5 0.153110 0.273333 0.012759 0.066667
6 0.244019 0.393333 0.012759 0.066667
4 0.244019 0.513333 0.012759 0.066667
1 0.334928 0.393333 0.012759 0.066667
4 0.424242 0.393333 0.012759 0.066667
0 0.424242 0.753333 0.012759 0.066667
9 0.515152 0.393333 0.012759 0.066667
5 0.606061 0.273333 0.012759 0.066667
0 0.695375 0.513333 0.012759 0.066667
9 0.695375 0.393333 0.012759 0.066667
11 0.695375 0.753333 0.025518 0.066667
4 0.786284 0.633333 0.012759 0.066667
2 0.786284 0.513333 0.012759 0.066667
9 0.786284 0.753333 0.012759 0.066667
9 0.786284 0.153333 0.012759 0.066667
21 0.877193 0.633333 0.025518 0.066667
2 0.877193 0.753333 0.012759 0.066667
8 0.877193 0.393333 0.012759 0.066667