0 0.119295 0.153333 0.008299 0.066667
22 0.197095 0.393333 0.016598 0.066667
3 0.275934 0.153333 0.008299 0.066667
14 0.353734 0.753333 0.016598 0.066667
11 0.353734 0.513333 0.016598 0.066667
9 0.353734 0.153333 0.008299 0.066667
0 0.431535 0.273333 0.008299 0.066667
0 0.431535 0.393333 0.008299 0.066667
3 0.510373 0.753333 0.008299 0.066667
9 0.510373 0.153333 0.008299 0.066667
7 0.510373 0.273333 0.008299 0.066667
2 0.588174 0.753333 0.008299 0.066667
5 0.665975 0.273333 0.008299 0.066667
24 0.744813 0.513333 0.016598 0.066667
4 0.744813 0.753333 0.008299 0.066667
4 0.822614 0.273333 0.008299 0.066667
5 0.822614 0.633333 0.008299 0.066667
6 0.900415 0.393333 0.008299 0.066667
16 0.900415 0.273333 0.016598 0.066667