5 0.151852 0.513333 0.009877 0.066667
1 0.254321 0.393333 0.009877 0.066667
0 0.254321 0.153333 0.009877 0.066667
22 0.254321 0.753333 0.019753 0.066667
27 0.357407 0.753333 0.008642 0.053333
14 0.460494 0.153333 0.019753 0.066667
6 0.562963 0.273333 0.009877 0.066667
18 0.562963 0.153333 0.019753 0.066667
0 0.562963 0.393333 0.009877 0.066667
22 0.666667 0.273333 0.019753 0.066667
21 0.666667 0.393333 0.019753 0.066667
17 0.666667 0.153333 0.019753 0.066667
8 0.666667 0.753333 0.009877 0.066667
1 0.769136 0.633333 0.009877 0.066667
0 0.769136 0.753333 0.009877 0.066667
27 0.768519 0.393333 0.008642 0.053333
8 0.871605 0.273333 0.009877 0.066667