0 0.138313 0.513333 0.011065 0.066667
5 0.138313 0.633333 0.011065 0.066667
7 0.138313 0.753333 0.011065 0.066667
3 0.221300 0.513333 0.011065 0.066667
4 0.304288 0.513333 0.011065 0.066667
2 0.304288 0.753333 0.011065 0.066667
0 0.304288 0.633333 0.011065 0.066667
1 0.388658 0.393333 0.011065 0.066667
0 0.388658 0.273333 0.011065 0.066667
21 0.388658 0.753333 0.022130 0.066667
0 0.388658 0.633333 0.011065 0.066667
1 0.471646 0.633333 0.011065 0.066667
4 0.554633 0.153333 0.011065 0.066667
3 0.637621 0.633333 0.011065 0.066667
7 0.721992 0.273333 0.011065 0.066667
7 0.804979 0.153333 0.011065 0.066667
4 0.804979 0.753333 0.011065 0.066667
9 0.887967 0.753333 0.011065 0.066667
4 0.887967 0.513333 0.011065 0.066667
28 0.887967 0.273333 0.044260 0.066667