0 0.168263 0.153333 0.010944 0.066667
4 0.168263 0.393333 0.010944 0.066667
3 0.168263 0.633333 0.010944 0.066667
5 0.283174 0.273333 0.010944 0.066667
28 0.283174 0.633333 0.032832 0.066667
1 0.283174 0.753333 0.010944 0.066667
12 0.398085 0.753333 0.021888 0.066667
7 0.398085 0.393333 0.010944 0.066667
3 0.512996 0.633333 0.010944 0.066667
7 0.627907 0.753333 0.010944 0.066667
1 0.627907 0.393333 0.010944 0.066667
16 0.627907 0.633333 0.021888 0.066667
7 0.742818 0.153333 0.010944 0.066667
3 0.742818 0.753333 0.010944 0.066667
6 0.857729 0.273333 0.010944 0.066667
8 0.857729 0.153333 0.010944 0.066667