1 0.143979 0.393333 0.010471 0.066667
5 0.235602 0.753333 0.010471 0.066667
9 0.235602 0.273333 0.010471 0.066667
0 0.328534 0.153333 0.010471 0.066667
16 0.420157 0.753333 0.020942 0.066667
5 0.420157 0.513333 0.010471 0.066667
18 0.420157 0.633333 0.020942 0.066667
10 0.513089 0.273333 0.020942 0.066667
24 0.604712 0.753333 0.020942 0.066667
1 0.604712 0.513333 0.010471 0.066667
3 0.604712 0.633333 0.010471 0.066667
1 0.604712 0.273333 0.010471 0.066667
1 0.696335 0.273333 0.010471 0.066667
14 0.696335 0.753333 0.020942 0.066667
16 0.696335 0.633333 0.020942 0.066667
5 0.696335 0.513333 0.010471 0.066667
4 0.789267 0.513333 0.010471 0.066667
2 0.789267 0.153333 0.010471 0.066667
6 0.880890 0.513333 0.010471 0.066667