6 0.129587 0.273333 0.009174 0.066667
0 0.129587 0.393333 0.009174 0.066667
21 0.129587 0.633333 0.018349 0.066667
27 0.215023 0.513333 0.008028 0.053333
9 0.299312 0.273333 0.009174 0.066667
7 0.299312 0.393333 0.009174 0.066667
8 0.384174 0.753333 0.009174 0.066667
3 0.469037 0.513333 0.009174 0.066667
4 0.469037 0.393333 0.009174 0.066667
3 0.469037 0.153333 0.009174 0.066667
20 0.552752 0.273333 0.018349 0.066667
0 0.552752 0.153333 0.009174 0.066667
1 0.552752 0.753333 0.009174 0.066667
2 0.637615 0.753333 0.009174 0.066667
1 0.637615 0.153333 0.009174 0.066667
11 0.722477 0.153333 0.018349 0.066667
0 0.722477 0.393333 0.009174 0.066667
28 0.807339 0.393333 0.036697 0.066667
0 0.807339 0.633333 0.009174 0.066667
3 0.807339 0.273333 0.009174 0.066667
9 0.892202 0.153333 0.009174 0.066667
14 0.892202 0.513333 0.018349 0.066667