11 0.144737 0.393333 0.021053 0.066667
13 0.144737 0.633333 0.021053 0.066667
2 0.144737 0.513333 0.010526 0.066667
8 0.236842 0.153333 0.010526 0.066667
0 0.236842 0.273333 0.010526 0.066667
5 0.236842 0.633333 0.010526 0.066667
10 0.328947 0.753333 0.021053 0.066667
8 0.328947 0.393333 0.010526 0.066667
3 0.421053 0.153333 0.010526 0.066667
11 0.513158 0.273333 0.021053 0.066667
0 0.605263 0.273333 0.010526 0.066667
5 0.605263 0.153333 0.010526 0.066667
4 0.697368 0.633333 0.010526 0.066667
19 0.789474 0.753333 0.021053 0.066667
8 0.789474 0.153333 0.010526 0.066667
3 0.881579 0.513333 0.010526 0.066667
15 0.881579 0.633333 0.021053 0.066667
2 0.881579 0.153333 0.010526 0.066667