8 0.166886 0.153333 0.010512 0.066667
28 0.166886 0.633333 0.031537 0.066667
0 0.282523 0.153333 0.010512 0.066667
18 0.282523 0.513333 0.021025 0.066667
2 0.396846 0.153333 0.010512 0.066667
0 0.396846 0.393333 0.010512 0.066667
0 0.396846 0.513333 0.010512 0.066667
8 0.512484 0.513333 0.010512 0.066667
7 0.512484 0.273333 0.010512 0.066667
5 0.628121 0.153333 0.010512 0.066667
3 0.628121 0.393333 0.010512 0.066667
2 0.742444 0.753333 0.010512 0.066667
5 0.858081 0.513333 0.010512 0.066667
9 0.858081 0.393333 0.010512 0.066667
12 0.858081 0.753333 0.021025 0.066667