0 0.176923 0.273333 0.008791 0.066667
3 0.176923 0.153333 0.008791 0.066667
28 0.176923 0.633333 0.026374 0.066667
10 0.309890 0.633333 0.017582 0.066667
12 0.309890 0.513333 0.017582 0.066667
5 0.309890 0.753333 0.008791 0.066667
28 0.443956 0.273333 0.026374 0.066667
3 0.443956 0.753333 0.008791 0.066667
2 0.576923 0.633333 0.008791 0.066667
0 0.576923 0.513333 0.008791 0.066667
27 0.577473 0.753333 0.007692 0.053333
3 0.710989 0.153333 0.008791 0.066667
5 0.710989 0.273333 0.008791 0.066667
11 0.710989 0.513333 0.017582 0.066667
8 0.710989 0.393333 0.008791 0.066667
0 0.843956 0.273333 0.008791 0.066667