21 0.167336 0.273333 0.021419 0.066667
28 0.167336 0.753333 0.032129 0.066667
6 0.282463 0.633333 0.010710 0.066667
5 0.282463 0.513333 0.010710 0.066667
2 0.282463 0.753333 0.010710 0.066667
10 0.397590 0.153333 0.021419 0.066667
6 0.397590 0.753333 0.010710 0.066667
6 0.397590 0.393333 0.010710 0.066667
0 0.512718 0.633333 0.010710 0.066667
3 0.512718 0.513333 0.010710 0.066667
4 0.627845 0.513333 0.010710 0.066667
23 0.742972 0.153333 0.021419 0.066667
4 0.742972 0.513333 0.010710 0.066667
0 0.742972 0.633333 0.010710 0.066667
7 0.742972 0.273333 0.010710 0.066667
13 0.858099 0.513333 0.021419 0.066667
12 0.858099 0.153333 0.021419 0.066667
5 0.858099 0.273333 0.010710 0.066667