5 0.125348 0.753333 0.011142 0.066667
10 0.125348 0.153333 0.022284 0.066667
15 0.196379 0.753333 0.022284 0.066667
0 0.196379 0.393333 0.011142 0.066667
1 0.266017 0.393333 0.011142 0.066667
17 0.337047 0.513333 0.022284 0.066667
5 0.337047 0.273333 0.011142 0.066667
4 0.337047 0.633333 0.011142 0.066667
2 0.337047 0.753333 0.011142 0.066667
0 0.408078 0.753333 0.011142 0.066667
1 0.408078 0.633333 0.011142 0.066667
0 0.477716 0.393333 0.011142 0.066667
4 0.548747 0.393333 0.011142 0.066667
2 0.548747 0.273333 0.011142 0.066667
4 0.548747 0.513333 0.011142 0.066667
4 0.618384 0.273333 0.011142 0.066667
24 0.618384 0.633333 0.022284 0.066667
6 0.618384 0.153333 0.011142 0.066667
8 0.689415 0.393333 0.011142 0.066667
15 0.689415 0.273333 0.022284 0.066667
27 0.690111 0.513333 0.009749 0.053333
9 0.760446 0.393333 0.011142 0.066667
2 0.760446 0.633333 0.011142 0.066667
3 0.830084 0.393333 0.011142 0.066667
15 0.901114 0.753333 0.022284 0.066667
4 0.901114 0.153333 0.011142 0.066667
4 0.901114 0.273333 0.011142 0.066667
3 0.901114 0.513333 0.011142 0.066667