2 0.137813 0.633333 0.009112 0.066667
24 0.231207 0.513333 0.018223 0.066667
11 0.231207 0.753333 0.018223 0.066667
7 0.324601 0.513333 0.009112 0.066667
0 0.417995 0.153333 0.009112 0.066667
7 0.417995 0.633333 0.009112 0.066667
5 0.417995 0.273333 0.009112 0.066667
8 0.511390 0.153333 0.009112 0.066667
22 0.511390 0.753333 0.018223 0.066667
11 0.511390 0.633333 0.018223 0.066667
0 0.511390 0.393333 0.009112 0.066667
7 0.603645 0.273333 0.009112 0.066667
19 0.603645 0.153333 0.018223 0.066667
7 0.697039 0.633333 0.009112 0.066667
0 0.697039 0.393333 0.009112 0.066667
16 0.697039 0.753333 0.018223 0.066667
12 0.697039 0.153333 0.018223 0.066667
0 0.790433 0.513333 0.009112 0.066667
14 0.883827 0.153333 0.018223 0.066667
27 0.883257 0.753333 0.007973 0.053333