10 0.130501 0.753333 0.024279 0.066667
10 0.200303 0.273333 0.024279 0.066667
20 0.270106 0.393333 0.024279 0.066667
12 0.339909 0.273333 0.024279 0.066667
19 0.339909 0.153333 0.024279 0.066667
28 0.409712 0.273333 0.036419 0.066667
27 0.408953 0.153333 0.010622 0.053333
0 0.409712 0.513333 0.012140 0.066667
27 0.478756 0.633333 0.010622 0.053333
5 0.479514 0.513333 0.012140 0.066667
0 0.479514 0.753333 0.012140 0.066667
1 0.549317 0.753333 0.012140 0.066667
10 0.619120 0.753333 0.024279 0.066667
2 0.688923 0.393333 0.012140 0.066667
1 0.758725 0.513333 0.012140 0.066667
13 0.758725 0.633333 0.024279 0.066667
9 0.828528 0.513333 0.012140 0.066667
0 0.828528 0.273333 0.012140 0.066667
13 0.898331 0.273333 0.024279 0.066667
4 0.898331 0.153333 0.012140 0.066667
17 0.898331 0.513333 0.024279 0.066667