5 0.126316 0.633333 0.008421 0.066667
13 0.126316 0.393333 0.016842 0.066667
11 0.126316 0.753333 0.016842 0.066667
3 0.211579 0.633333 0.008421 0.066667
3 0.211579 0.153333 0.008421 0.066667
9 0.296842 0.393333 0.008421 0.066667
0 0.296842 0.153333 0.008421 0.066667
14 0.296842 0.273333 0.016842 0.066667
4 0.296842 0.753333 0.008421 0.066667
4 0.382105 0.753333 0.008421 0.066667
19 0.382105 0.393333 0.016842 0.066667
0 0.467368 0.753333 0.008421 0.066667
0 0.467368 0.273333 0.008421 0.066667
15 0.552632 0.393333 0.016842 0.066667
9 0.552632 0.753333 0.008421 0.066667
0 0.552632 0.153333 0.008421 0.066667
6 0.552632 0.273333 0.008421 0.066667
19 0.637895 0.393333 0.016842 0.066667
0 0.637895 0.153333 0.008421 0.066667
0 0.723158 0.633333 0.008421 0.066667
3 0.808421 0.273333 0.008421 0.066667
2 0.808421 0.153333 0.008421 0.066667
7 0.808421 0.513333 0.008421 0.066667
2 0.893684 0.513333 0.008421 0.066667
20 0.893684 0.633333 0.016842 0.066667