13 0.137552 0.393333 0.022008 0.066667
0 0.221458 0.393333 0.011004 0.066667
12 0.221458 0.753333 0.022008 0.066667
4 0.303989 0.753333 0.011004 0.066667
5 0.387895 0.273333 0.011004 0.066667
10 0.387895 0.153333 0.022008 0.066667
0 0.387895 0.393333 0.011004 0.066667
0 0.471802 0.753333 0.011004 0.066667
17 0.554333 0.753333 0.022008 0.066667
0 0.638239 0.393333 0.011004 0.066667
11 0.638239 0.513333 0.022008 0.066667
9 0.722146 0.153333 0.011004 0.066667
8 0.722146 0.633333 0.011004 0.066667
28 0.804677 0.153333 0.044017 0.066667
20 0.804677 0.393333 0.022008 0.066667
10 0.888583 0.513333 0.022008 0.066667
7 0.888583 0.273333 0.011004 0.066667
9 0.888583 0.393333 0.011004 0.066667