2 0.140523 0.273333 0.013072 0.066667
11 0.140523 0.753333 0.026144 0.066667
10 0.140523 0.153333 0.026144 0.066667
2 0.215686 0.393333 0.013072 0.066667
0 0.215686 0.153333 0.013072 0.066667
4 0.215686 0.513333 0.013072 0.066667
1 0.290850 0.513333 0.013072 0.066667
3 0.290850 0.273333 0.013072 0.066667
13 0.290850 0.393333 0.026144 0.066667
24 0.366013 0.273333 0.026144 0.066667
1 0.441176 0.153333 0.013072 0.066667
9 0.441176 0.753333 0.013072 0.066667
11 0.516340 0.753333 0.026144 0.066667
7 0.591503 0.153333 0.013072 0.066667
4 0.591503 0.273333 0.013072 0.066667
20 0.591503 0.633333 0.026144 0.066667
4 0.666667 0.393333 0.013072 0.066667
27 0.665850 0.753333 0.011438 0.053333
0 0.666667 0.633333 0.013072 0.066667
16 0.741830 0.633333 0.026144 0.066667
28 0.741830 0.513333 0.052288 0.066667
7 0.816993 0.753333 0.013072 0.066667
1 0.892157 0.753333 0.013072 0.066667