14 0.146608 0.153333 0.017505 0.066667
4 0.146608 0.513333 0.008753 0.066667
2 0.250547 0.153333 0.008753 0.066667
8 0.250547 0.393333 0.008753 0.066667
1 0.250547 0.273333 0.008753 0.066667
6 0.354486 0.393333 0.008753 0.066667
6 0.458425 0.153333 0.008753 0.066667
28 0.562363 0.273333 0.026258 0.066667
2 0.666302 0.393333 0.008753 0.066667
8 0.770241 0.273333 0.008753 0.066667
22 0.770241 0.513333 0.017505 0.066667
0 0.770241 0.393333 0.008753 0.066667
13 0.874179 0.753333 0.017505 0.066667
3 0.874179 0.513333 0.008753 0.066667
1 0.874179 0.153333 0.008753 0.066667