5 0.140146 0.273333 0.011679 0.066667
2 0.140146 0.753333 0.011679 0.066667
1 0.140146 0.393333 0.011679 0.066667
0 0.223358 0.393333 0.011679 0.066667
3 0.223358 0.153333 0.011679 0.066667
1 0.306569 0.753333 0.011679 0.066667
0 0.306569 0.153333 0.011679 0.066667
0 0.389781 0.273333 0.011679 0.066667
5 0.389781 0.153333 0.011679 0.066667
5 0.472993 0.393333 0.011679 0.066667
0 0.472993 0.513333 0.011679 0.066667
4 0.472993 0.153333 0.011679 0.066667
1 0.472993 0.633333 0.011679 0.066667
5 0.554745 0.633333 0.011679 0.066667
6 0.554745 0.513333 0.011679 0.066667
2 0.554745 0.153333 0.011679 0.066667
0 0.637956 0.753333 0.011679 0.066667
17 0.637956 0.513333 0.023358 0.066667
2 0.721168 0.513333 0.011679 0.066667
0 0.804380 0.153333 0.011679 0.066667
0 0.804380 0.273333 0.011679 0.066667
13 0.804380 0.393333 0.023358 0.066667
9 0.887591 0.393333 0.011679 0.066667