4 0.151079 0.513333 0.009592 0.066667
18 0.254197 0.633333 0.019185 0.066667
2 0.254197 0.153333 0.009592 0.066667
13 0.357314 0.153333 0.019185 0.066667
11 0.460432 0.753333 0.019185 0.066667
7 0.563549 0.633333 0.009592 0.066667
7 0.666667 0.513333 0.009592 0.066667
10 0.666667 0.153333 0.019185 0.066667
0 0.769784 0.753333 0.009592 0.066667
0 0.769784 0.393333 0.009592 0.066667
10 0.872902 0.153333 0.019185 0.066667
15 0.872902 0.753333 0.019185 0.066667
10 0.872902 0.393333 0.019185 0.066667