6 0.133441 0.273333 0.012862 0.066667
0 0.202572 0.273333 0.012862 0.066667
6 0.202572 0.153333 0.012862 0.066667
15 0.271704 0.513333 0.025723 0.066667
5 0.271704 0.273333 0.012862 0.066667
0 0.271704 0.633333 0.012862 0.066667
2 0.340836 0.513333 0.012862 0.066667
1 0.411576 0.753333 0.012862 0.066667
1 0.411576 0.513333 0.012862 0.066667
5 0.411576 0.273333 0.012862 0.066667
0 0.480707 0.153333 0.012862 0.066667
10 0.480707 0.753333 0.025723 0.066667
0 0.480707 0.513333 0.012862 0.066667
5 0.480707 0.273333 0.012862 0.066667
27 0.550643 0.633333 0.011254 0.053333
8 0.618971 0.513333 0.012862 0.066667
3 0.618971 0.633333 0.012862 0.066667
1 0.618971 0.273333 0.012862 0.066667
3 0.618971 0.153333 0.012862 0.066667
6 0.689711 0.393333 0.012862 0.066667
2 0.689711 0.273333 0.012862 0.066667
5 0.689711 0.753333 0.012862 0.066667
23 0.689711 0.513333 0.025723 0.066667
21 0.758842 0.633333 0.025723 0.066667
5 0.827974 0.633333 0.012862 0.066667
2 0.827974 0.153333 0.012862 0.066667
19 0.897106 0.513333 0.025723 0.066667
4 0.897106 0.273333 0.012862 0.066667