22 0.122108 0.273333 0.020566 0.066667
3 0.192802 0.753333 0.010283 0.066667
0 0.192802 0.633333 0.010283 0.066667
7 0.192802 0.273333 0.010283 0.066667
28 0.192802 0.153333 0.030848 0.066667
11 0.263496 0.633333 0.020566 0.066667
5 0.263496 0.753333 0.010283 0.066667
10 0.334190 0.153333 0.020566 0.066667
23 0.334190 0.273333 0.020566 0.066667
14 0.334190 0.393333 0.020566 0.066667
7 0.406170 0.153333 0.010283 0.066667
1 0.406170 0.513333 0.010283 0.066667
20 0.406170 0.393333 0.020566 0.066667
1 0.476864 0.153333 0.010283 0.066667
11 0.476864 0.393333 0.020566 0.066667
5 0.547558 0.273333 0.010283 0.066667
4 0.618252 0.393333 0.010283 0.066667
6 0.690231 0.633333 0.010283 0.066667
1 0.760925 0.273333 0.010283 0.066667
13 0.760925 0.633333 0.020566 0.066667
5 0.760925 0.753333 0.010283 0.066667
1 0.831620 0.753333 0.010283 0.066667
3 0.831620 0.633333 0.010283 0.066667
0 0.902314 0.273333 0.010283 0.066667