3 0.140200 0.153333 0.011445 0.066667
16 0.140200 0.753333 0.022890 0.066667
2 0.223176 0.273333 0.011445 0.066667
18 0.223176 0.753333 0.022890 0.066667
0 0.223176 0.633333 0.011445 0.066667
24 0.223176 0.393333 0.022890 0.066667
9 0.306152 0.753333 0.011445 0.066667
7 0.306152 0.633333 0.011445 0.066667
1 0.306152 0.513333 0.011445 0.066667
0 0.389127 0.153333 0.011445 0.066667
4 0.389127 0.633333 0.011445 0.066667
6 0.389127 0.753333 0.011445 0.066667
0 0.472103 0.273333 0.011445 0.066667
11 0.555079 0.393333 0.022890 0.066667
7 0.555079 0.273333 0.011445 0.066667
19 0.555079 0.513333 0.022890 0.066667
7 0.555079 0.153333 0.011445 0.066667
4 0.638054 0.753333 0.011445 0.066667
13 0.721030 0.273333 0.022890 0.066667
1 0.804006 0.153333 0.011445 0.066667
2 0.804006 0.513333 0.011445 0.066667
18 0.804006 0.273333 0.022890 0.066667
0 0.886981 0.273333 0.011445 0.066667