28 0.163876 0.633333 0.028708 0.066667
6 0.163876 0.393333 0.009569 0.066667
2 0.163876 0.153333 0.009569 0.066667
5 0.279904 0.753333 0.009569 0.066667
19 0.279904 0.633333 0.019139 0.066667
4 0.279904 0.153333 0.009569 0.066667
0 0.279904 0.393333 0.009569 0.066667
0 0.395933 0.273333 0.009569 0.066667
2 0.511962 0.633333 0.009569 0.066667
10 0.627990 0.273333 0.019139 0.066667
12 0.627990 0.633333 0.019139 0.066667
0 0.627990 0.153333 0.009569 0.066667
7 0.744019 0.273333 0.009569 0.066667
18 0.744019 0.633333 0.019139 0.066667
3 0.744019 0.753333 0.009569 0.066667
0 0.860048 0.633333 0.009569 0.066667
2 0.860048 0.393333 0.009569 0.066667