27 0.125631 0.513333 0.007064 0.053333
10 0.125126 0.153333 0.016145 0.066667
0 0.125126 0.273333 0.008073 0.066667
0 0.125126 0.633333 0.008073 0.066667
12 0.210898 0.153333 0.016145 0.066667
5 0.210898 0.393333 0.008073 0.066667
16 0.210898 0.513333 0.016145 0.066667
2 0.295661 0.153333 0.008073 0.066667
3 0.295661 0.753333 0.008073 0.066667
4 0.381433 0.513333 0.008073 0.066667
12 0.467205 0.273333 0.016145 0.066667
0 0.467205 0.513333 0.008073 0.066667
3 0.467205 0.633333 0.008073 0.066667
0 0.467205 0.393333 0.008073 0.066667
1 0.551968 0.273333 0.008073 0.066667
3 0.637740 0.513333 0.008073 0.066667
4 0.637740 0.753333 0.008073 0.066667
7 0.637740 0.273333 0.008073 0.066667
5 0.723512 0.753333 0.008073 0.066667
1 0.723512 0.513333 0.008073 0.066667
5 0.723512 0.273333 0.008073 0.066667
18 0.808274 0.393333 0.016145 0.066667
14 0.808274 0.153333 0.016145 0.066667
2 0.808274 0.273333 0.008073 0.066667
8 0.808274 0.753333 0.008073 0.066667
6 0.894046 0.753333 0.008073 0.066667
27 0.893542 0.513333 0.007064 0.053333