1 0.128105 0.153333 0.010458 0.066667
28 0.128105 0.753333 0.031373 0.066667
3 0.205229 0.273333 0.010458 0.066667
7 0.282353 0.633333 0.010458 0.066667
0 0.282353 0.153333 0.010458 0.066667
2 0.359477 0.153333 0.010458 0.066667
27 0.358824 0.393333 0.009150 0.053333
19 0.359477 0.753333 0.020915 0.066667
5 0.359477 0.273333 0.010458 0.066667
6 0.435294 0.273333 0.010458 0.066667
2 0.435294 0.153333 0.010458 0.066667
8 0.512418 0.393333 0.010458 0.066667
19 0.512418 0.153333 0.020915 0.066667
1 0.512418 0.273333 0.010458 0.066667
18 0.512418 0.633333 0.020915 0.066667
5 0.589542 0.153333 0.010458 0.066667
28 0.666667 0.273333 0.031373 0.066667
2 0.666667 0.513333 0.010458 0.066667
27 0.666013 0.153333 0.009150 0.053333
2 0.666667 0.393333 0.010458 0.066667
27 0.743137 0.153333 0.009150 0.053333
0 0.819608 0.633333 0.010458 0.066667
19 0.819608 0.753333 0.020915 0.066667
11 0.819608 0.153333 0.020915 0.066667
3 0.819608 0.273333 0.010458 0.066667
1 0.896732 0.753333 0.010458 0.066667
3 0.896732 0.273333 0.010458 0.066667
0 0.896732 0.513333 0.010458 0.066667