5 0.113071 0.393333 0.008299 0.066667
0 0.113071 0.753333 0.008299 0.066667
8 0.113071 0.273333 0.008299 0.066667
3 0.185685 0.753333 0.008299 0.066667
23 0.185685 0.153333 0.016598 0.066667
1 0.185685 0.273333 0.008299 0.066667
5 0.257261 0.753333 0.008299 0.066667
4 0.257261 0.393333 0.008299 0.066667
20 0.257261 0.153333 0.016598 0.066667
6 0.329876 0.513333 0.008299 0.066667
22 0.401452 0.753333 0.016598 0.066667
11 0.401452 0.633333 0.016598 0.066667
1 0.474066 0.753333 0.008299 0.066667
0 0.545643 0.393333 0.008299 0.066667
9 0.545643 0.513333 0.008299 0.066667
10 0.545643 0.753333 0.016598 0.066667
7 0.545643 0.633333 0.008299 0.066667
1 0.618257 0.633333 0.008299 0.066667
23 0.618257 0.753333 0.016598 0.066667
28 0.618257 0.513333 0.024896 0.066667
18 0.689834 0.393333 0.016598 0.066667
0 0.689834 0.273333 0.008299 0.066667
15 0.762448 0.513333 0.016598 0.066667
27 0.761929 0.633333 0.007261 0.053333
22 0.762448 0.273333 0.016598 0.066667
5 0.834025 0.153333 0.008299 0.066667
6 0.834025 0.753333 0.008299 0.066667
5 0.834025 0.633333 0.008299 0.066667
28 0.906639 0.393333 0.024896 0.066667
0 0.906639 0.753333 0.008299 0.066667
6 0.906639 0.633333 0.008299 0.066667