0 0.182990 0.273333 0.010309 0.066667
28 0.182990 0.393333 0.030928 0.066667
4 0.314433 0.633333 0.010309 0.066667
4 0.314433 0.513333 0.010309 0.066667
2 0.445876 0.513333 0.010309 0.066667
0 0.445876 0.753333 0.010309 0.066667
3 0.578608 0.153333 0.010309 0.066667
11 0.578608 0.633333 0.020619 0.066667
24 0.578608 0.273333 0.020619 0.066667
28 0.710052 0.273333 0.030928 0.066667
24 0.710052 0.753333 0.020619 0.066667
0 0.710052 0.513333 0.010309 0.066667
5 0.841495 0.513333 0.010309 0.066667
4 0.841495 0.273333 0.010309 0.066667