5 0.162461 0.513333 0.012618 0.066667
3 0.162461 0.633333 0.012618 0.066667
0 0.263407 0.153333 0.012618 0.066667
6 0.364353 0.513333 0.012618 0.066667
18 0.465300 0.633333 0.025237 0.066667
9 0.465300 0.753333 0.012618 0.066667
7 0.465300 0.153333 0.012618 0.066667
12 0.564669 0.513333 0.025237 0.066667
27 0.565457 0.393333 0.011041 0.053333
1 0.564669 0.153333 0.012618 0.066667
4 0.665615 0.633333 0.012618 0.066667
11 0.766562 0.633333 0.025237 0.066667
4 0.766562 0.153333 0.012618 0.066667
8 0.867508 0.753333 0.012618 0.066667
6 0.867508 0.393333 0.012618 0.066667