4 0.113188 0.393333 0.008307 0.066667
2 0.113188 0.153333 0.008307 0.066667
1 0.113188 0.753333 0.008307 0.066667
4 0.184839 0.633333 0.008307 0.066667
4 0.184839 0.153333 0.008307 0.066667
0 0.184839 0.393333 0.008307 0.066667
6 0.257529 0.753333 0.008307 0.066667
4 0.257529 0.273333 0.008307 0.066667
19 0.257529 0.153333 0.016615 0.066667
5 0.257529 0.513333 0.008307 0.066667
24 0.329180 0.153333 0.016615 0.066667
1 0.329180 0.633333 0.008307 0.066667
0 0.401869 0.273333 0.008307 0.066667
1 0.401869 0.753333 0.008307 0.066667
8 0.401869 0.393333 0.008307 0.066667
0 0.473520 0.273333 0.008307 0.066667
28 0.546210 0.393333 0.024922 0.066667
2 0.617861 0.393333 0.008307 0.066667
28 0.617861 0.633333 0.024922 0.066667
2 0.690550 0.753333 0.008307 0.066667
1 0.690550 0.633333 0.008307 0.066667
1 0.690550 0.513333 0.008307 0.066667
0 0.690550 0.273333 0.008307 0.066667
11 0.762201 0.273333 0.016615 0.066667
7 0.762201 0.513333 0.008307 0.066667
28 0.762201 0.393333 0.024922 0.066667
0 0.834891 0.273333 0.008307 0.066667
27 0.907061 0.633333 0.007269 0.053333
2 0.906542 0.273333 0.008307 0.066667