0 0.120647 0.273333 0.009950 0.066667
11 0.120647 0.153333 0.019900 0.066667
0 0.120647 0.513333 0.009950 0.066667
10 0.120647 0.753333 0.019900 0.066667
7 0.191542 0.153333 0.009950 0.066667
10 0.262438 0.513333 0.019900 0.066667
7 0.262438 0.273333 0.009950 0.066667
16 0.262438 0.753333 0.019900 0.066667
0 0.262438 0.153333 0.009950 0.066667
16 0.333333 0.393333 0.019900 0.066667
4 0.333333 0.513333 0.009950 0.066667
28 0.333333 0.753333 0.029851 0.066667
0 0.405473 0.273333 0.009950 0.066667
1 0.405473 0.513333 0.009950 0.066667
0 0.405473 0.393333 0.009950 0.066667
20 0.476368 0.153333 0.019900 0.066667
0 0.547264 0.273333 0.009950 0.066667
11 0.547264 0.633333 0.019900 0.066667
13 0.618159 0.393333 0.019900 0.066667
12 0.618159 0.153333 0.019900 0.066667
13 0.618159 0.273333 0.019900 0.066667
2 0.690299 0.273333 0.009950 0.066667
2 0.761194 0.153333 0.009950 0.066667
1 0.832090 0.513333 0.009950 0.066667
2 0.902985 0.393333 0.009950 0.066667
21 0.902985 0.633333 0.019900 0.066667