5 0.142216 0.153333 0.011976 0.066667
1 0.224551 0.753333 0.011976 0.066667
13 0.224551 0.633333 0.023952 0.066667
5 0.224551 0.513333 0.011976 0.066667
7 0.306886 0.753333 0.011976 0.066667
11 0.306886 0.513333 0.023952 0.066667
3 0.390719 0.753333 0.011976 0.066667
6 0.390719 0.393333 0.011976 0.066667
4 0.390719 0.633333 0.011976 0.066667
28 0.473054 0.393333 0.035928 0.066667
0 0.555389 0.753333 0.011976 0.066667
9 0.637725 0.753333 0.011976 0.066667
16 0.637725 0.393333 0.023952 0.066667
18 0.721557 0.753333 0.023952 0.066667
22 0.803892 0.753333 0.023952 0.066667
16 0.803892 0.153333 0.023952 0.066667
2 0.886228 0.513333 0.011976 0.066667
5 0.886228 0.153333 0.011976 0.066667
3 0.886228 0.633333 0.011976 0.066667
4 0.886228 0.273333 0.011976 0.066667