14 0.146368 0.393333 0.017094 0.066667
2 0.146368 0.633333 0.008547 0.066667
0 0.250000 0.513333 0.008547 0.066667
1 0.250000 0.393333 0.008547 0.066667
9 0.250000 0.753333 0.008547 0.066667
27 0.250534 0.153333 0.007479 0.053333
21 0.354701 0.393333 0.017094 0.066667
13 0.354701 0.513333 0.017094 0.066667
4 0.458333 0.393333 0.008547 0.066667
0 0.458333 0.513333 0.008547 0.066667
11 0.458333 0.273333 0.017094 0.066667
4 0.561966 0.153333 0.008547 0.066667
4 0.561966 0.513333 0.008547 0.066667
18 0.561966 0.633333 0.017094 0.066667
13 0.666667 0.633333 0.017094 0.066667
2 0.666667 0.273333 0.008547 0.066667
3 0.666667 0.393333 0.008547 0.066667
27 0.769765 0.273333 0.007479 0.053333
4 0.770299 0.633333 0.008547 0.066667
22 0.873932 0.273333 0.017094 0.066667
3 0.873932 0.393333 0.008547 0.066667