12 0.162162 0.633333 0.018801 0.066667
2 0.278496 0.513333 0.009401 0.066667
5 0.394830 0.273333 0.009401 0.066667
0 0.394830 0.153333 0.009401 0.066667
28 0.394830 0.513333 0.028202 0.066667
27 0.395417 0.393333 0.008226 0.053333
21 0.511163 0.633333 0.018801 0.066667
7 0.511163 0.753333 0.009401 0.066667
2 0.627497 0.753333 0.009401 0.066667
3 0.627497 0.153333 0.009401 0.066667
3 0.743831 0.393333 0.009401 0.066667
21 0.743831 0.153333 0.018801 0.066667
2 0.743831 0.513333 0.009401 0.066667
1 0.860165 0.273333 0.009401 0.066667