0 0.161364 0.273333 0.009091 0.066667
5 0.161364 0.153333 0.009091 0.066667
16 0.278409 0.153333 0.018182 0.066667
0 0.394318 0.153333 0.009091 0.066667
2 0.394318 0.753333 0.009091 0.066667
4 0.511364 0.273333 0.009091 0.066667
3 0.511364 0.513333 0.009091 0.066667
0 0.511364 0.393333 0.009091 0.066667
1 0.627273 0.633333 0.009091 0.066667
0 0.627273 0.393333 0.009091 0.066667
1 0.744318 0.753333 0.009091 0.066667
1 0.744318 0.633333 0.009091 0.066667
10 0.744318 0.393333 0.018182 0.066667
1 0.860227 0.273333 0.009091 0.066667
1 0.860227 0.393333 0.009091 0.066667