19 0.148190 0.273333 0.018100 0.066667
12 0.252262 0.753333 0.018100 0.066667
3 0.355204 0.513333 0.009050 0.066667
0 0.355204 0.393333 0.009050 0.066667
7 0.355204 0.273333 0.009050 0.066667
1 0.459276 0.633333 0.009050 0.066667
3 0.562217 0.153333 0.009050 0.066667
4 0.562217 0.753333 0.009050 0.066667
2 0.562217 0.273333 0.009050 0.066667
2 0.666290 0.753333 0.009050 0.066667
6 0.666290 0.153333 0.009050 0.066667
4 0.769231 0.753333 0.009050 0.066667
2 0.769231 0.393333 0.009050 0.066667
6 0.873303 0.393333 0.009050 0.066667
18 0.873303 0.753333 0.018100 0.066667
5 0.873303 0.513333 0.009050 0.066667
1 0.873303 0.633333 0.009050 0.066667