0 0.141975 0.753333 0.009877 0.066667
4 0.141975 0.153333 0.009877 0.066667
16 0.141975 0.513333 0.019753 0.066667
5 0.234568 0.513333 0.009877 0.066667
1 0.234568 0.153333 0.009877 0.066667
22 0.234568 0.633333 0.019753 0.066667
2 0.234568 0.273333 0.009877 0.066667
27 0.326543 0.273333 0.008642 0.053333
2 0.327160 0.633333 0.009877 0.066667
3 0.327160 0.753333 0.009877 0.066667
1 0.419753 0.753333 0.009877 0.066667
16 0.419753 0.633333 0.019753 0.066667
0 0.512346 0.753333 0.009877 0.066667
4 0.512346 0.393333 0.009877 0.066667
4 0.512346 0.153333 0.009877 0.066667
1 0.604938 0.273333 0.009877 0.066667
11 0.604938 0.393333 0.019753 0.066667
15 0.604938 0.153333 0.019753 0.066667
0 0.697531 0.273333 0.009877 0.066667
17 0.697531 0.633333 0.019753 0.066667
4 0.790123 0.633333 0.009877 0.066667
0 0.882716 0.513333 0.009877 0.066667
0 0.882716 0.393333 0.009877 0.066667
3 0.882716 0.153333 0.009877 0.066667