11 0.140523 0.273333 0.026144 0.066667
17 0.215686 0.273333 0.026144 0.066667
18 0.215686 0.153333 0.026144 0.066667
17 0.215686 0.393333 0.026144 0.066667
4 0.215686 0.513333 0.013072 0.066667
14 0.290850 0.633333 0.026144 0.066667
4 0.366013 0.513333 0.013072 0.066667
11 0.366013 0.753333 0.026144 0.066667
5 0.441176 0.633333 0.013072 0.066667
6 0.441176 0.153333 0.013072 0.066667
4 0.441176 0.393333 0.013072 0.066667
11 0.441176 0.273333 0.026144 0.066667
20 0.516340 0.393333 0.026144 0.066667
0 0.516340 0.513333 0.013072 0.066667
18 0.516340 0.273333 0.026144 0.066667
20 0.591503 0.633333 0.026144 0.066667
14 0.666667 0.153333 0.026144 0.066667
16 0.666667 0.513333 0.026144 0.066667
27 0.741013 0.513333 0.011438 0.053333
0 0.741830 0.393333 0.013072 0.066667
28 0.741830 0.753333 0.052288 0.066667
1 0.816993 0.633333 0.013072 0.066667
27 0.816176 0.273333 0.011438 0.053333
14 0.892157 0.273333 0.026144 0.066667