0 0.139610 0.393333 0.012987 0.066667
1 0.139610 0.513333 0.012987 0.066667
6 0.139610 0.633333 0.012987 0.066667
5 0.214286 0.393333 0.012987 0.066667
5 0.214286 0.153333 0.012987 0.066667
22 0.290584 0.513333 0.025974 0.066667
13 0.290584 0.633333 0.025974 0.066667
6 0.290584 0.273333 0.012987 0.066667
19 0.290584 0.153333 0.025974 0.066667
3 0.365260 0.273333 0.012987 0.066667
11 0.365260 0.393333 0.025974 0.066667
17 0.365260 0.153333 0.025974 0.066667
8 0.439935 0.393333 0.012987 0.066667
4 0.439935 0.633333 0.012987 0.066667
3 0.516234 0.153333 0.012987 0.066667
13 0.590909 0.153333 0.025974 0.066667
13 0.665584 0.753333 0.025974 0.066667
3 0.665584 0.153333 0.012987 0.066667
23 0.741883 0.153333 0.025974 0.066667
5 0.741883 0.393333 0.012987 0.066667
9 0.816558 0.633333 0.012987 0.066667
5 0.891234 0.513333 0.012987 0.066667
2 0.891234 0.753333 0.012987 0.066667
15 0.891234 0.273333 0.025974 0.066667