16 0.193443 0.633333 0.026230 0.066667
11 0.193443 0.153333 0.026230 0.066667
6 0.322951 0.153333 0.013115 0.066667
27 0.322131 0.273333 0.011475 0.053333
11 0.450820 0.153333 0.026230 0.066667
12 0.450820 0.753333 0.026230 0.066667
3 0.450820 0.513333 0.013115 0.066667
7 0.580328 0.633333 0.013115 0.066667
1 0.580328 0.393333 0.013115 0.066667
11 0.580328 0.273333 0.026230 0.066667
7 0.708197 0.513333 0.013115 0.066667
12 0.837705 0.633333 0.026230 0.066667
0 0.837705 0.393333 0.013115 0.066667