7 0.177803 0.753333 0.009060 0.066667
1 0.177803 0.153333 0.009060 0.066667
3 0.311438 0.393333 0.009060 0.066667
18 0.311438 0.153333 0.018120 0.066667
3 0.311438 0.273333 0.009060 0.066667
7 0.443941 0.753333 0.009060 0.066667
6 0.443941 0.633333 0.009060 0.066667
0 0.443941 0.513333 0.009060 0.066667
14 0.443941 0.393333 0.018120 0.066667
1 0.577576 0.153333 0.009060 0.066667
21 0.710079 0.153333 0.018120 0.066667
9 0.710079 0.633333 0.009060 0.066667
4 0.843715 0.393333 0.009060 0.066667
1 0.843715 0.273333 0.009060 0.066667
8 0.843715 0.753333 0.009060 0.066667