1 0.155080 0.393333 0.010695 0.066667
3 0.256684 0.513333 0.010695 0.066667
13 0.256684 0.633333 0.021390 0.066667
12 0.359626 0.273333 0.021390 0.066667
8 0.461230 0.753333 0.010695 0.066667
5 0.461230 0.513333 0.010695 0.066667
28 0.461230 0.633333 0.032086 0.066667
9 0.564171 0.273333 0.010695 0.066667
24 0.564171 0.753333 0.021390 0.066667
5 0.665775 0.273333 0.010695 0.066667
2 0.665775 0.393333 0.010695 0.066667
4 0.768717 0.513333 0.010695 0.066667
0 0.768717 0.633333 0.010695 0.066667
6 0.768717 0.393333 0.010695 0.066667
22 0.870321 0.633333 0.021390 0.066667
0 0.870321 0.273333 0.010695 0.066667
3 0.870321 0.393333 0.010695 0.066667