6 0.123557 0.633333 0.009238 0.066667
0 0.123557 0.513333 0.009238 0.066667
5 0.123557 0.273333 0.009238 0.066667
28 0.200924 0.273333 0.036952 0.066667
11 0.200924 0.513333 0.018476 0.066667
0 0.278291 0.393333 0.009238 0.066667
7 0.355658 0.513333 0.009238 0.066667
0 0.433025 0.513333 0.009238 0.066667
15 0.433025 0.393333 0.018476 0.066667
18 0.433025 0.753333 0.018476 0.066667
1 0.511547 0.633333 0.009238 0.066667
21 0.511547 0.513333 0.018476 0.066667
6 0.511547 0.153333 0.009238 0.066667
3 0.588915 0.393333 0.009238 0.066667
1 0.588915 0.513333 0.009238 0.066667
3 0.588915 0.753333 0.009238 0.066667
17 0.588915 0.633333 0.018476 0.066667
1 0.666282 0.393333 0.009238 0.066667
28 0.743649 0.753333 0.027714 0.066667
23 0.743649 0.633333 0.018476 0.066667
3 0.821016 0.393333 0.009238 0.066667
4 0.821016 0.273333 0.009238 0.066667
9 0.898383 0.753333 0.009238 0.066667
4 0.898383 0.153333 0.009238 0.066667