4 0.124324 0.153333 0.010811 0.066667
1 0.124324 0.753333 0.010811 0.066667
3 0.124324 0.633333 0.010811 0.066667
0 0.194595 0.153333 0.010811 0.066667
19 0.194595 0.513333 0.021622 0.066667
2 0.264865 0.633333 0.010811 0.066667
5 0.264865 0.393333 0.010811 0.066667
14 0.336486 0.753333 0.021622 0.066667
20 0.336486 0.153333 0.021622 0.066667
11 0.406757 0.633333 0.021622 0.066667
2 0.406757 0.753333 0.010811 0.066667
17 0.406757 0.513333 0.021622 0.066667
10 0.477027 0.753333 0.021622 0.066667
13 0.477027 0.393333 0.021622 0.066667
1 0.477027 0.633333 0.010811 0.066667
6 0.477027 0.273333 0.010811 0.066667
1 0.548649 0.393333 0.010811 0.066667
2 0.548649 0.513333 0.010811 0.066667
6 0.618919 0.633333 0.010811 0.066667
8 0.689189 0.513333 0.010811 0.066667
7 0.689189 0.273333 0.010811 0.066667
10 0.760811 0.273333 0.021622 0.066667
22 0.831081 0.153333 0.021622 0.066667
19 0.901351 0.513333 0.021622 0.066667
27 0.902027 0.393333 0.009459 0.053333