2 0.121047 0.633333 0.008724 0.066667
1 0.121047 0.513333 0.008724 0.066667
28 0.198473 0.273333 0.026172 0.066667
2 0.198473 0.633333 0.008724 0.066667
0 0.276990 0.513333 0.008724 0.066667
9 0.354417 0.153333 0.008724 0.066667
1 0.354417 0.393333 0.008724 0.066667
1 0.432933 0.273333 0.008724 0.066667
1 0.510360 0.753333 0.008724 0.066667
19 0.510360 0.513333 0.017448 0.066667
5 0.587786 0.273333 0.008724 0.066667
18 0.587786 0.153333 0.017448 0.066667
7 0.587786 0.513333 0.008724 0.066667
2 0.587786 0.753333 0.008724 0.066667
1 0.666303 0.393333 0.008724 0.066667
28 0.666303 0.513333 0.034896 0.066667
1 0.743730 0.153333 0.008724 0.066667
9 0.743730 0.393333 0.008724 0.066667
0 0.822246 0.753333 0.008724 0.066667
0 0.822246 0.153333 0.008724 0.066667
0 0.822246 0.393333 0.008724 0.066667
6 0.822246 0.273333 0.008724 0.066667
9 0.899673 0.633333 0.008724 0.066667