3 0.120797 0.153333 0.009963 0.066667
14 0.120797 0.513333 0.019925 0.066667
28 0.120797 0.393333 0.039851 0.066667
5 0.120797 0.753333 0.009963 0.066667
5 0.191781 0.273333 0.009963 0.066667
6 0.262765 0.153333 0.009963 0.066667
7 0.262765 0.633333 0.009963 0.066667
24 0.333748 0.753333 0.019925 0.066667
5 0.333748 0.633333 0.009963 0.066667
7 0.333748 0.393333 0.009963 0.066667
4 0.333748 0.273333 0.009963 0.066667
20 0.404732 0.513333 0.019925 0.066667
16 0.475716 0.393333 0.019925 0.066667
6 0.475716 0.273333 0.009963 0.066667
14 0.475716 0.753333 0.019925 0.066667
7 0.547945 0.633333 0.009963 0.066667
6 0.547945 0.273333 0.009963 0.066667
2 0.547945 0.153333 0.009963 0.066667
6 0.618929 0.273333 0.009963 0.066667
7 0.618929 0.153333 0.009963 0.066667
8 0.689913 0.153333 0.009963 0.066667
8 0.689913 0.273333 0.009963 0.066667
16 0.689913 0.633333 0.019925 0.066667
24 0.760897 0.633333 0.019925 0.066667
28 0.760897 0.273333 0.029888 0.066667
7 0.760897 0.513333 0.009963 0.066667
6 0.760897 0.153333 0.009963 0.066667
4 0.831880 0.273333 0.009963 0.066667
7 0.831880 0.753333 0.009963 0.066667
0 0.831880 0.633333 0.009963 0.066667
5 0.902864 0.513333 0.009963 0.066667
0 0.902864 0.393333 0.009963 0.066667
10 0.902864 0.633333 0.019925 0.066667