13 0.150602 0.633333 0.019277 0.066667
4 0.150602 0.153333 0.009639 0.066667
24 0.150602 0.393333 0.019277 0.066667
5 0.254217 0.513333 0.009639 0.066667
3 0.254217 0.153333 0.009639 0.066667
1 0.356627 0.273333 0.009639 0.066667
7 0.356627 0.633333 0.009639 0.066667
5 0.460241 0.513333 0.009639 0.066667
28 0.562651 0.153333 0.028916 0.066667
2 0.666265 0.393333 0.009639 0.066667
5 0.666265 0.633333 0.009639 0.066667
9 0.768675 0.393333 0.009639 0.066667
3 0.872289 0.513333 0.009639 0.066667
6 0.872289 0.393333 0.009639 0.066667
4 0.872289 0.153333 0.009639 0.066667