4 0.189474 0.153333 0.012030 0.066667
3 0.189474 0.393333 0.012030 0.066667
10 0.318797 0.633333 0.024060 0.066667
1 0.318797 0.273333 0.012030 0.066667
1 0.449624 0.633333 0.012030 0.066667
3 0.449624 0.753333 0.012030 0.066667
4 0.449624 0.393333 0.012030 0.066667
13 0.578947 0.273333 0.024060 0.066667
1 0.709774 0.393333 0.012030 0.066667
11 0.709774 0.513333 0.024060 0.066667
11 0.839098 0.153333 0.024060 0.066667
12 0.839098 0.273333 0.024060 0.066667
6 0.839098 0.753333 0.012030 0.066667
2 0.839098 0.633333 0.012030 0.066667