3 0.164384 0.393333 0.009963 0.066667
27 0.165006 0.513333 0.008717 0.053333
28 0.280199 0.393333 0.029888 0.066667
7 0.280199 0.633333 0.009963 0.066667
18 0.280199 0.153333 0.019925 0.066667
0 0.396015 0.273333 0.009963 0.066667
5 0.511831 0.393333 0.009963 0.066667
8 0.627646 0.753333 0.009963 0.066667
22 0.627646 0.633333 0.019925 0.066667
11 0.627646 0.513333 0.019925 0.066667
14 0.627646 0.273333 0.019925 0.066667
11 0.743462 0.393333 0.019925 0.066667
1 0.743462 0.153333 0.009963 0.066667
2 0.859278 0.153333 0.009963 0.066667
16 0.859278 0.633333 0.019925 0.066667
2 0.859278 0.273333 0.009963 0.066667