0 0.133916 0.633333 0.011645 0.066667
21 0.133916 0.273333 0.023290 0.066667
28 0.133916 0.753333 0.046579 0.066667
5 0.209607 0.633333 0.011645 0.066667
1 0.209607 0.153333 0.011645 0.066667
0 0.209607 0.513333 0.011645 0.066667
10 0.285298 0.393333 0.023290 0.066667
5 0.285298 0.633333 0.011645 0.066667
0 0.285298 0.513333 0.011645 0.066667
0 0.362445 0.273333 0.011645 0.066667
1 0.438137 0.153333 0.011645 0.066667
6 0.438137 0.513333 0.011645 0.066667
5 0.513828 0.393333 0.011645 0.066667
28 0.589520 0.753333 0.034934 0.066667
5 0.589520 0.273333 0.011645 0.066667
3 0.666667 0.633333 0.011645 0.066667
2 0.742358 0.513333 0.011645 0.066667
20 0.818049 0.273333 0.023290 0.066667
14 0.893741 0.273333 0.023290 0.066667
2 0.893741 0.633333 0.011645 0.066667