10 0.121365 0.633333 0.020228 0.066667
21 0.121365 0.753333 0.020228 0.066667
3 0.192162 0.513333 0.010114 0.066667
5 0.262958 0.513333 0.010114 0.066667
24 0.333755 0.753333 0.020228 0.066667
8 0.333755 0.273333 0.010114 0.066667
17 0.405815 0.393333 0.020228 0.066667
20 0.405815 0.513333 0.020228 0.066667
23 0.476612 0.633333 0.020228 0.066667
11 0.476612 0.753333 0.020228 0.066667
13 0.476612 0.153333 0.020228 0.066667
9 0.476612 0.393333 0.010114 0.066667
11 0.547408 0.393333 0.020228 0.066667
10 0.547408 0.633333 0.020228 0.066667
2 0.547408 0.753333 0.010114 0.066667
11 0.618205 0.513333 0.020228 0.066667
21 0.618205 0.633333 0.020228 0.066667
2 0.618205 0.273333 0.010114 0.066667
5 0.690265 0.273333 0.010114 0.066667
2 0.690265 0.513333 0.010114 0.066667
22 0.761062 0.393333 0.020228 0.066667
6 0.831858 0.753333 0.010114 0.066667
10 0.902655 0.273333 0.020228 0.066667
12 0.902655 0.393333 0.020228 0.066667
0 0.902655 0.633333 0.010114 0.066667