11 0.129068 0.273333 0.017957 0.066667
6 0.129068 0.393333 0.008979 0.066667
3 0.214366 0.393333 0.008979 0.066667
23 0.298541 0.393333 0.017957 0.066667
10 0.298541 0.753333 0.017957 0.066667
4 0.383838 0.513333 0.008979 0.066667
16 0.383838 0.273333 0.017957 0.066667
5 0.383838 0.393333 0.008979 0.066667
16 0.468013 0.633333 0.017957 0.066667
13 0.468013 0.513333 0.017957 0.066667
1 0.468013 0.753333 0.008979 0.066667
7 0.553311 0.153333 0.008979 0.066667
17 0.553311 0.633333 0.017957 0.066667
10 0.553311 0.753333 0.017957 0.066667
22 0.637486 0.513333 0.017957 0.066667
15 0.637486 0.633333 0.017957 0.066667
3 0.722783 0.393333 0.008979 0.066667
3 0.722783 0.513333 0.008979 0.066667
1 0.806958 0.633333 0.008979 0.066667
3 0.806958 0.153333 0.008979 0.066667
7 0.806958 0.513333 0.008979 0.066667
1 0.892256 0.513333 0.008979 0.066667
7 0.892256 0.633333 0.008979 0.066667