27 0.144090 0.393333 0.009296 0.053333
0 0.144754 0.513333 0.010624 0.066667
23 0.144754 0.273333 0.021248 0.066667
9 0.144754 0.753333 0.010624 0.066667
10 0.236388 0.513333 0.021248 0.066667
2 0.236388 0.393333 0.010624 0.066667
3 0.236388 0.753333 0.010624 0.066667
5 0.236388 0.153333 0.010624 0.066667
0 0.328021 0.513333 0.010624 0.066667
1 0.328021 0.753333 0.010624 0.066667
11 0.420983 0.273333 0.021248 0.066667
0 0.420983 0.633333 0.010624 0.066667
7 0.512616 0.153333 0.010624 0.066667
2 0.604250 0.153333 0.010624 0.066667
9 0.604250 0.393333 0.010624 0.066667
1 0.604250 0.753333 0.010624 0.066667
3 0.697211 0.753333 0.010624 0.066667
8 0.788845 0.633333 0.010624 0.066667
15 0.788845 0.393333 0.021248 0.066667
0 0.788845 0.153333 0.010624 0.066667
5 0.788845 0.513333 0.010624 0.066667
10 0.880478 0.393333 0.021248 0.066667