5 0.118974 0.153333 0.008205 0.066667
4 0.118974 0.513333 0.008205 0.066667
1 0.118974 0.753333 0.008205 0.066667
1 0.196923 0.153333 0.008205 0.066667
5 0.274872 0.273333 0.008205 0.066667
16 0.353846 0.633333 0.016410 0.066667
0 0.353846 0.513333 0.008205 0.066667
7 0.431795 0.153333 0.008205 0.066667
10 0.431795 0.513333 0.016410 0.066667
5 0.509744 0.633333 0.008205 0.066667
6 0.587692 0.633333 0.008205 0.066667
22 0.587692 0.273333 0.016410 0.066667
5 0.587692 0.753333 0.008205 0.066667
11 0.666667 0.393333 0.016410 0.066667
7 0.666667 0.753333 0.008205 0.066667
16 0.744615 0.153333 0.016410 0.066667
4 0.744615 0.753333 0.008205 0.066667
4 0.744615 0.513333 0.008205 0.066667
4 0.744615 0.273333 0.008205 0.066667
0 0.822564 0.273333 0.008205 0.066667
9 0.900513 0.393333 0.008205 0.066667