21 0.188988 0.393333 0.023810 0.066667
5 0.188988 0.753333 0.011905 0.066667
21 0.188988 0.153333 0.023810 0.066667
4 0.318452 0.153333 0.011905 0.066667
10 0.318452 0.393333 0.023810 0.066667
28 0.449405 0.273333 0.047619 0.066667
22 0.449405 0.393333 0.023810 0.066667
5 0.449405 0.153333 0.011905 0.066667
18 0.578869 0.153333 0.023810 0.066667
7 0.578869 0.633333 0.011905 0.066667
21 0.709821 0.753333 0.023810 0.066667
14 0.709821 0.513333 0.023810 0.066667
16 0.709821 0.393333 0.023810 0.066667
2 0.709821 0.273333 0.011905 0.066667
7 0.839286 0.633333 0.011905 0.066667