10 0.133441 0.633333 0.025723 0.066667
10 0.133441 0.513333 0.025723 0.066667
8 0.133441 0.393333 0.012862 0.066667
28 0.202572 0.273333 0.051447 0.066667
8 0.271704 0.753333 0.012862 0.066667
2 0.271704 0.633333 0.012862 0.066667
2 0.271704 0.393333 0.012862 0.066667
3 0.340836 0.273333 0.012862 0.066667
7 0.340836 0.633333 0.012862 0.066667
10 0.411576 0.153333 0.025723 0.066667
6 0.411576 0.513333 0.012862 0.066667
11 0.480707 0.633333 0.025723 0.066667
6 0.549839 0.153333 0.012862 0.066667
20 0.549839 0.513333 0.025723 0.066667
6 0.618971 0.393333 0.012862 0.066667
2 0.618971 0.273333 0.012862 0.066667
2 0.689711 0.153333 0.012862 0.066667
23 0.689711 0.753333 0.025723 0.066667
28 0.758842 0.513333 0.038585 0.066667
23 0.758842 0.393333 0.025723 0.066667
3 0.758842 0.273333 0.012862 0.066667
12 0.827974 0.513333 0.025723 0.066667
0 0.827974 0.753333 0.012862 0.066667
8 0.827974 0.633333 0.012862 0.066667
0 0.897106 0.273333 0.012862 0.066667
5 0.897106 0.513333 0.012862 0.066667