2 0.136911 0.393333 0.008762 0.066667
8 0.136911 0.273333 0.008762 0.066667
15 0.136911 0.153333 0.017525 0.066667
1 0.136911 0.753333 0.008762 0.066667
6 0.230011 0.753333 0.008762 0.066667
13 0.230011 0.633333 0.017525 0.066667
4 0.230011 0.513333 0.008762 0.066667
22 0.230011 0.393333 0.017525 0.066667
0 0.323111 0.273333 0.008762 0.066667
6 0.323111 0.753333 0.008762 0.066667
13 0.323111 0.513333 0.017525 0.066667
0 0.323111 0.153333 0.008762 0.066667
5 0.417306 0.633333 0.008762 0.066667
9 0.417306 0.513333 0.008762 0.066667
19 0.510405 0.273333 0.017525 0.066667
0 0.510405 0.513333 0.008762 0.066667
1 0.603505 0.393333 0.008762 0.066667
7 0.603505 0.513333 0.008762 0.066667
0 0.697700 0.633333 0.008762 0.066667
3 0.697700 0.393333 0.008762 0.066667
11 0.697700 0.153333 0.017525 0.066667
3 0.790800 0.273333 0.008762 0.066667
0 0.790800 0.393333 0.008762 0.066667
16 0.883899 0.633333 0.017525 0.066667
8 0.883899 0.273333 0.008762 0.066667
6 0.883899 0.153333 0.008762 0.066667