2 0.135819 0.153333 0.010652 0.066667
3 0.135819 0.753333 0.010652 0.066667
23 0.219707 0.273333 0.021305 0.066667
8 0.303595 0.753333 0.010652 0.066667
0 0.387483 0.633333 0.010652 0.066667
4 0.387483 0.393333 0.010652 0.066667
2 0.387483 0.513333 0.010652 0.066667
1 0.471372 0.513333 0.010652 0.066667
3 0.471372 0.393333 0.010652 0.066667
2 0.471372 0.273333 0.010652 0.066667
21 0.553928 0.273333 0.021305 0.066667
9 0.553928 0.393333 0.010652 0.066667
27 0.554594 0.153333 0.009321 0.053333
1 0.637816 0.153333 0.010652 0.066667
2 0.721704 0.753333 0.010652 0.066667
2 0.721704 0.273333 0.010652 0.066667
6 0.805593 0.753333 0.010652 0.066667
1 0.805593 0.273333 0.010652 0.066667
5 0.805593 0.633333 0.010652 0.066667
18 0.805593 0.153333 0.021305 0.066667
11 0.889481 0.513333 0.021305 0.066667
10 0.889481 0.393333 0.021305 0.066667
13 0.889481 0.153333 0.021305 0.066667