2 0.134576 0.393333 0.008282 0.066667
19 0.134576 0.513333 0.016563 0.066667
23 0.228778 0.273333 0.016563 0.066667
0 0.228778 0.153333 0.008282 0.066667
0 0.321946 0.273333 0.008282 0.066667
17 0.321946 0.513333 0.016563 0.066667
4 0.321946 0.753333 0.008282 0.066667
2 0.416149 0.513333 0.008282 0.066667
4 0.416149 0.153333 0.008282 0.066667
19 0.416149 0.273333 0.016563 0.066667
0 0.416149 0.393333 0.008282 0.066667
12 0.510352 0.393333 0.016563 0.066667
15 0.510352 0.633333 0.016563 0.066667
0 0.510352 0.513333 0.008282 0.066667
14 0.603520 0.153333 0.016563 0.066667
24 0.603520 0.633333 0.016563 0.066667
5 0.697723 0.153333 0.008282 0.066667
2 0.697723 0.393333 0.008282 0.066667
17 0.790890 0.273333 0.016563 0.066667
13 0.790890 0.393333 0.016563 0.066667
5 0.790890 0.513333 0.008282 0.066667
5 0.885093 0.273333 0.008282 0.066667
5 0.885093 0.633333 0.008282 0.066667