6 0.136000 0.753333 0.010667 0.066667
5 0.136000 0.153333 0.010667 0.066667
3 0.220000 0.273333 0.010667 0.066667
10 0.220000 0.753333 0.021333 0.066667
3 0.304000 0.513333 0.010667 0.066667
3 0.386667 0.273333 0.010667 0.066667
7 0.470667 0.273333 0.010667 0.066667
6 0.470667 0.153333 0.010667 0.066667
7 0.470667 0.633333 0.010667 0.066667
3 0.554667 0.273333 0.010667 0.066667
4 0.638667 0.273333 0.010667 0.066667
3 0.638667 0.513333 0.010667 0.066667
1 0.638667 0.153333 0.010667 0.066667
17 0.721333 0.153333 0.021333 0.066667
14 0.721333 0.633333 0.021333 0.066667
2 0.721333 0.753333 0.010667 0.066667
0 0.805333 0.753333 0.010667 0.066667
10 0.805333 0.633333 0.021333 0.066667
3 0.805333 0.393333 0.010667 0.066667
5 0.805333 0.153333 0.010667 0.066667
8 0.889333 0.633333 0.010667 0.066667