21 0.178129 0.633333 0.018038 0.066667
7 0.178129 0.513333 0.009019 0.066667
0 0.178129 0.393333 0.009019 0.066667
10 0.178129 0.753333 0.018038 0.066667
11 0.311161 0.393333 0.018038 0.066667
11 0.311161 0.753333 0.018038 0.066667
2 0.311161 0.153333 0.009019 0.066667
27 0.310598 0.633333 0.007892 0.053333
11 0.444194 0.753333 0.018038 0.066667
9 0.444194 0.633333 0.009019 0.066667
12 0.444194 0.393333 0.018038 0.066667
14 0.577227 0.513333 0.018038 0.066667
2 0.577227 0.273333 0.009019 0.066667
6 0.577227 0.393333 0.009019 0.066667
9 0.577227 0.753333 0.009019 0.066667
22 0.710259 0.153333 0.018038 0.066667
6 0.710259 0.513333 0.009019 0.066667
10 0.710259 0.273333 0.018038 0.066667
21 0.843292 0.513333 0.018038 0.066667