3 0.136605 0.393333 0.010610 0.066667
7 0.220159 0.633333 0.010610 0.066667
7 0.303714 0.393333 0.010610 0.066667
11 0.303714 0.513333 0.021220 0.066667
17 0.303714 0.153333 0.021220 0.066667
21 0.303714 0.273333 0.021220 0.066667
28 0.387268 0.273333 0.031830 0.066667
12 0.387268 0.513333 0.021220 0.066667
5 0.387268 0.393333 0.010610 0.066667
4 0.470822 0.513333 0.010610 0.066667
9 0.470822 0.273333 0.010610 0.066667
22 0.554377 0.393333 0.021220 0.066667
8 0.554377 0.513333 0.010610 0.066667
27 0.638594 0.753333 0.009284 0.053333
6 0.637931 0.273333 0.010610 0.066667
11 0.637931 0.513333 0.021220 0.066667
4 0.721485 0.513333 0.010610 0.066667
3 0.805040 0.393333 0.010610 0.066667
3 0.805040 0.633333 0.010610 0.066667
24 0.888594 0.753333 0.021220 0.066667
6 0.888594 0.513333 0.010610 0.066667
8 0.888594 0.273333 0.010610 0.066667