12 0.158679 0.633333 0.017039 0.066667
24 0.275825 0.393333 0.017039 0.066667
6 0.275825 0.513333 0.008520 0.066667
2 0.392971 0.513333 0.008520 0.066667
6 0.392971 0.153333 0.008520 0.066667
0 0.392971 0.633333 0.008520 0.066667
3 0.510117 0.153333 0.008520 0.066667
3 0.510117 0.753333 0.008520 0.066667
3 0.510117 0.393333 0.008520 0.066667
6 0.510117 0.513333 0.008520 0.066667
7 0.627263 0.153333 0.008520 0.066667
16 0.627263 0.393333 0.017039 0.066667
21 0.627263 0.633333 0.017039 0.066667
6 0.744409 0.393333 0.008520 0.066667
17 0.744409 0.633333 0.017039 0.066667
0 0.861555 0.753333 0.008520 0.066667
2 0.861555 0.393333 0.008520 0.066667
2 0.861555 0.513333 0.008520 0.066667
21 0.861555 0.153333 0.017039 0.066667