0 0.115512 0.153333 0.008801 0.066667
8 0.187019 0.153333 0.008801 0.066667
6 0.187019 0.393333 0.008801 0.066667
18 0.187019 0.753333 0.017602 0.066667
3 0.258526 0.633333 0.008801 0.066667
6 0.258526 0.513333 0.008801 0.066667
10 0.331133 0.633333 0.017602 0.066667
14 0.331133 0.513333 0.017602 0.066667
11 0.331133 0.153333 0.017602 0.066667
11 0.402640 0.633333 0.017602 0.066667
0 0.474147 0.273333 0.008801 0.066667
0 0.474147 0.513333 0.008801 0.066667
14 0.546755 0.633333 0.017602 0.066667
3 0.546755 0.393333 0.008801 0.066667
27 0.546205 0.753333 0.007701 0.053333
21 0.618262 0.273333 0.017602 0.066667
6 0.618262 0.633333 0.008801 0.066667
15 0.618262 0.153333 0.017602 0.066667
0 0.689769 0.153333 0.008801 0.066667
0 0.762376 0.633333 0.008801 0.066667
1 0.833883 0.273333 0.008801 0.066667
2 0.833883 0.153333 0.008801 0.066667
1 0.833883 0.393333 0.008801 0.066667
7 0.905391 0.633333 0.008801 0.066667
20 0.905391 0.273333 0.017602 0.066667
6 0.905391 0.753333 0.008801 0.066667