0 0.144790 0.633333 0.010825 0.066667
5 0.144790 0.273333 0.010825 0.066667
3 0.144790 0.753333 0.010825 0.066667
4 0.236806 0.153333 0.010825 0.066667
2 0.236806 0.633333 0.010825 0.066667
5 0.236806 0.393333 0.010825 0.066667
1 0.328823 0.753333 0.010825 0.066667
12 0.328823 0.393333 0.021651 0.066667
6 0.420839 0.633333 0.010825 0.066667
2 0.420839 0.393333 0.010825 0.066667
1 0.420839 0.513333 0.010825 0.066667
9 0.512855 0.273333 0.010825 0.066667
4 0.604871 0.393333 0.010825 0.066667
13 0.604871 0.753333 0.021651 0.066667
4 0.696888 0.393333 0.010825 0.066667
0 0.788904 0.753333 0.010825 0.066667
2 0.880920 0.513333 0.010825 0.066667