10 0.128319 0.753333 0.017699 0.066667
3 0.128319 0.633333 0.008850 0.066667
3 0.128319 0.153333 0.008850 0.066667
10 0.213496 0.273333 0.017699 0.066667
3 0.213496 0.393333 0.008850 0.066667
4 0.213496 0.513333 0.008850 0.066667
19 0.298673 0.753333 0.017699 0.066667
0 0.298673 0.633333 0.008850 0.066667
18 0.298673 0.513333 0.017699 0.066667
11 0.382743 0.393333 0.017699 0.066667
0 0.382743 0.273333 0.008850 0.066667
28 0.467920 0.273333 0.026549 0.066667
22 0.467920 0.633333 0.017699 0.066667
6 0.467920 0.513333 0.008850 0.066667
0 0.553097 0.633333 0.008850 0.066667
6 0.638274 0.153333 0.008850 0.066667
3 0.638274 0.273333 0.008850 0.066667
2 0.638274 0.393333 0.008850 0.066667
0 0.638274 0.753333 0.008850 0.066667
7 0.722345 0.753333 0.008850 0.066667
12 0.722345 0.273333 0.017699 0.066667
21 0.807522 0.273333 0.017699 0.066667
2 0.892699 0.273333 0.008850 0.066667
3 0.892699 0.753333 0.008850 0.066667