14 0.157735 0.633333 0.016178 0.066667
12 0.157735 0.753333 0.016178 0.066667
3 0.275025 0.513333 0.008089 0.066667
5 0.275025 0.153333 0.008089 0.066667
6 0.392315 0.633333 0.008089 0.066667
7 0.392315 0.153333 0.008089 0.066667
5 0.392315 0.393333 0.008089 0.066667
0 0.392315 0.273333 0.008089 0.066667
27 0.510111 0.753333 0.007078 0.053333
2 0.509606 0.633333 0.008089 0.066667
3 0.509606 0.513333 0.008089 0.066667
13 0.626896 0.753333 0.016178 0.066667
2 0.626896 0.153333 0.008089 0.066667
14 0.626896 0.393333 0.016178 0.066667
0 0.626896 0.273333 0.008089 0.066667
5 0.744186 0.753333 0.008089 0.066667
0 0.744186 0.273333 0.008089 0.066667
6 0.861476 0.153333 0.008089 0.066667
0 0.861476 0.633333 0.008089 0.066667
6 0.861476 0.753333 0.008089 0.066667
11 0.861476 0.513333 0.016178 0.066667