3 0.177313 0.153333 0.008811 0.066667
8 0.177313 0.753333 0.008811 0.066667
22 0.310573 0.153333 0.017621 0.066667
2 0.310573 0.633333 0.008811 0.066667
27 0.310022 0.393333 0.007709 0.053333
4 0.310573 0.513333 0.008811 0.066667
13 0.443833 0.393333 0.017621 0.066667
15 0.443833 0.753333 0.017621 0.066667
1 0.443833 0.273333 0.008811 0.066667
7 0.577093 0.513333 0.008811 0.066667
3 0.577093 0.273333 0.008811 0.066667
6 0.710352 0.393333 0.008811 0.066667
4 0.710352 0.753333 0.008811 0.066667
7 0.843612 0.393333 0.008811 0.066667