8 0.122108 0.393333 0.010283 0.066667
3 0.122108 0.633333 0.010283 0.066667
0 0.122108 0.513333 0.010283 0.066667
8 0.192802 0.273333 0.010283 0.066667
13 0.192802 0.513333 0.020566 0.066667
10 0.192802 0.153333 0.020566 0.066667
3 0.263496 0.513333 0.010283 0.066667
28 0.334190 0.273333 0.041131 0.066667
3 0.406170 0.393333 0.010283 0.066667
0 0.406170 0.153333 0.010283 0.066667
0 0.406170 0.753333 0.010283 0.066667
17 0.476864 0.513333 0.020566 0.066667
5 0.476864 0.153333 0.010283 0.066667
5 0.476864 0.633333 0.010283 0.066667
18 0.547558 0.753333 0.020566 0.066667
5 0.547558 0.633333 0.010283 0.066667
6 0.547558 0.153333 0.010283 0.066667
13 0.618252 0.273333 0.020566 0.066667
23 0.690231 0.633333 0.020566 0.066667
6 0.760925 0.513333 0.010283 0.066667
0 0.831620 0.753333 0.010283 0.066667
21 0.902314 0.153333 0.020566 0.066667