5 0.127044 0.273333 0.010063 0.066667
16 0.127044 0.393333 0.020126 0.066667
10 0.127044 0.633333 0.020126 0.066667
28 0.127044 0.513333 0.030189 0.066667
1 0.203774 0.633333 0.010063 0.066667
8 0.280503 0.153333 0.010063 0.066667
6 0.358491 0.753333 0.010063 0.066667
2 0.358491 0.153333 0.010063 0.066667
13 0.358491 0.633333 0.020126 0.066667
0 0.358491 0.513333 0.010063 0.066667
17 0.435220 0.153333 0.020126 0.066667
20 0.435220 0.393333 0.020126 0.066667
3 0.511950 0.753333 0.010063 0.066667
3 0.511950 0.513333 0.010063 0.066667
13 0.511950 0.393333 0.020126 0.066667
3 0.511950 0.633333 0.010063 0.066667
2 0.588679 0.273333 0.010063 0.066667
3 0.666667 0.273333 0.010063 0.066667
3 0.666667 0.753333 0.010063 0.066667
1 0.666667 0.633333 0.010063 0.066667
27 0.666038 0.153333 0.008805 0.053333
21 0.743396 0.393333 0.020126 0.066667
28 0.743396 0.513333 0.030189 0.066667
21 0.820126 0.273333 0.020126 0.066667
18 0.896855 0.753333 0.020126 0.066667