8 0.135052 0.753333 0.008247 0.066667
11 0.228866 0.513333 0.016495 0.066667
8 0.228866 0.273333 0.008247 0.066667
18 0.322680 0.753333 0.016495 0.066667
0 0.322680 0.393333 0.008247 0.066667
3 0.322680 0.513333 0.008247 0.066667
15 0.416495 0.633333 0.016495 0.066667
20 0.416495 0.753333 0.016495 0.066667
1 0.510309 0.753333 0.008247 0.066667
28 0.510309 0.153333 0.024742 0.066667
3 0.604124 0.633333 0.008247 0.066667
10 0.604124 0.753333 0.016495 0.066667
6 0.697938 0.153333 0.008247 0.066667
6 0.697938 0.753333 0.008247 0.066667
17 0.697938 0.273333 0.016495 0.066667
24 0.791753 0.273333 0.016495 0.066667
4 0.791753 0.513333 0.008247 0.066667
18 0.791753 0.753333 0.016495 0.066667
0 0.791753 0.633333 0.008247 0.066667
24 0.885567 0.273333 0.016495 0.066667