5 0.133133 0.393333 0.008008 0.066667
12 0.133133 0.273333 0.016016 0.066667
2 0.227227 0.393333 0.008008 0.066667
0 0.321321 0.633333 0.008008 0.066667
3 0.321321 0.153333 0.008008 0.066667
7 0.321321 0.513333 0.008008 0.066667
4 0.321321 0.393333 0.008008 0.066667
7 0.415415 0.753333 0.008008 0.066667
6 0.415415 0.393333 0.008008 0.066667
0 0.415415 0.153333 0.008008 0.066667
11 0.509510 0.273333 0.016016 0.066667
27 0.510010 0.513333 0.007007 0.053333
3 0.509510 0.633333 0.008008 0.066667
0 0.603604 0.633333 0.008008 0.066667
0 0.697698 0.153333 0.008008 0.066667
1 0.791792 0.273333 0.008008 0.066667
13 0.885886 0.153333 0.016016 0.066667