8 0.129797 0.393333 0.009029 0.066667
28 0.129797 0.633333 0.036117 0.066667
5 0.129797 0.753333 0.009029 0.066667
4 0.214447 0.633333 0.009029 0.066667
0 0.299097 0.153333 0.009029 0.066667
0 0.383747 0.513333 0.009029 0.066667
3 0.468397 0.273333 0.009029 0.066667
3 0.468397 0.753333 0.009029 0.066667
2 0.553047 0.273333 0.009029 0.066667
12 0.553047 0.633333 0.018059 0.066667
1 0.553047 0.393333 0.009029 0.066667
8 0.637698 0.153333 0.009029 0.066667
0 0.637698 0.513333 0.009029 0.066667
8 0.722348 0.153333 0.009029 0.066667
5 0.722348 0.393333 0.009029 0.066667
2 0.722348 0.513333 0.009029 0.066667
0 0.806998 0.273333 0.009029 0.066667
3 0.806998 0.393333 0.009029 0.066667
27 0.807562 0.753333 0.007901 0.053333
6 0.891648 0.393333 0.009029 0.066667
8 0.891648 0.513333 0.009029 0.066667
2 0.891648 0.153333 0.009029 0.066667
2 0.891648 0.753333 0.009029 0.066667