16 0.157464 0.153333 0.016360 0.066667
5 0.157464 0.273333 0.008180 0.066667
5 0.157464 0.633333 0.008180 0.066667
5 0.275051 0.393333 0.008180 0.066667
27 0.275562 0.753333 0.007157 0.053333
2 0.392638 0.153333 0.008180 0.066667
5 0.392638 0.633333 0.008180 0.066667
4 0.392638 0.753333 0.008180 0.066667
0 0.392638 0.273333 0.008180 0.066667
3 0.510225 0.753333 0.008180 0.066667
5 0.510225 0.153333 0.008180 0.066667
2 0.510225 0.273333 0.008180 0.066667
5 0.626789 0.393333 0.008180 0.066667
5 0.626789 0.753333 0.008180 0.066667
0 0.626789 0.153333 0.008180 0.066667
6 0.744376 0.273333 0.008180 0.066667
15 0.744376 0.393333 0.016360 0.066667
2 0.744376 0.633333 0.008180 0.066667
4 0.861963 0.393333 0.008180 0.066667
0 0.861963 0.513333 0.008180 0.066667