5 0.115639 0.393333 0.008811 0.066667
8 0.115639 0.273333 0.008811 0.066667
0 0.187225 0.273333 0.008811 0.066667
2 0.187225 0.753333 0.008811 0.066667
1 0.187225 0.393333 0.008811 0.066667
1 0.258811 0.273333 0.008811 0.066667
7 0.258811 0.393333 0.008811 0.066667
22 0.258811 0.153333 0.017621 0.066667
5 0.330396 0.393333 0.008811 0.066667
2 0.330396 0.273333 0.008811 0.066667
9 0.403084 0.153333 0.008811 0.066667
27 0.402533 0.273333 0.007709 0.053333
5 0.403084 0.393333 0.008811 0.066667
7 0.474670 0.753333 0.008811 0.066667
9 0.546256 0.393333 0.008811 0.066667
5 0.617841 0.513333 0.008811 0.066667
14 0.617841 0.273333 0.017621 0.066667
17 0.690529 0.753333 0.017621 0.066667
5 0.762115 0.513333 0.008811 0.066667
0 0.762115 0.753333 0.008811 0.066667
4 0.762115 0.273333 0.008811 0.066667
4 0.833700 0.753333 0.008811 0.066667
20 0.905286 0.513333 0.017621 0.066667
20 0.905286 0.273333 0.017621 0.066667