27 0.169643 0.633333 0.009615 0.053333
9 0.284341 0.513333 0.010989 0.066667
12 0.284341 0.393333 0.021978 0.066667
0 0.398352 0.513333 0.010989 0.066667
5 0.398352 0.633333 0.010989 0.066667
2 0.513736 0.633333 0.010989 0.066667
5 0.513736 0.153333 0.010989 0.066667
14 0.513736 0.393333 0.021978 0.066667
4 0.627747 0.753333 0.010989 0.066667
6 0.627747 0.153333 0.010989 0.066667
7 0.627747 0.393333 0.010989 0.066667
4 0.743132 0.393333 0.010989 0.066667
8 0.743132 0.153333 0.010989 0.066667
1 0.743132 0.633333 0.010989 0.066667
18 0.857143 0.633333 0.021978 0.066667
3 0.857143 0.513333 0.010989 0.066667