1 0.142494 0.513333 0.010178 0.066667
24 0.142494 0.273333 0.020356 0.066667
18 0.235369 0.513333 0.020356 0.066667
6 0.235369 0.393333 0.010178 0.066667
0 0.235369 0.273333 0.010178 0.066667
5 0.326972 0.153333 0.010178 0.066667
6 0.326972 0.753333 0.010178 0.066667
1 0.419847 0.633333 0.010178 0.066667
1 0.512723 0.753333 0.010178 0.066667
0 0.512723 0.393333 0.010178 0.066667
5 0.604326 0.753333 0.010178 0.066667
2 0.604326 0.633333 0.010178 0.066667
8 0.604326 0.153333 0.010178 0.066667
12 0.604326 0.513333 0.020356 0.066667
0 0.697201 0.513333 0.010178 0.066667
20 0.788804 0.633333 0.020356 0.066667
1 0.788804 0.393333 0.010178 0.066667
22 0.881679 0.273333 0.020356 0.066667