3 0.163438 0.513333 0.009685 0.066667
0 0.163438 0.393333 0.009685 0.066667
0 0.163438 0.273333 0.009685 0.066667
10 0.163438 0.633333 0.019370 0.066667
2 0.279661 0.393333 0.009685 0.066667
8 0.395884 0.153333 0.009685 0.066667
0 0.395884 0.273333 0.009685 0.066667
3 0.512107 0.633333 0.009685 0.066667
0 0.512107 0.153333 0.009685 0.066667
11 0.627119 0.393333 0.019370 0.066667
16 0.627119 0.633333 0.019370 0.066667
3 0.743341 0.273333 0.009685 0.066667
1 0.743341 0.393333 0.009685 0.066667
6 0.743341 0.753333 0.009685 0.066667
24 0.859564 0.753333 0.019370 0.066667
17 0.859564 0.393333 0.019370 0.066667
11 0.859564 0.273333 0.019370 0.066667