2 0.176663 0.273333 0.008724 0.066667
8 0.176663 0.753333 0.008724 0.066667
23 0.176663 0.633333 0.017448 0.066667
2 0.176663 0.393333 0.008724 0.066667
12 0.309706 0.153333 0.017448 0.066667
5 0.309706 0.633333 0.008724 0.066667
1 0.443839 0.153333 0.008724 0.066667
0 0.443839 0.513333 0.008724 0.066667
27 0.443293 0.633333 0.007634 0.053333
4 0.576881 0.633333 0.008724 0.066667
7 0.711014 0.753333 0.008724 0.066667
1 0.711014 0.393333 0.008724 0.066667
0 0.711014 0.513333 0.008724 0.066667
0 0.711014 0.153333 0.008724 0.066667
0 0.844057 0.513333 0.008724 0.066667