1 0.128739 0.273333 0.010403 0.066667
28 0.128739 0.513333 0.031209 0.066667
18 0.128739 0.753333 0.020806 0.066667
0 0.205462 0.393333 0.010403 0.066667
12 0.205462 0.153333 0.020806 0.066667
24 0.205462 0.513333 0.020806 0.066667
1 0.282185 0.513333 0.010403 0.066667
11 0.282185 0.753333 0.020806 0.066667
18 0.282185 0.153333 0.020806 0.066667
0 0.358908 0.513333 0.010403 0.066667
0 0.435631 0.393333 0.010403 0.066667
7 0.435631 0.513333 0.010403 0.066667
3 0.435631 0.153333 0.010403 0.066667
9 0.512354 0.753333 0.010403 0.066667
13 0.512354 0.153333 0.020806 0.066667
16 0.589077 0.273333 0.020806 0.066667
6 0.665800 0.753333 0.010403 0.066667
3 0.665800 0.513333 0.010403 0.066667
8 0.742523 0.633333 0.010403 0.066667
1 0.742523 0.393333 0.010403 0.066667
28 0.819246 0.393333 0.031209 0.066667
28 0.819246 0.273333 0.031209 0.066667
3 0.819246 0.633333 0.010403 0.066667
0 0.895969 0.393333 0.010403 0.066667
0 0.895969 0.513333 0.010403 0.066667
5 0.895969 0.753333 0.010403 0.066667
3 0.895969 0.633333 0.010403 0.066667