9 0.178777 0.513333 0.009227 0.066667
7 0.178777 0.153333 0.009227 0.066667
4 0.178777 0.753333 0.009227 0.066667
3 0.311419 0.273333 0.009227 0.066667
8 0.444060 0.273333 0.009227 0.066667
11 0.444060 0.633333 0.018454 0.066667
8 0.577855 0.273333 0.009227 0.066667
22 0.577855 0.393333 0.018454 0.066667
27 0.577278 0.513333 0.008074 0.053333
1 0.710496 0.633333 0.009227 0.066667
0 0.710496 0.393333 0.009227 0.066667
14 0.710496 0.753333 0.018454 0.066667
14 0.843137 0.513333 0.018454 0.066667
4 0.843137 0.393333 0.009227 0.066667
1 0.843137 0.153333 0.009227 0.066667
5 0.843137 0.753333 0.009227 0.066667