28 0.138268 0.393333 0.033520 0.066667
1 0.138268 0.153333 0.011173 0.066667
4 0.222067 0.273333 0.011173 0.066667
2 0.222067 0.393333 0.011173 0.066667
1 0.222067 0.753333 0.011173 0.066667
7 0.304469 0.393333 0.011173 0.066667
7 0.388268 0.153333 0.011173 0.066667
10 0.472067 0.753333 0.022346 0.066667
0 0.472067 0.633333 0.011173 0.066667
9 0.554469 0.153333 0.011173 0.066667
1 0.638268 0.633333 0.011173 0.066667
3 0.638268 0.273333 0.011173 0.066667
2 0.722067 0.393333 0.011173 0.066667
10 0.722067 0.273333 0.022346 0.066667
4 0.804469 0.393333 0.011173 0.066667
0 0.888268 0.633333 0.011173 0.066667
28 0.888268 0.273333 0.033520 0.066667
18 0.888268 0.753333 0.022346 0.066667