28 0.183355 0.393333 0.031209 0.066667
4 0.183355 0.273333 0.010403 0.066667
0 0.314694 0.393333 0.010403 0.066667
14 0.314694 0.153333 0.020806 0.066667
13 0.446034 0.513333 0.020806 0.066667
18 0.446034 0.753333 0.020806 0.066667
9 0.446034 0.273333 0.010403 0.066667
12 0.578674 0.273333 0.020806 0.066667
6 0.710013 0.513333 0.010403 0.066667
28 0.710013 0.393333 0.031209 0.066667
3 0.710013 0.633333 0.010403 0.066667
8 0.841352 0.753333 0.010403 0.066667
5 0.841352 0.393333 0.010403 0.066667
12 0.841352 0.633333 0.020806 0.066667