0 0.182048 0.273333 0.010114 0.066667
3 0.182048 0.513333 0.010114 0.066667
5 0.182048 0.153333 0.010114 0.066667
2 0.182048 0.393333 0.010114 0.066667
0 0.313527 0.633333 0.010114 0.066667
4 0.313527 0.513333 0.010114 0.066667
2 0.313527 0.393333 0.010114 0.066667
2 0.446271 0.753333 0.010114 0.066667
1 0.446271 0.273333 0.010114 0.066667
8 0.446271 0.393333 0.010114 0.066667
5 0.577750 0.513333 0.010114 0.066667
22 0.577750 0.273333 0.020228 0.066667
6 0.577750 0.153333 0.010114 0.066667
20 0.577750 0.393333 0.020228 0.066667
3 0.710493 0.153333 0.010114 0.066667
7 0.710493 0.273333 0.010114 0.066667
4 0.710493 0.633333 0.010114 0.066667
20 0.841972 0.753333 0.020228 0.066667
9 0.841972 0.513333 0.010114 0.066667