7 0.124402 0.273333 0.009569 0.066667
7 0.124402 0.753333 0.009569 0.066667
10 0.202153 0.393333 0.019139 0.066667
8 0.279904 0.633333 0.009569 0.066667
9 0.279904 0.753333 0.009569 0.066667
6 0.279904 0.393333 0.009569 0.066667
2 0.279904 0.273333 0.009569 0.066667
0 0.356459 0.393333 0.009569 0.066667
2 0.434211 0.393333 0.009569 0.066667
6 0.434211 0.153333 0.009569 0.066667
11 0.434211 0.753333 0.019139 0.066667
19 0.511962 0.513333 0.019139 0.066667
9 0.511962 0.393333 0.009569 0.066667
21 0.511962 0.633333 0.019139 0.066667
4 0.588517 0.633333 0.009569 0.066667
4 0.588517 0.513333 0.009569 0.066667
5 0.666268 0.153333 0.009569 0.066667
3 0.666268 0.633333 0.009569 0.066667
2 0.666268 0.393333 0.009569 0.066667
9 0.744019 0.513333 0.009569 0.066667
5 0.820574 0.393333 0.009569 0.066667
9 0.820574 0.753333 0.009569 0.066667
22 0.820574 0.153333 0.019139 0.066667
1 0.898325 0.153333 0.009569 0.066667
28 0.898325 0.633333 0.038278 0.066667