2 0.125304 0.153333 0.009732 0.066667
3 0.125304 0.753333 0.009732 0.066667
15 0.203163 0.393333 0.019465 0.066667
3 0.203163 0.633333 0.009732 0.066667
12 0.279805 0.153333 0.019465 0.066667
22 0.279805 0.753333 0.019465 0.066667
19 0.357664 0.393333 0.019465 0.066667
1 0.357664 0.753333 0.009732 0.066667
28 0.357664 0.633333 0.038929 0.066667
0 0.434307 0.393333 0.009732 0.066667
2 0.434307 0.273333 0.009732 0.066667
20 0.434307 0.513333 0.019465 0.066667
0 0.512165 0.513333 0.009732 0.066667
0 0.588808 0.273333 0.009732 0.066667
3 0.588808 0.393333 0.009732 0.066667
17 0.666667 0.753333 0.019465 0.066667
22 0.743309 0.273333 0.019465 0.066667
0 0.743309 0.393333 0.009732 0.066667
20 0.821168 0.633333 0.019465 0.066667
1 0.821168 0.153333 0.009732 0.066667
1 0.821168 0.513333 0.009732 0.066667
4 0.897810 0.153333 0.009732 0.066667
8 0.897810 0.633333 0.009732 0.066667
9 0.897810 0.393333 0.009732 0.066667