4 0.161538 0.393333 0.012308 0.066667
0 0.161538 0.753333 0.012308 0.066667
1 0.263077 0.513333 0.012308 0.066667
6 0.363077 0.273333 0.012308 0.066667
4 0.363077 0.753333 0.012308 0.066667
10 0.464615 0.393333 0.024615 0.066667
2 0.464615 0.273333 0.012308 0.066667
0 0.464615 0.633333 0.012308 0.066667
3 0.564615 0.513333 0.012308 0.066667
6 0.564615 0.753333 0.012308 0.066667
20 0.564615 0.633333 0.024615 0.066667
3 0.564615 0.153333 0.012308 0.066667
4 0.666154 0.153333 0.012308 0.066667
8 0.666154 0.273333 0.012308 0.066667
2 0.766154 0.753333 0.012308 0.066667
0 0.766154 0.273333 0.012308 0.066667
9 0.766154 0.393333 0.012308 0.066667
3 0.867692 0.393333 0.012308 0.066667
5 0.867692 0.633333 0.012308 0.066667