12 0.142012 0.753333 0.023669 0.066667
4 0.142012 0.633333 0.011834 0.066667
2 0.224852 0.393333 0.011834 0.066667
17 0.224852 0.633333 0.023669 0.066667
3 0.307692 0.753333 0.011834 0.066667
16 0.307692 0.273333 0.023669 0.066667
5 0.390533 0.753333 0.011834 0.066667
19 0.390533 0.153333 0.023669 0.066667
2 0.390533 0.513333 0.011834 0.066667
28 0.473373 0.633333 0.035503 0.066667
9 0.473373 0.393333 0.011834 0.066667
12 0.556213 0.633333 0.023669 0.066667
8 0.556213 0.153333 0.011834 0.066667
4 0.556213 0.753333 0.011834 0.066667
1 0.639053 0.153333 0.011834 0.066667
19 0.639053 0.633333 0.023669 0.066667
4 0.639053 0.393333 0.011834 0.066667
1 0.721893 0.153333 0.011834 0.066667
5 0.721893 0.513333 0.011834 0.066667
6 0.721893 0.753333 0.011834 0.066667
0 0.721893 0.633333 0.011834 0.066667
12 0.804734 0.753333 0.023669 0.066667
18 0.804734 0.153333 0.023669 0.066667
1 0.887574 0.393333 0.011834 0.066667