0 0.130027 0.153333 0.010724 0.066667
24 0.130027 0.513333 0.021448 0.066667
18 0.206434 0.753333 0.021448 0.066667
8 0.282842 0.513333 0.010724 0.066667
0 0.359249 0.273333 0.010724 0.066667
17 0.435657 0.393333 0.021448 0.066667
28 0.513405 0.393333 0.032172 0.066667
24 0.513405 0.633333 0.021448 0.066667
0 0.513405 0.753333 0.010724 0.066667
11 0.513405 0.273333 0.021448 0.066667
24 0.589812 0.633333 0.021448 0.066667
28 0.589812 0.753333 0.032172 0.066667
16 0.589812 0.393333 0.021448 0.066667
9 0.589812 0.513333 0.010724 0.066667
10 0.666220 0.153333 0.021448 0.066667
6 0.742627 0.513333 0.010724 0.066667
7 0.819035 0.393333 0.010724 0.066667
23 0.819035 0.513333 0.021448 0.066667
9 0.895442 0.633333 0.010724 0.066667
1 0.895442 0.273333 0.010724 0.066667