0 0.122566 0.633333 0.009164 0.066667
1 0.200458 0.153333 0.009164 0.066667
2 0.200458 0.393333 0.009164 0.066667
2 0.278351 0.513333 0.009164 0.066667
1 0.356243 0.513333 0.009164 0.066667
1 0.356243 0.153333 0.009164 0.066667
15 0.432990 0.273333 0.018328 0.066667
17 0.510882 0.273333 0.018328 0.066667
24 0.510882 0.393333 0.018328 0.066667
4 0.588774 0.753333 0.009164 0.066667
3 0.588774 0.513333 0.009164 0.066667
2 0.666667 0.513333 0.009164 0.066667
14 0.666667 0.393333 0.018328 0.066667
8 0.666667 0.753333 0.009164 0.066667
1 0.743414 0.513333 0.009164 0.066667
5 0.743414 0.273333 0.009164 0.066667
21 0.743414 0.153333 0.018328 0.066667
17 0.821306 0.633333 0.018328 0.066667
17 0.899198 0.153333 0.018328 0.066667
4 0.899198 0.393333 0.009164 0.066667