18 0.133603 0.753333 0.016194 0.066667
0 0.133603 0.273333 0.008097 0.066667
9 0.133603 0.513333 0.008097 0.066667
0 0.227733 0.273333 0.008097 0.066667
5 0.321862 0.513333 0.008097 0.066667
0 0.415992 0.753333 0.008097 0.066667
2 0.415992 0.153333 0.008097 0.066667
4 0.510121 0.153333 0.008097 0.066667
8 0.510121 0.273333 0.008097 0.066667
6 0.603239 0.633333 0.008097 0.066667
3 0.603239 0.273333 0.008097 0.066667
2 0.697368 0.633333 0.008097 0.066667
24 0.697368 0.513333 0.016194 0.066667
1 0.791498 0.393333 0.008097 0.066667
0 0.791498 0.753333 0.008097 0.066667
17 0.885628 0.513333 0.016194 0.066667
12 0.885628 0.273333 0.016194 0.066667
27 0.885121 0.153333 0.007085 0.053333