17 0.139452 0.393333 0.019070 0.066667
3 0.139452 0.753333 0.009535 0.066667
7 0.139452 0.153333 0.009535 0.066667
0 0.232420 0.153333 0.009535 0.066667
2 0.232420 0.273333 0.009535 0.066667
22 0.325387 0.273333 0.019070 0.066667
20 0.325387 0.153333 0.019070 0.066667
20 0.325387 0.393333 0.019070 0.066667
0 0.418355 0.753333 0.009535 0.066667
7 0.511323 0.273333 0.009535 0.066667
13 0.511323 0.513333 0.019070 0.066667
28 0.604291 0.513333 0.028605 0.066667
0 0.604291 0.393333 0.009535 0.066667
11 0.697259 0.273333 0.019070 0.066667
28 0.790226 0.393333 0.028605 0.066667
1 0.883194 0.633333 0.009535 0.066667