19 0.137552 0.153333 0.022008 0.066667
22 0.137552 0.393333 0.022008 0.066667
6 0.221458 0.393333 0.011004 0.066667
10 0.303989 0.273333 0.022008 0.066667
5 0.303989 0.513333 0.011004 0.066667
6 0.303989 0.153333 0.011004 0.066667
28 0.387895 0.153333 0.033012 0.066667
15 0.387895 0.633333 0.022008 0.066667
22 0.387895 0.393333 0.022008 0.066667
1 0.471802 0.633333 0.011004 0.066667
6 0.471802 0.753333 0.011004 0.066667
4 0.471802 0.153333 0.011004 0.066667
7 0.554333 0.393333 0.011004 0.066667
12 0.638239 0.273333 0.022008 0.066667
3 0.638239 0.753333 0.011004 0.066667
20 0.638239 0.633333 0.022008 0.066667
19 0.722146 0.273333 0.022008 0.066667
0 0.804677 0.633333 0.011004 0.066667
23 0.804677 0.273333 0.022008 0.066667
6 0.888583 0.513333 0.011004 0.066667
17 0.888583 0.153333 0.022008 0.066667
2 0.888583 0.393333 0.011004 0.066667