28 0.171429 0.273333 0.045714 0.066667
16 0.285714 0.753333 0.022857 0.066667
18 0.285714 0.273333 0.022857 0.066667
11 0.285714 0.393333 0.022857 0.066667
0 0.400000 0.273333 0.011429 0.066667
12 0.514286 0.393333 0.022857 0.066667
4 0.514286 0.633333 0.011429 0.066667
2 0.514286 0.153333 0.011429 0.066667
8 0.628571 0.273333 0.011429 0.066667
18 0.628571 0.393333 0.022857 0.066667
11 0.628571 0.153333 0.022857 0.066667
28 0.628571 0.633333 0.045714 0.066667
1 0.742857 0.273333 0.011429 0.066667
15 0.742857 0.153333 0.022857 0.066667
2 0.742857 0.513333 0.011429 0.066667
13 0.857143 0.513333 0.022857 0.066667