1 0.158115 0.633333 0.008377 0.066667
21 0.158115 0.273333 0.016754 0.066667
8 0.275393 0.753333 0.008377 0.066667
1 0.275393 0.153333 0.008377 0.066667
20 0.392670 0.513333 0.016754 0.066667
8 0.392670 0.393333 0.008377 0.066667
2 0.392670 0.273333 0.008377 0.066667
15 0.509948 0.153333 0.016754 0.066667
21 0.509948 0.753333 0.016754 0.066667
17 0.509948 0.273333 0.016754 0.066667
11 0.627225 0.153333 0.016754 0.066667
0 0.627225 0.273333 0.008377 0.066667
2 0.627225 0.633333 0.008377 0.066667
5 0.627225 0.753333 0.008377 0.066667
1 0.744503 0.393333 0.008377 0.066667
0 0.744503 0.273333 0.008377 0.066667
0 0.744503 0.513333 0.008377 0.066667
13 0.861780 0.513333 0.016754 0.066667
16 0.861780 0.393333 0.016754 0.066667