2 0.149341 0.153333 0.011713 0.066667
7 0.149341 0.273333 0.011713 0.066667
10 0.149341 0.393333 0.023426 0.066667
5 0.240117 0.273333 0.011713 0.066667
5 0.240117 0.393333 0.011713 0.066667
20 0.240117 0.633333 0.023426 0.066667
28 0.330893 0.513333 0.035139 0.066667
8 0.330893 0.633333 0.011713 0.066667
1 0.423133 0.153333 0.011713 0.066667
22 0.423133 0.633333 0.023426 0.066667
1 0.513909 0.153333 0.011713 0.066667
4 0.513909 0.753333 0.011713 0.066667
3 0.513909 0.513333 0.011713 0.066667
15 0.604685 0.153333 0.023426 0.066667
28 0.604685 0.753333 0.035139 0.066667
2 0.696925 0.273333 0.011713 0.066667
5 0.696925 0.753333 0.011713 0.066667
4 0.787701 0.153333 0.011713 0.066667
12 0.787701 0.393333 0.023426 0.066667
22 0.878477 0.273333 0.023426 0.066667
6 0.878477 0.753333 0.011713 0.066667
24 0.878477 0.513333 0.023426 0.066667