12 0.133916 0.153333 0.023290 0.066667
19 0.209607 0.753333 0.023290 0.066667
2 0.209607 0.513333 0.011645 0.066667
3 0.209607 0.393333 0.011645 0.066667
1 0.285298 0.513333 0.011645 0.066667
10 0.285298 0.273333 0.023290 0.066667
6 0.285298 0.633333 0.011645 0.066667
8 0.362445 0.753333 0.011645 0.066667
1 0.362445 0.273333 0.011645 0.066667
20 0.438137 0.393333 0.023290 0.066667
23 0.438137 0.153333 0.023290 0.066667
9 0.438137 0.273333 0.011645 0.066667
6 0.513828 0.273333 0.011645 0.066667
1 0.589520 0.393333 0.011645 0.066667
22 0.589520 0.513333 0.023290 0.066667
1 0.666667 0.273333 0.011645 0.066667
8 0.666667 0.153333 0.011645 0.066667
14 0.666667 0.393333 0.023290 0.066667
8 0.742358 0.513333 0.011645 0.066667
5 0.742358 0.273333 0.011645 0.066667
7 0.742358 0.633333 0.011645 0.066667
1 0.742358 0.753333 0.011645 0.066667
3 0.818049 0.273333 0.011645 0.066667
1 0.893741 0.513333 0.011645 0.066667