5 0.186782 0.753333 0.011494 0.066667
8 0.186782 0.393333 0.011494 0.066667
6 0.186782 0.513333 0.011494 0.066667
6 0.186782 0.153333 0.011494 0.066667
4 0.317529 0.393333 0.011494 0.066667
1 0.317529 0.633333 0.011494 0.066667
6 0.448276 0.273333 0.011494 0.066667
1 0.448276 0.393333 0.011494 0.066667
3 0.448276 0.753333 0.011494 0.066667
16 0.579023 0.633333 0.022989 0.066667
11 0.579023 0.753333 0.022989 0.066667
3 0.709770 0.513333 0.011494 0.066667
4 0.840517 0.513333 0.011494 0.066667
18 0.840517 0.633333 0.022989 0.066667
2 0.840517 0.153333 0.011494 0.066667
19 0.840517 0.273333 0.022989 0.066667