27 0.120025 0.753333 0.008706 0.053333
28 0.120647 0.393333 0.029851 0.066667
1 0.191542 0.513333 0.009950 0.066667
22 0.191542 0.753333 0.019900 0.066667
5 0.262438 0.393333 0.009950 0.066667
0 0.333333 0.633333 0.009950 0.066667
2 0.333333 0.153333 0.009950 0.066667
2 0.405473 0.753333 0.009950 0.066667
22 0.476368 0.633333 0.019900 0.066667
7 0.476368 0.153333 0.009950 0.066667
1 0.547264 0.273333 0.009950 0.066667
2 0.618159 0.633333 0.009950 0.066667
0 0.690299 0.753333 0.009950 0.066667
8 0.690299 0.513333 0.009950 0.066667
0 0.690299 0.393333 0.009950 0.066667
0 0.761194 0.393333 0.009950 0.066667
0 0.761194 0.753333 0.009950 0.066667
1 0.832090 0.513333 0.009950 0.066667
27 0.832711 0.393333 0.008706 0.053333
3 0.832090 0.753333 0.009950 0.066667
13 0.902985 0.513333 0.019900 0.066667
2 0.902985 0.153333 0.009950 0.066667
11 0.902985 0.273333 0.019900 0.066667