1 0.158436 0.753333 0.008230 0.066667
1 0.275720 0.393333 0.008230 0.066667
4 0.275720 0.633333 0.008230 0.066667
4 0.275720 0.753333 0.008230 0.066667
11 0.393004 0.393333 0.016461 0.066667
1 0.510288 0.393333 0.008230 0.066667
11 0.510288 0.153333 0.016461 0.066667
2 0.627572 0.513333 0.008230 0.066667
0 0.627572 0.393333 0.008230 0.066667
3 0.744856 0.753333 0.008230 0.066667
4 0.744856 0.633333 0.008230 0.066667
2 0.862140 0.273333 0.008230 0.066667
11 0.862140 0.753333 0.016461 0.066667
0 0.862140 0.513333 0.008230 0.066667