17 0.119048 0.633333 0.016563 0.066667
15 0.119048 0.273333 0.016563 0.066667
0 0.197723 0.753333 0.008282 0.066667
0 0.197723 0.153333 0.008282 0.066667
8 0.275362 0.393333 0.008282 0.066667
7 0.275362 0.633333 0.008282 0.066667
2 0.275362 0.513333 0.008282 0.066667
8 0.275362 0.753333 0.008282 0.066667
21 0.354037 0.633333 0.016563 0.066667
1 0.431677 0.393333 0.008282 0.066667
15 0.510352 0.153333 0.016563 0.066667
10 0.587992 0.633333 0.016563 0.066667
0 0.587992 0.153333 0.008282 0.066667
20 0.666667 0.153333 0.016563 0.066667
3 0.666667 0.393333 0.008282 0.066667
18 0.744306 0.153333 0.016563 0.066667
2 0.744306 0.393333 0.008282 0.066667
11 0.744306 0.633333 0.016563 0.066667
0 0.744306 0.273333 0.008282 0.066667
0 0.822981 0.273333 0.008282 0.066667
8 0.822981 0.633333 0.008282 0.066667
4 0.900621 0.513333 0.008282 0.066667
23 0.900621 0.153333 0.016563 0.066667
0 0.900621 0.273333 0.008282 0.066667