10 0.142012 0.393333 0.023669 0.066667
2 0.142012 0.153333 0.011834 0.066667
13 0.142012 0.633333 0.023669 0.066667
21 0.142012 0.753333 0.023669 0.066667
6 0.224852 0.513333 0.011834 0.066667
16 0.224852 0.633333 0.023669 0.066667
4 0.224852 0.393333 0.011834 0.066667
6 0.307692 0.153333 0.011834 0.066667
2 0.307692 0.633333 0.011834 0.066667
23 0.307692 0.513333 0.023669 0.066667
24 0.307692 0.393333 0.023669 0.066667
2 0.390533 0.393333 0.011834 0.066667
6 0.390533 0.633333 0.011834 0.066667
0 0.390533 0.273333 0.011834 0.066667
7 0.473373 0.393333 0.011834 0.066667
6 0.473373 0.153333 0.011834 0.066667
0 0.473373 0.753333 0.011834 0.066667
5 0.556213 0.273333 0.011834 0.066667
5 0.639053 0.513333 0.011834 0.066667
2 0.639053 0.633333 0.011834 0.066667
0 0.639053 0.753333 0.011834 0.066667
13 0.721893 0.633333 0.023669 0.066667
3 0.721893 0.273333 0.011834 0.066667
2 0.721893 0.513333 0.011834 0.066667
2 0.804734 0.393333 0.011834 0.066667
23 0.804734 0.273333 0.023669 0.066667
8 0.804734 0.153333 0.011834 0.066667
5 0.804734 0.633333 0.011834 0.066667
16 0.887574 0.513333 0.023669 0.066667
4 0.887574 0.633333 0.011834 0.066667