0 0.171303 0.513333 0.011713 0.066667
4 0.171303 0.393333 0.011713 0.066667
27 0.286237 0.513333 0.010249 0.053333
3 0.285505 0.273333 0.011713 0.066667
2 0.399707 0.273333 0.011713 0.066667
2 0.513909 0.153333 0.011713 0.066667
6 0.513909 0.393333 0.011713 0.066667
3 0.513909 0.753333 0.011713 0.066667
3 0.628111 0.513333 0.011713 0.066667
13 0.628111 0.753333 0.023426 0.066667
8 0.742313 0.753333 0.011713 0.066667
24 0.742313 0.273333 0.023426 0.066667
0 0.856515 0.393333 0.011713 0.066667
5 0.856515 0.633333 0.011713 0.066667