28 0.161742 0.393333 0.049767 0.066667
5 0.161742 0.153333 0.012442 0.066667
4 0.161742 0.633333 0.012442 0.066667
9 0.262830 0.753333 0.012442 0.066667
3 0.262830 0.153333 0.012442 0.066667
8 0.363919 0.393333 0.012442 0.066667
8 0.465008 0.153333 0.012442 0.066667
1 0.564541 0.513333 0.012442 0.066667
11 0.564541 0.633333 0.024883 0.066667
6 0.665630 0.753333 0.012442 0.066667
5 0.766719 0.153333 0.012442 0.066667
12 0.766719 0.393333 0.024883 0.066667
9 0.766719 0.633333 0.012442 0.066667
23 0.867807 0.513333 0.024883 0.066667
24 0.867807 0.753333 0.024883 0.066667