19 0.136463 0.513333 0.017467 0.066667
0 0.136463 0.753333 0.008734 0.066667
13 0.230349 0.513333 0.017467 0.066667
4 0.323144 0.273333 0.008734 0.066667
27 0.323690 0.393333 0.007642 0.053333
5 0.323144 0.513333 0.008734 0.066667
15 0.417031 0.633333 0.017467 0.066667
6 0.417031 0.273333 0.008734 0.066667
7 0.417031 0.393333 0.008734 0.066667
14 0.510917 0.273333 0.017467 0.066667
0 0.603712 0.513333 0.008734 0.066667
0 0.603712 0.633333 0.008734 0.066667
0 0.603712 0.393333 0.008734 0.066667
8 0.697598 0.393333 0.008734 0.066667
3 0.697598 0.753333 0.008734 0.066667
3 0.790393 0.513333 0.008734 0.066667
14 0.790393 0.753333 0.017467 0.066667
3 0.884279 0.393333 0.008734 0.066667