5 0.129573 0.513333 0.012195 0.066667
1 0.129573 0.153333 0.012195 0.066667
0 0.199695 0.393333 0.012195 0.066667
0 0.199695 0.513333 0.012195 0.066667
12 0.269817 0.513333 0.024390 0.066667
4 0.269817 0.153333 0.012195 0.066667
0 0.339939 0.273333 0.012195 0.066667
11 0.339939 0.633333 0.024390 0.066667
8 0.339939 0.753333 0.012195 0.066667
10 0.410061 0.273333 0.024390 0.066667
5 0.410061 0.513333 0.012195 0.066667
27 0.479421 0.753333 0.010671 0.053333
23 0.548780 0.513333 0.024390 0.066667
19 0.548780 0.153333 0.024390 0.066667
11 0.548780 0.393333 0.024390 0.066667
20 0.618902 0.393333 0.024390 0.066667
19 0.689024 0.633333 0.024390 0.066667
11 0.689024 0.513333 0.024390 0.066667
21 0.689024 0.273333 0.024390 0.066667
23 0.759146 0.273333 0.024390 0.066667
3 0.759146 0.513333 0.012195 0.066667
2 0.829268 0.513333 0.012195 0.066667
11 0.899390 0.513333 0.024390 0.066667
0 0.899390 0.273333 0.012195 0.066667
3 0.899390 0.633333 0.012195 0.066667
17 0.899390 0.753333 0.024390 0.066667