18 0.142643 0.393333 0.024024 0.066667
1 0.142643 0.153333 0.012012 0.066667
1 0.142643 0.273333 0.012012 0.066667
5 0.225225 0.513333 0.012012 0.066667
8 0.307808 0.753333 0.012012 0.066667
16 0.307808 0.633333 0.024024 0.066667
6 0.307808 0.153333 0.012012 0.066667
17 0.307808 0.393333 0.024024 0.066667
9 0.390390 0.513333 0.012012 0.066667
18 0.472973 0.153333 0.024024 0.066667
1 0.472973 0.273333 0.012012 0.066667
12 0.555556 0.753333 0.024024 0.066667
17 0.555556 0.393333 0.024024 0.066667
0 0.638138 0.273333 0.012012 0.066667
11 0.638138 0.513333 0.024024 0.066667
5 0.638138 0.393333 0.012012 0.066667
5 0.720721 0.273333 0.012012 0.066667
0 0.720721 0.153333 0.012012 0.066667
14 0.720721 0.393333 0.024024 0.066667
13 0.803303 0.153333 0.024024 0.066667
9 0.803303 0.393333 0.012012 0.066667
20 0.803303 0.753333 0.024024 0.066667
27 0.804054 0.273333 0.010511 0.053333
0 0.885886 0.633333 0.012012 0.066667
2 0.885886 0.753333 0.012012 0.066667