22 0.131455 0.513333 0.018779 0.066667
4 0.215962 0.513333 0.009390 0.066667
28 0.215962 0.633333 0.028169 0.066667
14 0.215962 0.273333 0.018779 0.066667
5 0.215962 0.393333 0.009390 0.066667
13 0.300469 0.753333 0.018779 0.066667
0 0.300469 0.513333 0.009390 0.066667
4 0.300469 0.633333 0.009390 0.066667
0 0.300469 0.393333 0.009390 0.066667
11 0.384977 0.273333 0.018779 0.066667
12 0.384977 0.393333 0.018779 0.066667
0 0.469484 0.633333 0.009390 0.066667
28 0.469484 0.753333 0.028169 0.066667
6 0.553991 0.393333 0.009390 0.066667
4 0.553991 0.273333 0.009390 0.066667
7 0.553991 0.153333 0.009390 0.066667
3 0.638498 0.633333 0.009390 0.066667
13 0.638498 0.273333 0.018779 0.066667
0 0.723005 0.513333 0.009390 0.066667
4 0.723005 0.153333 0.009390 0.066667
4 0.723005 0.633333 0.009390 0.066667
1 0.807512 0.153333 0.009390 0.066667
5 0.807512 0.393333 0.009390 0.066667
6 0.892019 0.753333 0.009390 0.066667
3 0.892019 0.513333 0.009390 0.066667
18 0.892019 0.273333 0.018779 0.066667
2 0.892019 0.393333 0.009390 0.066667