19 0.134111 0.633333 0.023324 0.066667
2 0.209913 0.153333 0.011662 0.066667
10 0.209913 0.273333 0.023324 0.066667
5 0.209913 0.393333 0.011662 0.066667
23 0.285714 0.153333 0.023324 0.066667
1 0.285714 0.273333 0.011662 0.066667
27 0.362245 0.513333 0.010204 0.053333
2 0.361516 0.273333 0.011662 0.066667
12 0.437318 0.273333 0.023324 0.066667
21 0.437318 0.633333 0.023324 0.066667
11 0.437318 0.153333 0.023324 0.066667
0 0.514577 0.633333 0.011662 0.066667
0 0.590379 0.513333 0.011662 0.066667
18 0.590379 0.633333 0.023324 0.066667
2 0.590379 0.753333 0.011662 0.066667
20 0.666181 0.393333 0.023324 0.066667
18 0.666181 0.633333 0.023324 0.066667
0 0.666181 0.153333 0.011662 0.066667
1 0.741983 0.633333 0.011662 0.066667
3 0.741983 0.153333 0.011662 0.066667
1 0.817784 0.153333 0.011662 0.066667
16 0.893586 0.153333 0.023324 0.066667