8 0.146207 0.273333 0.011034 0.066667
17 0.146207 0.513333 0.022069 0.066667
4 0.238621 0.633333 0.011034 0.066667
3 0.238621 0.513333 0.011034 0.066667
3 0.329655 0.153333 0.011034 0.066667
0 0.422069 0.513333 0.011034 0.066667
4 0.422069 0.753333 0.011034 0.066667
14 0.513103 0.513333 0.022069 0.066667
11 0.513103 0.273333 0.022069 0.066667
1 0.605517 0.753333 0.011034 0.066667
5 0.605517 0.393333 0.011034 0.066667
1 0.696552 0.633333 0.011034 0.066667
5 0.696552 0.273333 0.011034 0.066667
5 0.788966 0.273333 0.011034 0.066667
1 0.788966 0.393333 0.011034 0.066667
4 0.880000 0.273333 0.011034 0.066667