2 0.145380 0.393333 0.010870 0.066667
6 0.145380 0.513333 0.010870 0.066667
3 0.145380 0.633333 0.010870 0.066667
13 0.237772 0.513333 0.021739 0.066667
3 0.328804 0.153333 0.010870 0.066667
9 0.328804 0.633333 0.010870 0.066667
11 0.328804 0.393333 0.021739 0.066667
4 0.328804 0.273333 0.010870 0.066667
28 0.421196 0.153333 0.032609 0.066667
4 0.513587 0.153333 0.010870 0.066667
10 0.513587 0.273333 0.021739 0.066667
0 0.604620 0.273333 0.010870 0.066667
3 0.604620 0.633333 0.010870 0.066667
0 0.697011 0.633333 0.010870 0.066667
12 0.788043 0.393333 0.021739 0.066667
1 0.880435 0.513333 0.010870 0.066667