11 0.142677 0.273333 0.020202 0.066667
12 0.142677 0.753333 0.020202 0.066667
3 0.234848 0.273333 0.010101 0.066667
3 0.234848 0.633333 0.010101 0.066667
6 0.234848 0.153333 0.010101 0.066667
0 0.327020 0.633333 0.010101 0.066667
28 0.419192 0.753333 0.030303 0.066667
5 0.512626 0.153333 0.010101 0.066667
8 0.604798 0.753333 0.010101 0.066667
3 0.604798 0.513333 0.010101 0.066667
3 0.604798 0.633333 0.010101 0.066667
16 0.604798 0.393333 0.020202 0.066667
5 0.696970 0.273333 0.010101 0.066667
3 0.696970 0.153333 0.010101 0.066667
8 0.789141 0.633333 0.010101 0.066667
22 0.789141 0.393333 0.020202 0.066667
2 0.881313 0.273333 0.010101 0.066667
16 0.881313 0.753333 0.020202 0.066667