8 0.153747 0.633333 0.010336 0.066667
11 0.153747 0.393333 0.020672 0.066667
11 0.153747 0.513333 0.020672 0.066667
3 0.153747 0.753333 0.010336 0.066667
2 0.255814 0.513333 0.010336 0.066667
0 0.359173 0.273333 0.010336 0.066667
4 0.359173 0.753333 0.010336 0.066667
2 0.461240 0.153333 0.010336 0.066667
11 0.563307 0.273333 0.020672 0.066667
13 0.563307 0.393333 0.020672 0.066667
15 0.666667 0.633333 0.020672 0.066667
10 0.666667 0.513333 0.020672 0.066667
12 0.666667 0.273333 0.020672 0.066667
1 0.768734 0.393333 0.010336 0.066667
27 0.768088 0.153333 0.009044 0.053333
3 0.870801 0.153333 0.010336 0.066667
1 0.870801 0.753333 0.010336 0.066667
10 0.870801 0.393333 0.020672 0.066667
7 0.870801 0.273333 0.010336 0.066667