3 0.164434 0.753333 0.009744 0.066667
6 0.280146 0.393333 0.009744 0.066667
1 0.280146 0.153333 0.009744 0.066667
16 0.395859 0.513333 0.019488 0.066667
0 0.395859 0.753333 0.009744 0.066667
7 0.395859 0.633333 0.009744 0.066667
2 0.511571 0.633333 0.009744 0.066667
9 0.627284 0.273333 0.009744 0.066667
2 0.627284 0.513333 0.009744 0.066667
3 0.627284 0.633333 0.009744 0.066667
16 0.742996 0.753333 0.019488 0.066667
3 0.742996 0.513333 0.009744 0.066667
1 0.742996 0.153333 0.009744 0.066667
13 0.742996 0.633333 0.019488 0.066667
1 0.858709 0.153333 0.009744 0.066667