1 0.186111 0.513333 0.011111 0.066667
20 0.186111 0.393333 0.022222 0.066667
22 0.186111 0.633333 0.022222 0.066667
2 0.316667 0.273333 0.011111 0.066667
8 0.316667 0.393333 0.011111 0.066667
2 0.447222 0.153333 0.011111 0.066667
27 0.578472 0.753333 0.009722 0.053333
1 0.579167 0.513333 0.011111 0.066667
16 0.709722 0.513333 0.022222 0.066667
0 0.709722 0.273333 0.011111 0.066667
19 0.709722 0.753333 0.022222 0.066667
2 0.709722 0.393333 0.011111 0.066667
0 0.840278 0.153333 0.011111 0.066667
18 0.840278 0.393333 0.022222 0.066667
14 0.840278 0.633333 0.022222 0.066667