3 0.129771 0.393333 0.012214 0.066667
13 0.200000 0.753333 0.024427 0.066667
11 0.200000 0.153333 0.024427 0.066667
10 0.270229 0.273333 0.024427 0.066667
7 0.270229 0.753333 0.012214 0.066667
10 0.270229 0.153333 0.024427 0.066667
2 0.340458 0.393333 0.012214 0.066667
0 0.340458 0.153333 0.012214 0.066667
1 0.409160 0.513333 0.012214 0.066667
0 0.409160 0.153333 0.012214 0.066667
12 0.479389 0.153333 0.024427 0.066667
24 0.549618 0.513333 0.024427 0.066667
14 0.619847 0.513333 0.024427 0.066667
9 0.688550 0.753333 0.012214 0.066667
0 0.688550 0.153333 0.012214 0.066667
0 0.758779 0.753333 0.012214 0.066667
21 0.758779 0.393333 0.024427 0.066667
0 0.758779 0.153333 0.012214 0.066667
17 0.758779 0.633333 0.024427 0.066667
3 0.829008 0.633333 0.012214 0.066667
3 0.829008 0.153333 0.012214 0.066667
11 0.829008 0.273333 0.024427 0.066667
13 0.829008 0.513333 0.024427 0.066667
1 0.899237 0.633333 0.012214 0.066667
15 0.899237 0.513333 0.024427 0.066667
3 0.899237 0.753333 0.012214 0.066667
17 0.899237 0.153333 0.024427 0.066667