3 0.163636 0.513333 0.009697 0.066667
2 0.163636 0.273333 0.009697 0.066667
6 0.163636 0.393333 0.009697 0.066667
0 0.280000 0.393333 0.009697 0.066667
2 0.395152 0.513333 0.009697 0.066667
8 0.511515 0.393333 0.009697 0.066667
0 0.627879 0.393333 0.009697 0.066667
3 0.743030 0.513333 0.009697 0.066667
22 0.743030 0.633333 0.019394 0.066667
5 0.743030 0.393333 0.009697 0.066667
0 0.743030 0.153333 0.009697 0.066667
2 0.859394 0.273333 0.009697 0.066667
2 0.859394 0.753333 0.009697 0.066667
9 0.859394 0.153333 0.009697 0.066667