9 0.133226 0.633333 0.012841 0.066667
2 0.133226 0.393333 0.012841 0.066667
2 0.202247 0.153333 0.012841 0.066667
15 0.202247 0.753333 0.025682 0.066667
1 0.271268 0.513333 0.012841 0.066667
28 0.271268 0.633333 0.038523 0.066667
6 0.341894 0.393333 0.012841 0.066667
11 0.410915 0.633333 0.025682 0.066667
10 0.479936 0.513333 0.025682 0.066667
5 0.550562 0.393333 0.012841 0.066667
7 0.619583 0.153333 0.012841 0.066667
7 0.619583 0.393333 0.012841 0.066667
3 0.688604 0.153333 0.012841 0.066667
18 0.759230 0.633333 0.025682 0.066667
0 0.759230 0.513333 0.012841 0.066667
16 0.759230 0.273333 0.025682 0.066667
8 0.759230 0.753333 0.012841 0.066667
10 0.828250 0.753333 0.025682 0.066667
8 0.897271 0.633333 0.012841 0.066667
10 0.897271 0.153333 0.025682 0.066667
0 0.897271 0.513333 0.012841 0.066667
2 0.897271 0.273333 0.012841 0.066667