1 0.130081 0.513333 0.010840 0.066667
21 0.207317 0.153333 0.021680 0.066667
28 0.207317 0.393333 0.032520 0.066667
1 0.283198 0.753333 0.010840 0.066667
3 0.283198 0.153333 0.010840 0.066667
3 0.283198 0.273333 0.010840 0.066667
1 0.283198 0.393333 0.010840 0.066667
1 0.360434 0.513333 0.010840 0.066667
0 0.360434 0.153333 0.010840 0.066667
9 0.360434 0.273333 0.010840 0.066667
3 0.436314 0.273333 0.010840 0.066667
7 0.436314 0.513333 0.010840 0.066667
0 0.436314 0.633333 0.010840 0.066667
23 0.436314 0.393333 0.021680 0.066667
13 0.513550 0.633333 0.021680 0.066667
9 0.513550 0.273333 0.010840 0.066667
17 0.513550 0.153333 0.021680 0.066667
12 0.589431 0.513333 0.021680 0.066667
9 0.589431 0.393333 0.010840 0.066667
28 0.589431 0.153333 0.032520 0.066667
24 0.666667 0.633333 0.021680 0.066667
0 0.666667 0.273333 0.010840 0.066667
1 0.666667 0.753333 0.010840 0.066667
27 0.743225 0.753333 0.009485 0.053333
4 0.819783 0.633333 0.010840 0.066667
2 0.819783 0.513333 0.010840 0.066667
4 0.819783 0.153333 0.010840 0.066667
0 0.895664 0.153333 0.010840 0.066667
0 0.895664 0.513333 0.010840 0.066667