7 0.133429 0.153333 0.011478 0.066667
19 0.133429 0.633333 0.022956 0.066667
6 0.209469 0.393333 0.011478 0.066667
3 0.209469 0.153333 0.011478 0.066667
5 0.285509 0.273333 0.011478 0.066667
12 0.361549 0.513333 0.022956 0.066667
1 0.361549 0.633333 0.011478 0.066667
15 0.361549 0.273333 0.022956 0.066667
0 0.361549 0.153333 0.011478 0.066667
11 0.437590 0.393333 0.022956 0.066667
7 0.437590 0.513333 0.011478 0.066667
2 0.513630 0.753333 0.011478 0.066667
11 0.589670 0.513333 0.022956 0.066667
3 0.665710 0.513333 0.011478 0.066667
4 0.665710 0.273333 0.011478 0.066667
1 0.665710 0.153333 0.011478 0.066667
3 0.665710 0.753333 0.011478 0.066667
4 0.741750 0.513333 0.011478 0.066667
21 0.741750 0.393333 0.022956 0.066667
28 0.817791 0.393333 0.034433 0.066667
4 0.817791 0.513333 0.011478 0.066667
3 0.893831 0.513333 0.011478 0.066667
3 0.893831 0.273333 0.011478 0.066667
2 0.893831 0.753333 0.011478 0.066667