28 0.118802 0.393333 0.024793 0.066667
14 0.197314 0.513333 0.016529 0.066667
0 0.197314 0.753333 0.008264 0.066667
2 0.275826 0.273333 0.008264 0.066667
5 0.275826 0.393333 0.008264 0.066667
15 0.353306 0.753333 0.016529 0.066667
22 0.353306 0.633333 0.016529 0.066667
9 0.431818 0.393333 0.008264 0.066667
11 0.431818 0.753333 0.016529 0.066667
1 0.510331 0.153333 0.008264 0.066667
13 0.510331 0.753333 0.016529 0.066667
8 0.510331 0.513333 0.008264 0.066667
4 0.510331 0.393333 0.008264 0.066667
13 0.587810 0.633333 0.016529 0.066667
1 0.587810 0.513333 0.008264 0.066667
2 0.587810 0.393333 0.008264 0.066667
10 0.666322 0.633333 0.016529 0.066667
5 0.744835 0.753333 0.008264 0.066667
1 0.744835 0.633333 0.008264 0.066667
7 0.744835 0.513333 0.008264 0.066667
0 0.822314 0.153333 0.008264 0.066667
11 0.822314 0.513333 0.016529 0.066667
3 0.822314 0.273333 0.008264 0.066667
10 0.900826 0.393333 0.016529 0.066667