0 0.156406 0.393333 0.013311 0.066667
1 0.156406 0.273333 0.013311 0.066667
0 0.246256 0.633333 0.013311 0.066667
0 0.246256 0.153333 0.013311 0.066667
13 0.246256 0.753333 0.026622 0.066667
11 0.246256 0.273333 0.026622 0.066667
6 0.336106 0.753333 0.013311 0.066667
2 0.336106 0.153333 0.013311 0.066667
3 0.336106 0.273333 0.013311 0.066667
9 0.336106 0.513333 0.013311 0.066667
9 0.425957 0.633333 0.013311 0.066667
13 0.515807 0.513333 0.026622 0.066667
0 0.605657 0.633333 0.013311 0.066667
14 0.605657 0.273333 0.026622 0.066667
0 0.695507 0.153333 0.013311 0.066667
0 0.695507 0.513333 0.013311 0.066667
0 0.695507 0.393333 0.013311 0.066667
3 0.785358 0.753333 0.013311 0.066667
0 0.785358 0.153333 0.013311 0.066667
10 0.875208 0.393333 0.026622 0.066667
3 0.875208 0.153333 0.013311 0.066667
2 0.875208 0.513333 0.013311 0.066667