23 0.134159 0.393333 0.016512 0.066667
24 0.228070 0.753333 0.016512 0.066667
3 0.228070 0.633333 0.008256 0.066667
9 0.228070 0.153333 0.008256 0.066667
3 0.321981 0.513333 0.008256 0.066667
13 0.321981 0.753333 0.016512 0.066667
7 0.415893 0.393333 0.008256 0.066667
2 0.509804 0.753333 0.008256 0.066667
5 0.509804 0.153333 0.008256 0.066667
5 0.509804 0.273333 0.008256 0.066667
1 0.603715 0.633333 0.008256 0.066667
9 0.603715 0.273333 0.008256 0.066667
9 0.603715 0.753333 0.008256 0.066667
1 0.697626 0.513333 0.008256 0.066667
5 0.791538 0.513333 0.008256 0.066667
9 0.791538 0.153333 0.008256 0.066667
1 0.885449 0.273333 0.008256 0.066667