4 0.134426 0.273333 0.013115 0.066667
1 0.203279 0.513333 0.013115 0.066667
3 0.272131 0.393333 0.013115 0.066667
0 0.342623 0.513333 0.013115 0.066667
2 0.342623 0.753333 0.013115 0.066667
28 0.342623 0.393333 0.052459 0.066667
0 0.342623 0.153333 0.013115 0.066667
21 0.411475 0.153333 0.026230 0.066667
0 0.411475 0.753333 0.013115 0.066667
0 0.480328 0.753333 0.013115 0.066667
8 0.480328 0.513333 0.013115 0.066667
7 0.480328 0.393333 0.013115 0.066667
19 0.550820 0.273333 0.026230 0.066667
7 0.550820 0.513333 0.013115 0.066667
11 0.550820 0.633333 0.026230 0.066667
5 0.619672 0.153333 0.013115 0.066667
1 0.619672 0.633333 0.013115 0.066667
2 0.688525 0.273333 0.013115 0.066667
27 0.689344 0.633333 0.011475 0.053333
18 0.688525 0.153333 0.026230 0.066667
12 0.759016 0.513333 0.026230 0.066667
20 0.759016 0.273333 0.026230 0.066667
3 0.759016 0.753333 0.013115 0.066667
28 0.827869 0.753333 0.039344 0.066667
3 0.827869 0.153333 0.013115 0.066667
2 0.896721 0.513333 0.013115 0.066667
1 0.896721 0.753333 0.013115 0.066667