11 0.121759 0.273333 0.018038 0.066667
3 0.121759 0.513333 0.009019 0.066667
7 0.121759 0.753333 0.009019 0.066667
6 0.199549 0.513333 0.009019 0.066667
3 0.199549 0.633333 0.009019 0.066667
1 0.199549 0.753333 0.009019 0.066667
23 0.277339 0.393333 0.018038 0.066667
0 0.355130 0.633333 0.009019 0.066667
0 0.432920 0.513333 0.009019 0.066667
9 0.510710 0.153333 0.009019 0.066667
1 0.510710 0.753333 0.009019 0.066667
6 0.510710 0.273333 0.009019 0.066667
0 0.588501 0.393333 0.009019 0.066667
28 0.588501 0.633333 0.027057 0.066667
1 0.588501 0.513333 0.009019 0.066667
15 0.588501 0.153333 0.018038 0.066667
17 0.666291 0.513333 0.018038 0.066667
8 0.744081 0.153333 0.009019 0.066667
4 0.744081 0.513333 0.009019 0.066667
0 0.744081 0.273333 0.009019 0.066667
3 0.821871 0.513333 0.009019 0.066667
16 0.821871 0.633333 0.018038 0.066667
3 0.821871 0.273333 0.009019 0.066667
21 0.899662 0.753333 0.018038 0.066667
4 0.899662 0.513333 0.009019 0.066667
8 0.899662 0.153333 0.009019 0.066667
0 0.899662 0.393333 0.009019 0.066667