11 0.144615 0.273333 0.016410 0.066667
20 0.249231 0.753333 0.016410 0.066667
15 0.249231 0.513333 0.016410 0.066667
27 0.353333 0.513333 0.007179 0.053333
3 0.353846 0.153333 0.008205 0.066667
13 0.457436 0.513333 0.016410 0.066667
20 0.457436 0.633333 0.016410 0.066667
5 0.457436 0.153333 0.008205 0.066667
15 0.457436 0.393333 0.016410 0.066667
0 0.562051 0.273333 0.008205 0.066667
20 0.666667 0.633333 0.016410 0.066667
3 0.770256 0.393333 0.008205 0.066667
6 0.874872 0.753333 0.008205 0.066667
5 0.874872 0.153333 0.008205 0.066667