0 0.134868 0.393333 0.013158 0.066667
0 0.134868 0.633333 0.013158 0.066667
5 0.203947 0.633333 0.013158 0.066667
10 0.203947 0.393333 0.026316 0.066667
9 0.273026 0.153333 0.013158 0.066667
6 0.342105 0.633333 0.013158 0.066667
7 0.411184 0.393333 0.013158 0.066667
6 0.411184 0.153333 0.013158 0.066667
11 0.411184 0.513333 0.026316 0.066667
21 0.411184 0.753333 0.026316 0.066667
12 0.480263 0.633333 0.026316 0.066667
4 0.480263 0.753333 0.013158 0.066667
4 0.480263 0.273333 0.013158 0.066667
1 0.550987 0.753333 0.013158 0.066667
1 0.620066 0.753333 0.013158 0.066667
4 0.620066 0.393333 0.013158 0.066667
2 0.689145 0.753333 0.013158 0.066667
0 0.689145 0.153333 0.013158 0.066667
8 0.689145 0.273333 0.013158 0.066667
2 0.758224 0.153333 0.013158 0.066667
5 0.758224 0.273333 0.013158 0.066667
12 0.758224 0.513333 0.026316 0.066667
2 0.827303 0.393333 0.013158 0.066667
0 0.827303 0.153333 0.013158 0.066667
20 0.896382 0.753333 0.026316 0.066667