12 0.163814 0.633333 0.019560 0.066667
11 0.163814 0.753333 0.019560 0.066667
0 0.279951 0.513333 0.009780 0.066667
28 0.279951 0.633333 0.029340 0.066667
9 0.279951 0.273333 0.009780 0.066667
18 0.396088 0.273333 0.019560 0.066667
3 0.396088 0.753333 0.009780 0.066667
4 0.512225 0.753333 0.009780 0.066667
7 0.512225 0.153333 0.009780 0.066667
2 0.512225 0.633333 0.009780 0.066667
8 0.512225 0.393333 0.009780 0.066667
7 0.627139 0.153333 0.009780 0.066667
3 0.743276 0.633333 0.009780 0.066667
18 0.859413 0.273333 0.019560 0.066667
1 0.859413 0.753333 0.009780 0.066667
5 0.859413 0.393333 0.009780 0.066667
8 0.859413 0.513333 0.009780 0.066667