28 0.150000 0.633333 0.028571 0.066667
23 0.150000 0.153333 0.019048 0.066667
3 0.150000 0.753333 0.009524 0.066667
8 0.150000 0.393333 0.009524 0.066667
28 0.253571 0.513333 0.038095 0.066667
5 0.357143 0.753333 0.009524 0.066667
10 0.357143 0.393333 0.019048 0.066667
18 0.459524 0.393333 0.019048 0.066667
19 0.459524 0.513333 0.019048 0.066667
11 0.563095 0.393333 0.019048 0.066667
2 0.563095 0.273333 0.009524 0.066667
12 0.666667 0.633333 0.019048 0.066667
12 0.666667 0.273333 0.019048 0.066667
4 0.769048 0.273333 0.009524 0.066667
4 0.769048 0.513333 0.009524 0.066667
7 0.769048 0.633333 0.009524 0.066667
11 0.872619 0.273333 0.019048 0.066667
12 0.872619 0.153333 0.019048 0.066667