2 0.154605 0.393333 0.013158 0.066667
28 0.154605 0.633333 0.039474 0.066667
1 0.245066 0.393333 0.013158 0.066667
28 0.245066 0.153333 0.039474 0.066667
13 0.335526 0.753333 0.026316 0.066667
24 0.335526 0.393333 0.026316 0.066667
8 0.335526 0.513333 0.013158 0.066667
10 0.425987 0.273333 0.026316 0.066667
0 0.425987 0.153333 0.013158 0.066667
4 0.425987 0.513333 0.013158 0.066667
9 0.425987 0.753333 0.013158 0.066667
4 0.516447 0.513333 0.013158 0.066667
8 0.605263 0.513333 0.013158 0.066667
0 0.605263 0.393333 0.013158 0.066667
0 0.605263 0.633333 0.013158 0.066667
9 0.695724 0.633333 0.013158 0.066667
9 0.786184 0.153333 0.013158 0.066667
0 0.876645 0.513333 0.013158 0.066667
2 0.876645 0.273333 0.013158 0.066667
3 0.876645 0.633333 0.013158 0.066667