28 0.130316 0.153333 0.032922 0.066667
18 0.207133 0.273333 0.021948 0.066667
0 0.283951 0.273333 0.010974 0.066667
28 0.283951 0.513333 0.043896 0.066667
2 0.283951 0.153333 0.010974 0.066667
21 0.283951 0.633333 0.021948 0.066667
0 0.360768 0.393333 0.010974 0.066667
2 0.360768 0.633333 0.010974 0.066667
9 0.436214 0.393333 0.010974 0.066667
20 0.513032 0.753333 0.021948 0.066667
3 0.513032 0.153333 0.010974 0.066667
4 0.589849 0.393333 0.010974 0.066667
2 0.589849 0.153333 0.010974 0.066667
12 0.589849 0.273333 0.021948 0.066667
5 0.666667 0.513333 0.010974 0.066667
7 0.666667 0.753333 0.010974 0.066667
8 0.742112 0.273333 0.010974 0.066667
7 0.742112 0.633333 0.010974 0.066667
4 0.818930 0.273333 0.010974 0.066667
4 0.818930 0.633333 0.010974 0.066667
15 0.895748 0.273333 0.021948 0.066667
16 0.895748 0.153333 0.021948 0.066667
20 0.895748 0.513333 0.021948 0.066667