12 0.123832 0.153333 0.018692 0.066667
2 0.123832 0.513333 0.009346 0.066667
4 0.123832 0.393333 0.009346 0.066667
9 0.200935 0.633333 0.009346 0.066667
7 0.200935 0.753333 0.009346 0.066667
21 0.279206 0.153333 0.018692 0.066667
11 0.279206 0.753333 0.018692 0.066667
1 0.279206 0.393333 0.009346 0.066667
1 0.356308 0.393333 0.009346 0.066667
23 0.356308 0.753333 0.018692 0.066667
0 0.433411 0.393333 0.009346 0.066667
10 0.433411 0.153333 0.018692 0.066667
14 0.511682 0.513333 0.018692 0.066667
5 0.511682 0.153333 0.009346 0.066667
0 0.588785 0.633333 0.009346 0.066667
12 0.588785 0.153333 0.018692 0.066667
6 0.665888 0.273333 0.009346 0.066667
0 0.744159 0.513333 0.009346 0.066667
18 0.744159 0.393333 0.018692 0.066667
20 0.744159 0.153333 0.018692 0.066667
0 0.821262 0.393333 0.009346 0.066667
11 0.821262 0.273333 0.018692 0.066667
7 0.821262 0.753333 0.009346 0.066667
17 0.898364 0.153333 0.018692 0.066667
2 0.898364 0.393333 0.009346 0.066667