4 0.128319 0.753333 0.011799 0.066667
1 0.128319 0.513333 0.011799 0.066667
6 0.199115 0.153333 0.011799 0.066667
23 0.199115 0.633333 0.023599 0.066667
3 0.199115 0.513333 0.011799 0.066667
2 0.268437 0.633333 0.011799 0.066667
0 0.268437 0.153333 0.011799 0.066667
5 0.339233 0.153333 0.011799 0.066667
28 0.408555 0.513333 0.035398 0.066667
10 0.479351 0.633333 0.023599 0.066667
17 0.479351 0.753333 0.023599 0.066667
3 0.548673 0.753333 0.011799 0.066667
5 0.548673 0.633333 0.011799 0.066667
7 0.548673 0.153333 0.011799 0.066667
18 0.619469 0.273333 0.023599 0.066667
11 0.619469 0.753333 0.023599 0.066667
0 0.688791 0.153333 0.011799 0.066667
24 0.759587 0.273333 0.023599 0.066667
18 0.828909 0.153333 0.023599 0.066667
4 0.899705 0.513333 0.011799 0.066667
6 0.899705 0.153333 0.011799 0.066667
9 0.899705 0.633333 0.011799 0.066667
1 0.899705 0.393333 0.011799 0.066667