5 0.128430 0.633333 0.008782 0.066667
3 0.128430 0.273333 0.008782 0.066667
12 0.212953 0.393333 0.017563 0.066667
2 0.212953 0.153333 0.008782 0.066667
6 0.212953 0.633333 0.008782 0.066667
1 0.298573 0.393333 0.008782 0.066667
1 0.298573 0.153333 0.008782 0.066667
7 0.383095 0.153333 0.008782 0.066667
23 0.383095 0.633333 0.017563 0.066667
27 0.468167 0.273333 0.007684 0.053333
0 0.553238 0.273333 0.008782 0.066667
12 0.553238 0.393333 0.017563 0.066667
0 0.553238 0.633333 0.008782 0.066667
2 0.553238 0.513333 0.008782 0.066667
4 0.637761 0.153333 0.008782 0.066667
27 0.638310 0.513333 0.007684 0.053333
0 0.637761 0.633333 0.008782 0.066667
12 0.722283 0.513333 0.017563 0.066667
0 0.722283 0.633333 0.008782 0.066667
0 0.722283 0.393333 0.008782 0.066667
0 0.807903 0.153333 0.008782 0.066667
1 0.807903 0.393333 0.008782 0.066667
23 0.892426 0.273333 0.017563 0.066667