5 0.123007 0.633333 0.009112 0.066667
3 0.123007 0.513333 0.009112 0.066667
23 0.200456 0.513333 0.018223 0.066667
0 0.200456 0.753333 0.009112 0.066667
7 0.200456 0.273333 0.009112 0.066667
12 0.277904 0.153333 0.018223 0.066667
1 0.277904 0.633333 0.009112 0.066667
8 0.277904 0.513333 0.009112 0.066667
0 0.277904 0.393333 0.009112 0.066667
27 0.355923 0.753333 0.007973 0.053333
15 0.355353 0.273333 0.018223 0.066667
2 0.432802 0.753333 0.009112 0.066667
12 0.511390 0.513333 0.018223 0.066667
1 0.511390 0.273333 0.009112 0.066667
13 0.511390 0.753333 0.018223 0.066667
8 0.588838 0.393333 0.009112 0.066667
14 0.666287 0.513333 0.018223 0.066667
10 0.666287 0.633333 0.018223 0.066667
5 0.743736 0.753333 0.009112 0.066667
7 0.743736 0.273333 0.009112 0.066667
2 0.743736 0.393333 0.009112 0.066667
2 0.821185 0.513333 0.009112 0.066667
12 0.821185 0.633333 0.018223 0.066667
10 0.898633 0.513333 0.018223 0.066667