0 0.126600 0.633333 0.011380 0.066667
2 0.196302 0.633333 0.011380 0.066667
0 0.267425 0.753333 0.011380 0.066667
0 0.267425 0.633333 0.011380 0.066667
2 0.337127 0.153333 0.011380 0.066667
18 0.337127 0.633333 0.022760 0.066667
27 0.337838 0.753333 0.009957 0.053333
1 0.408250 0.153333 0.011380 0.066667
16 0.408250 0.633333 0.022760 0.066667
9 0.477952 0.513333 0.011380 0.066667
21 0.549075 0.273333 0.022760 0.066667
5 0.618777 0.513333 0.011380 0.066667
4 0.618777 0.273333 0.011380 0.066667
1 0.618777 0.393333 0.011380 0.066667
24 0.689900 0.153333 0.022760 0.066667
9 0.689900 0.753333 0.011380 0.066667
3 0.759602 0.633333 0.011380 0.066667
4 0.759602 0.393333 0.011380 0.066667
9 0.830725 0.633333 0.011380 0.066667
9 0.830725 0.513333 0.011380 0.066667
21 0.830725 0.153333 0.022760 0.066667
10 0.900427 0.153333 0.022760 0.066667
9 0.900427 0.633333 0.011380 0.066667