6 0.145553 0.273333 0.010782 0.066667
14 0.145553 0.393333 0.021563 0.066667
5 0.145553 0.753333 0.010782 0.066667
5 0.237197 0.753333 0.010782 0.066667
2 0.237197 0.273333 0.010782 0.066667
5 0.328841 0.153333 0.010782 0.066667
11 0.328841 0.633333 0.021563 0.066667
2 0.420485 0.153333 0.010782 0.066667
2 0.513477 0.273333 0.010782 0.066667
5 0.513477 0.153333 0.010782 0.066667
12 0.605121 0.153333 0.021563 0.066667
11 0.696765 0.633333 0.021563 0.066667
28 0.696765 0.393333 0.032345 0.066667
5 0.696765 0.153333 0.010782 0.066667
8 0.788410 0.633333 0.010782 0.066667
17 0.788410 0.153333 0.021563 0.066667
11 0.880054 0.753333 0.021563 0.066667
8 0.880054 0.153333 0.010782 0.066667