0 0.136819 0.513333 0.008899 0.066667
28 0.136819 0.153333 0.026696 0.066667
21 0.136819 0.273333 0.017798 0.066667
28 0.230256 0.153333 0.035595 0.066667
1 0.230256 0.273333 0.008899 0.066667
10 0.230256 0.753333 0.017798 0.066667
1 0.323693 0.393333 0.008899 0.066667
14 0.323693 0.633333 0.017798 0.066667
10 0.417130 0.393333 0.017798 0.066667
4 0.417130 0.513333 0.008899 0.066667
3 0.510567 0.153333 0.008899 0.066667
1 0.604004 0.633333 0.008899 0.066667
7 0.604004 0.513333 0.008899 0.066667
1 0.604004 0.153333 0.008899 0.066667
0 0.697442 0.273333 0.008899 0.066667
5 0.697442 0.393333 0.008899 0.066667
3 0.790879 0.393333 0.008899 0.066667
0 0.790879 0.753333 0.008899 0.066667
1 0.884316 0.633333 0.008899 0.066667
6 0.884316 0.153333 0.008899 0.066667