14 0.173393 0.513333 0.023916 0.066667
1 0.173393 0.153333 0.011958 0.066667
22 0.173393 0.633333 0.023916 0.066667
4 0.286996 0.273333 0.011958 0.066667
1 0.400598 0.273333 0.011958 0.066667
17 0.400598 0.513333 0.023916 0.066667
2 0.400598 0.153333 0.011958 0.066667
2 0.514200 0.153333 0.011958 0.066667
9 0.514200 0.273333 0.011958 0.066667
12 0.514200 0.393333 0.023916 0.066667
4 0.627803 0.753333 0.011958 0.066667
18 0.627803 0.393333 0.023916 0.066667
1 0.741405 0.633333 0.011958 0.066667
20 0.855007 0.753333 0.023916 0.066667
23 0.855007 0.273333 0.023916 0.066667