15 0.144635 0.753333 0.024883 0.066667
8 0.144635 0.153333 0.012442 0.066667
0 0.144635 0.273333 0.012442 0.066667
3 0.227061 0.393333 0.012442 0.066667
5 0.309487 0.633333 0.012442 0.066667
1 0.309487 0.513333 0.012442 0.066667
2 0.391913 0.273333 0.012442 0.066667
9 0.474339 0.273333 0.012442 0.066667
9 0.556765 0.273333 0.012442 0.066667
20 0.556765 0.753333 0.024883 0.066667
4 0.639191 0.273333 0.012442 0.066667
4 0.721617 0.273333 0.012442 0.066667
9 0.804044 0.513333 0.012442 0.066667
6 0.804044 0.633333 0.012442 0.066667
16 0.886470 0.273333 0.024883 0.066667
6 0.886470 0.633333 0.012442 0.066667