12 0.180723 0.273333 0.019277 0.066667
19 0.180723 0.393333 0.019277 0.066667
1 0.180723 0.513333 0.009639 0.066667
22 0.313253 0.273333 0.019277 0.066667
8 0.313253 0.393333 0.009639 0.066667
10 0.313253 0.633333 0.019277 0.066667
6 0.445783 0.633333 0.009639 0.066667
3 0.445783 0.153333 0.009639 0.066667
4 0.445783 0.393333 0.009639 0.066667
23 0.445783 0.753333 0.019277 0.066667
2 0.578313 0.273333 0.009639 0.066667
4 0.578313 0.633333 0.009639 0.066667
16 0.578313 0.513333 0.019277 0.066667
0 0.578313 0.393333 0.009639 0.066667
8 0.710843 0.393333 0.009639 0.066667
2 0.843373 0.393333 0.009639 0.066667