5 0.202970 0.393333 0.009901 0.066667
13 0.202970 0.513333 0.019802 0.066667
2 0.202970 0.633333 0.009901 0.066667
3 0.202970 0.753333 0.009901 0.066667
17 0.357673 0.153333 0.019802 0.066667
27 0.357054 0.753333 0.008663 0.053333
20 0.357673 0.393333 0.019802 0.066667
9 0.357673 0.513333 0.009901 0.066667
0 0.512376 0.153333 0.009901 0.066667
6 0.665842 0.153333 0.009901 0.066667
6 0.665842 0.633333 0.009901 0.066667
2 0.665842 0.753333 0.009901 0.066667
8 0.820545 0.153333 0.009901 0.066667
12 0.820545 0.753333 0.019802 0.066667