6 0.125604 0.153333 0.009662 0.066667
3 0.125604 0.513333 0.009662 0.066667
8 0.125604 0.393333 0.009662 0.066667
7 0.202899 0.153333 0.009662 0.066667
20 0.202899 0.273333 0.019324 0.066667
0 0.202899 0.393333 0.009662 0.066667
2 0.280193 0.273333 0.009662 0.066667
2 0.280193 0.153333 0.009662 0.066667
15 0.357488 0.753333 0.019324 0.066667
6 0.434783 0.153333 0.009662 0.066667
3 0.434783 0.393333 0.009662 0.066667
0 0.434783 0.273333 0.009662 0.066667
15 0.512077 0.753333 0.019324 0.066667
20 0.512077 0.513333 0.019324 0.066667
7 0.512077 0.393333 0.009662 0.066667
20 0.512077 0.273333 0.019324 0.066667
0 0.589372 0.393333 0.009662 0.066667
4 0.666667 0.153333 0.009662 0.066667
27 0.743357 0.273333 0.008454 0.053333
4 0.743961 0.393333 0.009662 0.066667
22 0.821256 0.273333 0.019324 0.066667
7 0.898551 0.633333 0.009662 0.066667
1 0.898551 0.513333 0.009662 0.066667
8 0.898551 0.753333 0.009662 0.066667