14 0.145833 0.153333 0.016667 0.066667
0 0.145833 0.513333 0.008333 0.066667
1 0.145833 0.753333 0.008333 0.066667
2 0.250000 0.513333 0.008333 0.066667
0 0.354167 0.753333 0.008333 0.066667
1 0.354167 0.393333 0.008333 0.066667
24 0.458333 0.633333 0.016667 0.066667
4 0.458333 0.273333 0.008333 0.066667
7 0.562500 0.633333 0.008333 0.066667
5 0.562500 0.153333 0.008333 0.066667
1 0.666667 0.273333 0.008333 0.066667
20 0.666667 0.513333 0.016667 0.066667
7 0.666667 0.393333 0.008333 0.066667
12 0.666667 0.153333 0.016667 0.066667
6 0.770833 0.153333 0.008333 0.066667
3 0.770833 0.393333 0.008333 0.066667
2 0.875000 0.513333 0.008333 0.066667
3 0.875000 0.753333 0.008333 0.066667