3 0.146262 0.273333 0.008667 0.066667
28 0.250271 0.753333 0.026002 0.066667
17 0.250271 0.633333 0.017335 0.066667
14 0.354280 0.633333 0.017335 0.066667
24 0.354280 0.153333 0.017335 0.066667
0 0.458288 0.633333 0.008667 0.066667
3 0.562297 0.633333 0.008667 0.066667
2 0.562297 0.513333 0.008667 0.066667
21 0.562297 0.393333 0.017335 0.066667
1 0.666306 0.633333 0.008667 0.066667
10 0.666306 0.273333 0.017335 0.066667
24 0.770314 0.273333 0.017335 0.066667
8 0.770314 0.633333 0.008667 0.066667
0 0.874323 0.273333 0.008667 0.066667
12 0.874323 0.753333 0.017335 0.066667