11 0.126801 0.153333 0.023055 0.066667
10 0.197406 0.153333 0.023055 0.066667
3 0.197406 0.393333 0.011527 0.066667
7 0.268012 0.753333 0.011527 0.066667
11 0.268012 0.513333 0.023055 0.066667
11 0.268012 0.273333 0.023055 0.066667
15 0.268012 0.633333 0.023055 0.066667
1 0.338617 0.273333 0.011527 0.066667
7 0.338617 0.513333 0.011527 0.066667
10 0.338617 0.753333 0.023055 0.066667
27 0.408501 0.153333 0.010086 0.053333
10 0.407781 0.273333 0.023055 0.066667
10 0.478386 0.633333 0.023055 0.066667
22 0.478386 0.513333 0.023055 0.066667
3 0.548991 0.633333 0.011527 0.066667
2 0.619597 0.153333 0.011527 0.066667
11 0.619597 0.633333 0.023055 0.066667
15 0.619597 0.513333 0.023055 0.066667
9 0.688761 0.513333 0.011527 0.066667
0 0.688761 0.153333 0.011527 0.066667
7 0.759366 0.393333 0.011527 0.066667
2 0.829971 0.513333 0.011527 0.066667
22 0.829971 0.153333 0.023055 0.066667
6 0.829971 0.633333 0.011527 0.066667
0 0.829971 0.753333 0.011527 0.066667
1 0.900576 0.753333 0.011527 0.066667
6 0.900576 0.633333 0.011527 0.066667