7 0.189552 0.153333 0.011940 0.066667
23 0.189552 0.633333 0.023881 0.066667
5 0.189552 0.513333 0.011940 0.066667
5 0.319403 0.273333 0.011940 0.066667
6 0.449254 0.153333 0.011940 0.066667
0 0.449254 0.273333 0.011940 0.066667
2 0.449254 0.513333 0.011940 0.066667
5 0.579104 0.153333 0.011940 0.066667
5 0.579104 0.633333 0.011940 0.066667
0 0.708955 0.633333 0.011940 0.066667
10 0.708955 0.393333 0.023881 0.066667
0 0.708955 0.273333 0.011940 0.066667
19 0.708955 0.753333 0.023881 0.066667
17 0.838806 0.393333 0.023881 0.066667