1 0.118731 0.513333 0.008188 0.066667
7 0.118731 0.153333 0.008188 0.066667
24 0.196520 0.753333 0.016377 0.066667
9 0.275333 0.153333 0.008188 0.066667
20 0.353122 0.393333 0.016377 0.066667
20 0.353122 0.633333 0.016377 0.066667
6 0.353122 0.513333 0.008188 0.066667
6 0.431934 0.753333 0.008188 0.066667
3 0.431934 0.273333 0.008188 0.066667
10 0.431934 0.633333 0.016377 0.066667
11 0.509724 0.513333 0.016377 0.066667
7 0.587513 0.393333 0.008188 0.066667
0 0.666325 0.633333 0.008188 0.066667
10 0.666325 0.513333 0.016377 0.066667
10 0.666325 0.753333 0.016377 0.066667
3 0.666325 0.153333 0.008188 0.066667
21 0.744115 0.513333 0.016377 0.066667
22 0.822927 0.753333 0.016377 0.066667
11 0.822927 0.153333 0.016377 0.066667
2 0.900716 0.513333 0.008188 0.066667
8 0.900716 0.753333 0.008188 0.066667
1 0.900716 0.633333 0.008188 0.066667
0 0.900716 0.273333 0.008188 0.066667