3 0.151145 0.153333 0.012214 0.066667
0 0.242748 0.513333 0.012214 0.066667
9 0.332824 0.753333 0.012214 0.066667
7 0.332824 0.393333 0.012214 0.066667
7 0.424427 0.393333 0.012214 0.066667
0 0.424427 0.633333 0.012214 0.066667
7 0.424427 0.153333 0.012214 0.066667
19 0.514504 0.153333 0.024427 0.066667
4 0.606107 0.273333 0.012214 0.066667
18 0.696183 0.753333 0.024427 0.066667
11 0.696183 0.393333 0.024427 0.066667
0 0.787786 0.753333 0.012214 0.066667
2 0.787786 0.153333 0.012214 0.066667
24 0.787786 0.273333 0.024427 0.066667
1 0.877863 0.153333 0.012214 0.066667
4 0.877863 0.753333 0.012214 0.066667
3 0.877863 0.393333 0.012214 0.066667
12 0.877863 0.633333 0.024427 0.066667