28 0.136120 0.753333 0.025723 0.066667
27 0.229904 0.153333 0.007503 0.053333
9 0.229368 0.633333 0.008574 0.066667
14 0.322615 0.753333 0.017149 0.066667
5 0.416935 0.513333 0.008574 0.066667
28 0.510182 0.753333 0.025723 0.066667
2 0.603430 0.753333 0.008574 0.066667
6 0.603430 0.393333 0.008574 0.066667
1 0.697749 0.633333 0.008574 0.066667
16 0.697749 0.513333 0.017149 0.066667
3 0.790997 0.273333 0.008574 0.066667
0 0.790997 0.513333 0.008574 0.066667
0 0.790997 0.753333 0.008574 0.066667
3 0.884244 0.153333 0.008574 0.066667
15 0.884244 0.393333 0.017149 0.066667
14 0.884244 0.513333 0.017149 0.066667