1 0.113951 0.753333 0.008520 0.066667
23 0.113951 0.273333 0.017039 0.066667
2 0.113951 0.513333 0.008520 0.066667
0 0.113951 0.633333 0.008520 0.066667
0 0.186368 0.153333 0.008520 0.066667
1 0.186368 0.273333 0.008520 0.066667
12 0.186368 0.513333 0.017039 0.066667
4 0.186368 0.633333 0.008520 0.066667
0 0.257721 0.393333 0.008520 0.066667
3 0.330138 0.513333 0.008520 0.066667
4 0.330138 0.633333 0.008520 0.066667
0 0.330138 0.153333 0.008520 0.066667
9 0.402556 0.393333 0.008520 0.066667
7 0.402556 0.753333 0.008520 0.066667
10 0.402556 0.273333 0.017039 0.066667
7 0.473908 0.273333 0.008520 0.066667
3 0.473908 0.153333 0.008520 0.066667
6 0.546326 0.753333 0.008520 0.066667
1 0.617678 0.753333 0.008520 0.066667
12 0.617678 0.513333 0.017039 0.066667
0 0.690096 0.273333 0.008520 0.066667
12 0.690096 0.633333 0.017039 0.066667
0 0.762513 0.753333 0.008520 0.066667
27 0.761981 0.633333 0.007455 0.053333
8 0.762513 0.273333 0.008520 0.066667
17 0.833866 0.513333 0.017039 0.066667
3 0.833866 0.153333 0.008520 0.066667
8 0.906283 0.633333 0.008520 0.066667
18 0.906283 0.153333 0.017039 0.066667