22 0.152756 0.633333 0.025197 0.066667
4 0.152756 0.753333 0.012598 0.066667
3 0.244094 0.753333 0.012598 0.066667
27 0.243307 0.393333 0.011024 0.053333
2 0.244094 0.633333 0.012598 0.066667
4 0.333858 0.513333 0.012598 0.066667
3 0.333858 0.633333 0.012598 0.066667
0 0.333858 0.753333 0.012598 0.066667
1 0.425197 0.153333 0.012598 0.066667
8 0.425197 0.633333 0.012598 0.066667
11 0.425197 0.753333 0.025197 0.066667
10 0.514961 0.273333 0.025197 0.066667
28 0.514961 0.633333 0.037795 0.066667
17 0.514961 0.153333 0.025197 0.066667
0 0.606299 0.633333 0.012598 0.066667
9 0.606299 0.753333 0.012598 0.066667
5 0.606299 0.393333 0.012598 0.066667
5 0.696063 0.633333 0.012598 0.066667
3 0.696063 0.753333 0.012598 0.066667
2 0.696063 0.393333 0.012598 0.066667
13 0.787402 0.753333 0.025197 0.066667
23 0.787402 0.153333 0.025197 0.066667
1 0.787402 0.393333 0.012598 0.066667
5 0.877165 0.513333 0.012598 0.066667
24 0.877165 0.633333 0.025197 0.066667