8 0.129320 0.753333 0.008919 0.066667
28 0.129320 0.513333 0.035674 0.066667
15 0.214047 0.273333 0.017837 0.066667
13 0.214047 0.153333 0.017837 0.066667
9 0.214047 0.633333 0.008919 0.066667
4 0.298774 0.753333 0.008919 0.066667
8 0.383501 0.273333 0.008919 0.066667
5 0.383501 0.753333 0.008919 0.066667
0 0.468227 0.153333 0.008919 0.066667
5 0.468227 0.513333 0.008919 0.066667
4 0.552954 0.753333 0.008919 0.066667
7 0.637681 0.273333 0.008919 0.066667
4 0.722408 0.273333 0.008919 0.066667
2 0.722408 0.513333 0.008919 0.066667
2 0.722408 0.153333 0.008919 0.066667
15 0.807135 0.273333 0.017837 0.066667
3 0.807135 0.633333 0.008919 0.066667
4 0.891862 0.513333 0.008919 0.066667
9 0.891862 0.753333 0.008919 0.066667