3 0.134177 0.273333 0.010127 0.066667
0 0.134177 0.513333 0.010127 0.066667
3 0.134177 0.753333 0.010127 0.066667
14 0.217722 0.633333 0.020253 0.066667
4 0.302532 0.153333 0.010127 0.066667
20 0.302532 0.633333 0.020253 0.066667
6 0.386076 0.513333 0.010127 0.066667
1 0.386076 0.753333 0.010127 0.066667
27 0.385443 0.273333 0.008861 0.053333
8 0.469620 0.273333 0.010127 0.066667
2 0.469620 0.153333 0.010127 0.066667
9 0.554430 0.393333 0.010127 0.066667
0 0.554430 0.753333 0.010127 0.066667
6 0.637975 0.513333 0.010127 0.066667
3 0.637975 0.273333 0.010127 0.066667
22 0.721519 0.753333 0.020253 0.066667
5 0.806329 0.273333 0.010127 0.066667
4 0.806329 0.513333 0.010127 0.066667
4 0.806329 0.753333 0.010127 0.066667
6 0.889873 0.513333 0.010127 0.066667