5 0.145333 0.153333 0.010667 0.066667
0 0.237333 0.513333 0.010667 0.066667
3 0.237333 0.273333 0.010667 0.066667
2 0.329333 0.633333 0.010667 0.066667
8 0.329333 0.153333 0.010667 0.066667
13 0.329333 0.273333 0.021333 0.066667
5 0.421333 0.153333 0.010667 0.066667
6 0.513333 0.513333 0.010667 0.066667
19 0.513333 0.273333 0.021333 0.066667
1 0.513333 0.153333 0.010667 0.066667
1 0.513333 0.633333 0.010667 0.066667
21 0.605333 0.273333 0.021333 0.066667
2 0.697333 0.153333 0.010667 0.066667
0 0.697333 0.273333 0.010667 0.066667
21 0.697333 0.753333 0.021333 0.066667
6 0.789333 0.393333 0.010667 0.066667
4 0.881333 0.273333 0.010667 0.066667
5 0.881333 0.513333 0.010667 0.066667