3 0.134860 0.393333 0.010178 0.066667
10 0.218830 0.273333 0.020356 0.066667
3 0.218830 0.393333 0.010178 0.066667
12 0.302799 0.153333 0.020356 0.066667
0 0.302799 0.393333 0.010178 0.066667
23 0.386768 0.513333 0.020356 0.066667
5 0.386768 0.153333 0.010178 0.066667
3 0.470738 0.753333 0.010178 0.066667
2 0.470738 0.633333 0.010178 0.066667
12 0.554707 0.633333 0.020356 0.066667
17 0.554707 0.393333 0.020356 0.066667
9 0.554707 0.513333 0.010178 0.066667
0 0.554707 0.753333 0.010178 0.066667
9 0.638677 0.393333 0.010178 0.066667
19 0.722646 0.633333 0.020356 0.066667
6 0.722646 0.753333 0.010178 0.066667
24 0.722646 0.153333 0.020356 0.066667
7 0.722646 0.513333 0.010178 0.066667
0 0.806616 0.513333 0.010178 0.066667
20 0.806616 0.153333 0.020356 0.066667
5 0.806616 0.633333 0.010178 0.066667
11 0.806616 0.273333 0.020356 0.066667
17 0.890585 0.273333 0.020356 0.066667
19 0.890585 0.513333 0.020356 0.066667
0 0.890585 0.393333 0.010178 0.066667