8 0.163314 0.393333 0.009467 0.066667
6 0.163314 0.633333 0.009467 0.066667
13 0.279290 0.393333 0.018935 0.066667
24 0.279290 0.513333 0.018935 0.066667
12 0.395266 0.513333 0.018935 0.066667
1 0.395266 0.393333 0.009467 0.066667
3 0.395266 0.753333 0.009467 0.066667
4 0.511243 0.273333 0.009467 0.066667
1 0.511243 0.753333 0.009467 0.066667
27 0.627811 0.633333 0.008284 0.053333
14 0.627219 0.753333 0.018935 0.066667
11 0.743195 0.153333 0.018935 0.066667
0 0.743195 0.393333 0.009467 0.066667
3 0.743195 0.513333 0.009467 0.066667
13 0.743195 0.753333 0.018935 0.066667
10 0.859172 0.153333 0.018935 0.066667
9 0.859172 0.393333 0.009467 0.066667
5 0.859172 0.753333 0.009467 0.066667
0 0.859172 0.633333 0.009467 0.066667