12 0.131915 0.393333 0.022695 0.066667
11 0.208511 0.753333 0.022695 0.066667
3 0.208511 0.633333 0.011348 0.066667
21 0.285106 0.153333 0.022695 0.066667
27 0.284397 0.633333 0.009929 0.053333
1 0.361702 0.153333 0.011348 0.066667
7 0.361702 0.393333 0.011348 0.066667
0 0.361702 0.633333 0.011348 0.066667
24 0.436879 0.273333 0.022695 0.066667
28 0.513475 0.633333 0.034043 0.066667
8 0.590071 0.753333 0.011348 0.066667
22 0.590071 0.393333 0.022695 0.066667
2 0.666667 0.153333 0.011348 0.066667
0 0.666667 0.633333 0.011348 0.066667
27 0.665957 0.513333 0.009929 0.053333
9 0.741844 0.513333 0.011348 0.066667
10 0.741844 0.273333 0.022695 0.066667
1 0.741844 0.153333 0.011348 0.066667
18 0.818440 0.273333 0.022695 0.066667
10 0.818440 0.153333 0.022695 0.066667
20 0.895035 0.753333 0.022695 0.066667
0 0.895035 0.633333 0.011348 0.066667
0 0.895035 0.273333 0.011348 0.066667