6 0.128778 0.153333 0.010512 0.066667
3 0.204993 0.153333 0.010512 0.066667
20 0.204993 0.753333 0.021025 0.066667
3 0.282523 0.273333 0.010512 0.066667
0 0.282523 0.393333 0.010512 0.066667
9 0.358739 0.753333 0.010512 0.066667
3 0.358739 0.633333 0.010512 0.066667
28 0.436268 0.513333 0.031537 0.066667
1 0.436268 0.273333 0.010512 0.066667
9 0.512484 0.633333 0.010512 0.066667
0 0.588699 0.753333 0.010512 0.066667
2 0.588699 0.513333 0.010512 0.066667
0 0.666229 0.753333 0.010512 0.066667
3 0.666229 0.273333 0.010512 0.066667
3 0.742444 0.753333 0.010512 0.066667
2 0.742444 0.633333 0.010512 0.066667
4 0.742444 0.153333 0.010512 0.066667
4 0.819974 0.513333 0.010512 0.066667
2 0.819974 0.633333 0.010512 0.066667
5 0.896189 0.393333 0.010512 0.066667