0 0.148148 0.393333 0.011396 0.066667
0 0.148148 0.753333 0.011396 0.066667
8 0.239316 0.513333 0.011396 0.066667
1 0.330484 0.273333 0.011396 0.066667
19 0.330484 0.753333 0.022792 0.066667
0 0.421652 0.633333 0.011396 0.066667
4 0.421652 0.273333 0.011396 0.066667
17 0.514245 0.753333 0.022792 0.066667
3 0.514245 0.513333 0.011396 0.066667
12 0.514245 0.273333 0.022792 0.066667
5 0.605413 0.753333 0.011396 0.066667
8 0.605413 0.513333 0.011396 0.066667
12 0.696581 0.513333 0.022792 0.066667
2 0.787749 0.633333 0.011396 0.066667
3 0.787749 0.273333 0.011396 0.066667
7 0.787749 0.753333 0.011396 0.066667
7 0.787749 0.393333 0.011396 0.066667
1 0.878917 0.753333 0.011396 0.066667