1 0.139045 0.393333 0.011236 0.066667
4 0.139045 0.753333 0.011236 0.066667
6 0.221910 0.153333 0.011236 0.066667
0 0.221910 0.513333 0.011236 0.066667
12 0.221910 0.393333 0.022472 0.066667
3 0.304775 0.753333 0.011236 0.066667
21 0.389045 0.393333 0.022472 0.066667
6 0.389045 0.513333 0.011236 0.066667
6 0.471910 0.513333 0.011236 0.066667
1 0.554775 0.153333 0.011236 0.066667
2 0.554775 0.513333 0.011236 0.066667
10 0.554775 0.393333 0.022472 0.066667
14 0.637640 0.393333 0.022472 0.066667
3 0.637640 0.513333 0.011236 0.066667
3 0.637640 0.273333 0.011236 0.066667
7 0.721910 0.273333 0.011236 0.066667
0 0.804775 0.393333 0.011236 0.066667
2 0.804775 0.753333 0.011236 0.066667
3 0.804775 0.273333 0.011236 0.066667
20 0.887640 0.633333 0.022472 0.066667
3 0.887640 0.513333 0.011236 0.066667
3 0.887640 0.273333 0.011236 0.066667