8 0.169468 0.273333 0.011204 0.066667
1 0.169468 0.393333 0.011204 0.066667
10 0.169468 0.153333 0.022409 0.066667
12 0.169468 0.753333 0.022409 0.066667
2 0.284314 0.513333 0.011204 0.066667
0 0.284314 0.633333 0.011204 0.066667
0 0.399160 0.153333 0.011204 0.066667
28 0.399160 0.633333 0.044818 0.066667
7 0.514006 0.393333 0.011204 0.066667
3 0.627451 0.153333 0.011204 0.066667
12 0.627451 0.513333 0.022409 0.066667
27 0.628151 0.393333 0.009804 0.053333
22 0.742297 0.273333 0.022409 0.066667
11 0.857143 0.513333 0.022409 0.066667