27 0.163948 0.153333 0.011419 0.053333
0 0.164763 0.753333 0.013051 0.066667
1 0.264274 0.273333 0.013051 0.066667
1 0.264274 0.633333 0.013051 0.066667
0 0.365416 0.153333 0.013051 0.066667
0 0.365416 0.273333 0.013051 0.066667
3 0.464927 0.753333 0.013051 0.066667
20 0.464927 0.153333 0.026101 0.066667
6 0.566069 0.753333 0.013051 0.066667
2 0.566069 0.393333 0.013051 0.066667
5 0.665579 0.753333 0.013051 0.066667
20 0.665579 0.393333 0.026101 0.066667
6 0.665579 0.153333 0.013051 0.066667
1 0.766721 0.513333 0.013051 0.066667
7 0.766721 0.273333 0.013051 0.066667
22 0.766721 0.153333 0.026101 0.066667
9 0.766721 0.633333 0.013051 0.066667
1 0.866232 0.513333 0.013051 0.066667
1 0.866232 0.153333 0.013051 0.066667