9 0.116516 0.153333 0.009050 0.066667
9 0.116516 0.513333 0.009050 0.066667
8 0.116516 0.393333 0.009050 0.066667
3 0.116516 0.273333 0.009050 0.066667
14 0.187783 0.273333 0.018100 0.066667
13 0.187783 0.393333 0.018100 0.066667
0 0.260181 0.393333 0.009050 0.066667
13 0.331448 0.513333 0.018100 0.066667
6 0.402715 0.633333 0.009050 0.066667
0 0.402715 0.153333 0.009050 0.066667
17 0.475113 0.153333 0.018100 0.066667
6 0.546380 0.393333 0.009050 0.066667
24 0.546380 0.633333 0.018100 0.066667
1 0.618778 0.513333 0.009050 0.066667
7 0.690045 0.633333 0.009050 0.066667
12 0.690045 0.753333 0.018100 0.066667
6 0.690045 0.153333 0.009050 0.066667
3 0.761312 0.753333 0.009050 0.066667
23 0.761312 0.153333 0.018100 0.066667
0 0.833710 0.633333 0.009050 0.066667
5 0.833710 0.513333 0.009050 0.066667
0 0.833710 0.273333 0.009050 0.066667
20 0.904977 0.753333 0.018100 0.066667
18 0.904977 0.513333 0.018100 0.066667