13 0.142638 0.273333 0.024540 0.066667
9 0.142638 0.513333 0.012270 0.066667
17 0.142638 0.633333 0.024540 0.066667
4 0.225460 0.273333 0.012270 0.066667
9 0.308282 0.513333 0.012270 0.066667
12 0.391104 0.513333 0.024540 0.066667
13 0.473926 0.273333 0.024540 0.066667
23 0.473926 0.513333 0.024540 0.066667
2 0.473926 0.153333 0.012270 0.066667
4 0.555215 0.753333 0.012270 0.066667
15 0.555215 0.273333 0.024540 0.066667
0 0.638037 0.753333 0.012270 0.066667
9 0.720859 0.393333 0.012270 0.066667
0 0.803681 0.393333 0.012270 0.066667
1 0.803681 0.273333 0.012270 0.066667
5 0.803681 0.513333 0.012270 0.066667
5 0.886503 0.513333 0.012270 0.066667
3 0.886503 0.393333 0.012270 0.066667