8 0.156077 0.633333 0.011050 0.066667
9 0.156077 0.153333 0.011050 0.066667
9 0.258287 0.273333 0.011050 0.066667
18 0.258287 0.633333 0.022099 0.066667
9 0.258287 0.153333 0.011050 0.066667
0 0.360497 0.153333 0.011050 0.066667
0 0.360497 0.753333 0.011050 0.066667
23 0.360497 0.633333 0.022099 0.066667
6 0.462707 0.393333 0.011050 0.066667
2 0.563536 0.513333 0.011050 0.066667
0 0.563536 0.393333 0.011050 0.066667
6 0.665746 0.513333 0.011050 0.066667
1 0.665746 0.273333 0.011050 0.066667
5 0.767956 0.513333 0.011050 0.066667
0 0.870166 0.273333 0.011050 0.066667
7 0.870166 0.153333 0.011050 0.066667