12 0.114629 0.393333 0.017467 0.066667
5 0.114629 0.273333 0.008734 0.066667
6 0.114629 0.633333 0.008734 0.066667
6 0.114629 0.513333 0.008734 0.066667
27 0.187227 0.753333 0.007642 0.053333
0 0.186681 0.513333 0.008734 0.066667
1 0.258734 0.513333 0.008734 0.066667
4 0.258734 0.753333 0.008734 0.066667
5 0.330786 0.393333 0.008734 0.066667
18 0.330786 0.273333 0.017467 0.066667
2 0.402838 0.633333 0.008734 0.066667
21 0.402838 0.153333 0.017467 0.066667
21 0.402838 0.393333 0.017467 0.066667
0 0.474891 0.753333 0.008734 0.066667
9 0.545852 0.273333 0.008734 0.066667
0 0.545852 0.753333 0.008734 0.066667
0 0.545852 0.513333 0.008734 0.066667
4 0.545852 0.153333 0.008734 0.066667
3 0.617904 0.753333 0.008734 0.066667
23 0.617904 0.393333 0.017467 0.066667
6 0.689956 0.753333 0.008734 0.066667
8 0.689956 0.633333 0.008734 0.066667
2 0.762009 0.633333 0.008734 0.066667
7 0.834061 0.153333 0.008734 0.066667
7 0.834061 0.273333 0.008734 0.066667
5 0.906114 0.753333 0.008734 0.066667
1 0.906114 0.633333 0.008734 0.066667