0 0.158562 0.633333 0.008457 0.066667
23 0.158562 0.273333 0.016913 0.066667
11 0.158562 0.393333 0.016913 0.066667
7 0.275899 0.753333 0.008457 0.066667
3 0.393235 0.513333 0.008457 0.066667
11 0.510571 0.753333 0.016913 0.066667
0 0.626850 0.273333 0.008457 0.066667
7 0.626850 0.153333 0.008457 0.066667
6 0.744186 0.513333 0.008457 0.066667
20 0.744186 0.753333 0.016913 0.066667
3 0.744186 0.273333 0.008457 0.066667
22 0.744186 0.153333 0.016913 0.066667
18 0.861522 0.273333 0.016913 0.066667
2 0.861522 0.633333 0.008457 0.066667