0 0.138889 0.273333 0.009259 0.066667
0 0.231481 0.633333 0.009259 0.066667
0 0.231481 0.273333 0.009259 0.066667
2 0.231481 0.513333 0.009259 0.066667
1 0.325231 0.633333 0.009259 0.066667
1 0.325231 0.153333 0.009259 0.066667
10 0.325231 0.273333 0.018519 0.066667
0 0.417824 0.753333 0.009259 0.066667
0 0.511574 0.513333 0.009259 0.066667
9 0.604167 0.633333 0.009259 0.066667
11 0.604167 0.393333 0.018519 0.066667
20 0.696759 0.393333 0.018519 0.066667
9 0.696759 0.633333 0.009259 0.066667
2 0.696759 0.753333 0.009259 0.066667
0 0.790509 0.393333 0.009259 0.066667
2 0.883102 0.633333 0.009259 0.066667