6 0.125253 0.633333 0.008081 0.066667
1 0.125253 0.513333 0.008081 0.066667
0 0.211111 0.753333 0.008081 0.066667
4 0.211111 0.153333 0.008081 0.066667
0 0.295960 0.393333 0.008081 0.066667
7 0.295960 0.753333 0.008081 0.066667
28 0.381818 0.513333 0.024242 0.066667
0 0.466667 0.633333 0.008081 0.066667
14 0.466667 0.513333 0.016162 0.066667
19 0.466667 0.153333 0.016162 0.066667
18 0.552525 0.513333 0.016162 0.066667
18 0.552525 0.633333 0.016162 0.066667
4 0.552525 0.753333 0.008081 0.066667
17 0.637374 0.393333 0.016162 0.066667
11 0.637374 0.273333 0.016162 0.066667
6 0.637374 0.153333 0.008081 0.066667
0 0.637374 0.753333 0.008081 0.066667
7 0.723232 0.393333 0.008081 0.066667
11 0.723232 0.153333 0.016162 0.066667
22 0.808081 0.633333 0.016162 0.066667
22 0.893939 0.753333 0.016162 0.066667