7 0.136182 0.153333 0.010681 0.066667
22 0.136182 0.753333 0.021362 0.066667
28 0.136182 0.273333 0.032043 0.066667
16 0.220294 0.153333 0.021362 0.066667
9 0.220294 0.513333 0.010681 0.066667
23 0.303071 0.273333 0.021362 0.066667
1 0.303071 0.393333 0.010681 0.066667
7 0.387183 0.153333 0.010681 0.066667
0 0.387183 0.273333 0.010681 0.066667
11 0.471295 0.753333 0.021362 0.066667
20 0.471295 0.513333 0.021362 0.066667
11 0.471295 0.273333 0.021362 0.066667
3 0.554072 0.393333 0.010681 0.066667
6 0.554072 0.513333 0.010681 0.066667
24 0.638184 0.393333 0.021362 0.066667
3 0.638184 0.513333 0.010681 0.066667
28 0.722296 0.633333 0.032043 0.066667
8 0.805073 0.393333 0.010681 0.066667
6 0.805073 0.633333 0.010681 0.066667
1 0.805073 0.153333 0.010681 0.066667
24 0.805073 0.753333 0.021362 0.066667
1 0.889186 0.753333 0.010681 0.066667