9 0.148748 0.513333 0.011782 0.066667
0 0.148748 0.153333 0.011782 0.066667
2 0.240059 0.393333 0.011782 0.066667
21 0.331370 0.393333 0.023564 0.066667
21 0.331370 0.513333 0.023564 0.066667
4 0.331370 0.153333 0.011782 0.066667
3 0.422680 0.513333 0.011782 0.066667
0 0.422680 0.393333 0.011782 0.066667
7 0.422680 0.153333 0.011782 0.066667
7 0.513991 0.393333 0.011782 0.066667
4 0.513991 0.153333 0.011782 0.066667
4 0.513991 0.633333 0.011782 0.066667
7 0.605302 0.513333 0.011782 0.066667
5 0.605302 0.153333 0.011782 0.066667
12 0.605302 0.633333 0.023564 0.066667
13 0.605302 0.273333 0.023564 0.066667
2 0.696613 0.753333 0.011782 0.066667
3 0.696613 0.513333 0.011782 0.066667
18 0.787923 0.153333 0.023564 0.066667
0 0.787923 0.513333 0.011782 0.066667
0 0.787923 0.633333 0.011782 0.066667
8 0.787923 0.753333 0.011782 0.066667
6 0.879234 0.153333 0.011782 0.066667
3 0.879234 0.513333 0.011782 0.066667