23 0.133884 0.753333 0.026446 0.066667
6 0.133884 0.153333 0.013223 0.066667
17 0.133884 0.513333 0.026446 0.066667
8 0.203306 0.153333 0.013223 0.066667
17 0.203306 0.513333 0.026446 0.066667
9 0.203306 0.753333 0.013223 0.066667
7 0.272727 0.273333 0.013223 0.066667
3 0.342149 0.393333 0.013223 0.066667
8 0.411570 0.513333 0.013223 0.066667
3 0.411570 0.153333 0.013223 0.066667
12 0.480992 0.153333 0.026446 0.066667
3 0.480992 0.633333 0.013223 0.066667
13 0.550413 0.633333 0.026446 0.066667
2 0.550413 0.393333 0.013223 0.066667
4 0.619835 0.753333 0.013223 0.066667
2 0.689256 0.393333 0.013223 0.066667
27 0.688430 0.273333 0.011570 0.053333
11 0.689256 0.753333 0.026446 0.066667
4 0.758678 0.153333 0.013223 0.066667
8 0.758678 0.393333 0.013223 0.066667
10 0.758678 0.273333 0.026446 0.066667
4 0.828099 0.393333 0.013223 0.066667
27 0.827273 0.753333 0.011570 0.053333
8 0.897521 0.393333 0.013223 0.066667
6 0.897521 0.513333 0.013223 0.066667
16 0.897521 0.753333 0.026446 0.066667
0 0.897521 0.633333 0.013223 0.066667