7 0.118874 0.633333 0.008342 0.066667
2 0.197080 0.393333 0.008342 0.066667
4 0.275287 0.393333 0.008342 0.066667
28 0.275287 0.513333 0.025026 0.066667
11 0.353493 0.753333 0.016684 0.066667
0 0.353493 0.633333 0.008342 0.066667
4 0.431700 0.753333 0.008342 0.066667
4 0.431700 0.273333 0.008342 0.066667
13 0.509906 0.513333 0.016684 0.066667
0 0.509906 0.153333 0.008342 0.066667
10 0.588113 0.753333 0.016684 0.066667
1 0.666319 0.753333 0.008342 0.066667
8 0.744526 0.753333 0.008342 0.066667
0 0.822732 0.633333 0.008342 0.066667
0 0.822732 0.753333 0.008342 0.066667
2 0.822732 0.153333 0.008342 0.066667
0 0.900938 0.633333 0.008342 0.066667