24 0.174797 0.393333 0.016260 0.066667
0 0.308943 0.393333 0.008130 0.066667
18 0.308943 0.513333 0.016260 0.066667
19 0.443089 0.753333 0.016260 0.066667
0 0.443089 0.633333 0.008130 0.066667
3 0.443089 0.273333 0.008130 0.066667
1 0.577236 0.273333 0.008130 0.066667
1 0.577236 0.513333 0.008130 0.066667
16 0.577236 0.633333 0.016260 0.066667
9 0.577236 0.153333 0.008130 0.066667
9 0.711382 0.273333 0.008130 0.066667
22 0.711382 0.633333 0.016260 0.066667
12 0.845528 0.153333 0.016260 0.066667
3 0.845528 0.633333 0.008130 0.066667
6 0.845528 0.273333 0.008130 0.066667