15 0.156379 0.513333 0.021948 0.066667
8 0.156379 0.633333 0.010974 0.066667
1 0.257888 0.273333 0.010974 0.066667
7 0.257888 0.633333 0.010974 0.066667
0 0.360768 0.393333 0.010974 0.066667
5 0.360768 0.633333 0.010974 0.066667
24 0.462277 0.273333 0.021948 0.066667
6 0.462277 0.753333 0.010974 0.066667
13 0.462277 0.513333 0.021948 0.066667
8 0.462277 0.153333 0.010974 0.066667
9 0.563786 0.153333 0.010974 0.066667
7 0.563786 0.273333 0.010974 0.066667
7 0.563786 0.393333 0.010974 0.066667
8 0.666667 0.273333 0.010974 0.066667
11 0.666667 0.633333 0.021948 0.066667
1 0.666667 0.513333 0.010974 0.066667
10 0.768176 0.393333 0.021948 0.066667
2 0.768176 0.153333 0.010974 0.066667
20 0.768176 0.753333 0.021948 0.066667
28 0.869684 0.273333 0.032922 0.066667
18 0.869684 0.753333 0.021948 0.066667