5 0.143302 0.513333 0.012461 0.066667
2 0.225857 0.273333 0.012461 0.066667
4 0.225857 0.393333 0.012461 0.066667
3 0.308411 0.513333 0.012461 0.066667
3 0.308411 0.753333 0.012461 0.066667
2 0.390966 0.753333 0.012461 0.066667
2 0.390966 0.273333 0.012461 0.066667
9 0.473520 0.633333 0.012461 0.066667
12 0.473520 0.393333 0.024922 0.066667
22 0.473520 0.513333 0.024922 0.066667
7 0.556075 0.273333 0.012461 0.066667
6 0.556075 0.513333 0.012461 0.066667
0 0.556075 0.753333 0.012461 0.066667
3 0.638629 0.273333 0.012461 0.066667
1 0.638629 0.393333 0.012461 0.066667
0 0.638629 0.153333 0.012461 0.066667
28 0.638629 0.633333 0.037383 0.066667
9 0.721184 0.393333 0.012461 0.066667
3 0.803738 0.753333 0.012461 0.066667
5 0.886293 0.153333 0.012461 0.066667
18 0.886293 0.633333 0.024922 0.066667