24 0.152010 0.513333 0.020101 0.066667
8 0.255025 0.753333 0.010050 0.066667
9 0.255025 0.273333 0.010050 0.066667
4 0.255025 0.393333 0.010050 0.066667
0 0.358040 0.633333 0.010050 0.066667
1 0.358040 0.513333 0.010050 0.066667
1 0.461055 0.753333 0.010050 0.066667
10 0.562814 0.273333 0.020101 0.066667
4 0.665829 0.513333 0.010050 0.066667
1 0.665829 0.273333 0.010050 0.066667
15 0.665829 0.633333 0.020101 0.066667
27 0.666457 0.393333 0.008794 0.053333
2 0.768844 0.153333 0.010050 0.066667
0 0.768844 0.633333 0.010050 0.066667
0 0.871859 0.753333 0.010050 0.066667
0 0.871859 0.153333 0.010050 0.066667