5 0.114439 0.513333 0.008556 0.066667
23 0.186096 0.513333 0.017112 0.066667
0 0.257754 0.753333 0.008556 0.066667
0 0.257754 0.633333 0.008556 0.066667
8 0.257754 0.153333 0.008556 0.066667
22 0.330481 0.633333 0.017112 0.066667
0 0.330481 0.393333 0.008556 0.066667
4 0.330481 0.273333 0.008556 0.066667
0 0.402139 0.273333 0.008556 0.066667
5 0.473797 0.273333 0.008556 0.066667
2 0.546524 0.153333 0.008556 0.066667
9 0.546524 0.513333 0.008556 0.066667
3 0.546524 0.393333 0.008556 0.066667
4 0.618182 0.513333 0.008556 0.066667
3 0.618182 0.393333 0.008556 0.066667
4 0.618182 0.633333 0.008556 0.066667
0 0.618182 0.273333 0.008556 0.066667
3 0.689840 0.753333 0.008556 0.066667
20 0.689840 0.393333 0.017112 0.066667
5 0.762567 0.393333 0.008556 0.066667
3 0.834225 0.273333 0.008556 0.066667
2 0.905882 0.753333 0.008556 0.066667
0 0.905882 0.393333 0.008556 0.066667