2 0.138710 0.273333 0.012903 0.066667
6 0.138710 0.753333 0.012903 0.066667
23 0.138710 0.153333 0.025806 0.066667
8 0.214516 0.753333 0.012903 0.066667
3 0.214516 0.273333 0.012903 0.066667
7 0.214516 0.393333 0.012903 0.066667
6 0.290323 0.753333 0.012903 0.066667
3 0.290323 0.513333 0.012903 0.066667
1 0.364516 0.513333 0.012903 0.066667
10 0.364516 0.153333 0.025806 0.066667
11 0.440323 0.633333 0.025806 0.066667
7 0.440323 0.273333 0.012903 0.066667
5 0.516129 0.633333 0.012903 0.066667
6 0.516129 0.393333 0.012903 0.066667
13 0.516129 0.513333 0.025806 0.066667
28 0.516129 0.753333 0.038710 0.066667
2 0.590323 0.633333 0.012903 0.066667
0 0.590323 0.513333 0.012903 0.066667
3 0.590323 0.153333 0.012903 0.066667
9 0.666129 0.513333 0.012903 0.066667
11 0.666129 0.273333 0.025806 0.066667
10 0.666129 0.153333 0.025806 0.066667
0 0.741935 0.273333 0.012903 0.066667
10 0.741935 0.513333 0.025806 0.066667
4 0.816129 0.153333 0.012903 0.066667
3 0.816129 0.273333 0.012903 0.066667
1 0.891935 0.753333 0.012903 0.066667