6 0.174923 0.633333 0.012384 0.066667
0 0.174923 0.753333 0.012384 0.066667
5 0.174923 0.393333 0.012384 0.066667
1 0.174923 0.153333 0.012384 0.066667
21 0.287926 0.153333 0.024768 0.066667
28 0.287926 0.753333 0.037152 0.066667
7 0.287926 0.633333 0.012384 0.066667
28 0.287926 0.273333 0.037152 0.066667
13 0.400929 0.513333 0.024768 0.066667
9 0.400929 0.633333 0.012384 0.066667
9 0.515480 0.633333 0.012384 0.066667
4 0.628483 0.393333 0.012384 0.066667
0 0.741486 0.153333 0.012384 0.066667
7 0.741486 0.273333 0.012384 0.066667
3 0.854489 0.393333 0.012384 0.066667
3 0.854489 0.153333 0.012384 0.066667
8 0.854489 0.513333 0.012384 0.066667