2 0.157841 0.633333 0.008147 0.066667
4 0.274949 0.633333 0.008147 0.066667
1 0.392057 0.153333 0.008147 0.066667
18 0.392057 0.753333 0.016293 0.066667
27 0.392566 0.393333 0.007128 0.053333
27 0.392566 0.513333 0.007128 0.053333
14 0.510183 0.753333 0.016293 0.066667
2 0.627291 0.393333 0.008147 0.066667
3 0.627291 0.753333 0.008147 0.066667
5 0.627291 0.513333 0.008147 0.066667
2 0.744399 0.513333 0.008147 0.066667
11 0.744399 0.273333 0.016293 0.066667
27 0.862016 0.393333 0.007128 0.053333
0 0.861507 0.633333 0.008147 0.066667
0 0.861507 0.753333 0.008147 0.066667