8 0.183136 0.753333 0.010540 0.066667
4 0.183136 0.273333 0.010540 0.066667
2 0.183136 0.513333 0.010540 0.066667
10 0.314888 0.633333 0.021080 0.066667
0 0.314888 0.153333 0.010540 0.066667
4 0.314888 0.393333 0.010540 0.066667
10 0.314888 0.273333 0.021080 0.066667
5 0.446640 0.753333 0.010540 0.066667
0 0.446640 0.393333 0.010540 0.066667
0 0.446640 0.633333 0.010540 0.066667
5 0.446640 0.273333 0.010540 0.066667
14 0.578393 0.273333 0.021080 0.066667
5 0.710145 0.633333 0.010540 0.066667
27 0.709486 0.753333 0.009223 0.053333
3 0.710145 0.393333 0.010540 0.066667
2 0.841897 0.393333 0.010540 0.066667