9 0.214058 0.273333 0.012780 0.066667
2 0.214058 0.153333 0.012780 0.066667
2 0.364217 0.273333 0.012780 0.066667
1 0.364217 0.753333 0.012780 0.066667
0 0.364217 0.153333 0.012780 0.066667
3 0.515974 0.393333 0.012780 0.066667
13 0.515974 0.513333 0.025559 0.066667
5 0.515974 0.153333 0.012780 0.066667
6 0.666134 0.393333 0.012780 0.066667
2 0.666134 0.273333 0.012780 0.066667
7 0.666134 0.633333 0.012780 0.066667
17 0.816294 0.633333 0.025559 0.066667
27 0.817093 0.753333 0.011182 0.053333
9 0.816294 0.153333 0.012780 0.066667