0 0.121483 0.513333 0.010230 0.066667
6 0.193095 0.273333 0.010230 0.066667
5 0.193095 0.753333 0.010230 0.066667
2 0.193095 0.633333 0.010230 0.066667
11 0.263427 0.633333 0.020460 0.066667
10 0.335038 0.273333 0.020460 0.066667
2 0.335038 0.753333 0.010230 0.066667
4 0.335038 0.513333 0.010230 0.066667
2 0.405371 0.393333 0.010230 0.066667
8 0.405371 0.633333 0.010230 0.066667
10 0.405371 0.153333 0.020460 0.066667
2 0.476982 0.633333 0.010230 0.066667
18 0.476982 0.513333 0.020460 0.066667
8 0.476982 0.153333 0.010230 0.066667
4 0.547315 0.393333 0.010230 0.066667
12 0.618926 0.633333 0.020460 0.066667
14 0.618926 0.273333 0.020460 0.066667
7 0.618926 0.753333 0.010230 0.066667
0 0.689258 0.633333 0.010230 0.066667
7 0.689258 0.753333 0.010230 0.066667
2 0.689258 0.513333 0.010230 0.066667
7 0.760870 0.633333 0.010230 0.066667
28 0.760870 0.273333 0.030691 0.066667
6 0.760870 0.153333 0.010230 0.066667
6 0.760870 0.393333 0.010230 0.066667
2 0.831202 0.753333 0.010230 0.066667
3 0.831202 0.393333 0.010230 0.066667
15 0.831202 0.633333 0.020460 0.066667
0 0.902813 0.393333 0.010230 0.066667
16 0.902813 0.153333 0.020460 0.066667
0 0.902813 0.513333 0.010230 0.066667