14 0.120301 0.273333 0.020050 0.066667
1 0.120301 0.753333 0.010025 0.066667
15 0.120301 0.153333 0.020050 0.066667
28 0.191729 0.753333 0.030075 0.066667
7 0.191729 0.393333 0.010025 0.066667
0 0.263158 0.393333 0.010025 0.066667
18 0.334586 0.393333 0.020050 0.066667
0 0.404762 0.513333 0.010025 0.066667
1 0.404762 0.393333 0.010025 0.066667
9 0.476190 0.273333 0.010025 0.066667
0 0.476190 0.153333 0.010025 0.066667
28 0.547619 0.633333 0.040100 0.066667
1 0.547619 0.153333 0.010025 0.066667
23 0.547619 0.273333 0.020050 0.066667
5 0.619048 0.153333 0.010025 0.066667
2 0.619048 0.513333 0.010025 0.066667
11 0.689223 0.393333 0.020050 0.066667
27 0.761278 0.633333 0.008772 0.053333
13 0.760652 0.753333 0.020050 0.066667
11 0.832080 0.273333 0.020050 0.066667
0 0.903509 0.393333 0.010025 0.066667
27 0.902882 0.273333 0.008772 0.053333
5 0.903509 0.153333 0.010025 0.066667