1 0.133431 0.153333 0.011730 0.066667
5 0.133431 0.753333 0.011730 0.066667
12 0.133431 0.633333 0.023460 0.066667
4 0.209677 0.753333 0.011730 0.066667
3 0.209677 0.273333 0.011730 0.066667
14 0.209677 0.393333 0.023460 0.066667
0 0.209677 0.633333 0.011730 0.066667
2 0.285924 0.513333 0.011730 0.066667
8 0.362170 0.153333 0.011730 0.066667
2 0.362170 0.513333 0.011730 0.066667
4 0.438416 0.753333 0.011730 0.066667
21 0.514663 0.753333 0.023460 0.066667
8 0.514663 0.633333 0.011730 0.066667
23 0.589443 0.633333 0.023460 0.066667
2 0.589443 0.153333 0.011730 0.066667
5 0.589443 0.273333 0.011730 0.066667
21 0.665689 0.633333 0.023460 0.066667
5 0.665689 0.273333 0.011730 0.066667
2 0.741935 0.273333 0.011730 0.066667
3 0.818182 0.273333 0.011730 0.066667
12 0.818182 0.393333 0.023460 0.066667
3 0.818182 0.633333 0.011730 0.066667
9 0.818182 0.753333 0.011730 0.066667
2 0.894428 0.393333 0.011730 0.066667