1 0.146575 0.273333 0.010959 0.066667
7 0.238356 0.513333 0.010959 0.066667
2 0.238356 0.633333 0.010959 0.066667
2 0.330137 0.273333 0.010959 0.066667
7 0.330137 0.393333 0.010959 0.066667
2 0.330137 0.633333 0.010959 0.066667
10 0.421918 0.513333 0.021918 0.066667
4 0.421918 0.153333 0.010959 0.066667
9 0.513699 0.153333 0.010959 0.066667
1 0.605479 0.153333 0.010959 0.066667
6 0.605479 0.393333 0.010959 0.066667
0 0.697260 0.633333 0.010959 0.066667
8 0.697260 0.753333 0.010959 0.066667
6 0.789041 0.753333 0.010959 0.066667
10 0.789041 0.153333 0.021918 0.066667
6 0.880822 0.513333 0.010959 0.066667
0 0.880822 0.753333 0.010959 0.066667