20 0.124105 0.153333 0.019093 0.066667
6 0.124105 0.753333 0.009547 0.066667
4 0.201671 0.513333 0.009547 0.066667
21 0.201671 0.753333 0.019093 0.066667
9 0.279236 0.153333 0.009547 0.066667
0 0.356802 0.753333 0.009547 0.066667
22 0.434368 0.153333 0.019093 0.066667
3 0.434368 0.753333 0.009547 0.066667
24 0.434368 0.633333 0.019093 0.066667
24 0.434368 0.273333 0.019093 0.066667
17 0.511933 0.273333 0.019093 0.066667
1 0.588305 0.513333 0.009547 0.066667
16 0.665871 0.153333 0.019093 0.066667
8 0.743437 0.753333 0.009547 0.066667
2 0.743437 0.513333 0.009547 0.066667
2 0.821002 0.153333 0.009547 0.066667
1 0.821002 0.513333 0.009547 0.066667
0 0.898568 0.513333 0.009547 0.066667
1 0.898568 0.753333 0.009547 0.066667
2 0.898568 0.633333 0.009547 0.066667
22 0.898568 0.393333 0.019093 0.066667