22 0.202128 0.633333 0.018913 0.066667
14 0.202128 0.273333 0.018913 0.066667
21 0.202128 0.393333 0.018913 0.066667
7 0.202128 0.753333 0.009456 0.066667
1 0.356974 0.633333 0.009456 0.066667
8 0.356974 0.753333 0.009456 0.066667
11 0.356974 0.393333 0.018913 0.066667
23 0.356974 0.273333 0.018913 0.066667
10 0.511820 0.393333 0.018913 0.066667
28 0.666667 0.753333 0.028369 0.066667
2 0.666667 0.273333 0.009456 0.066667
3 0.666667 0.393333 0.009456 0.066667
7 0.821513 0.153333 0.009456 0.066667