24 0.135884 0.633333 0.021108 0.066667
2 0.135884 0.393333 0.010554 0.066667
0 0.218997 0.273333 0.010554 0.066667
5 0.218997 0.393333 0.010554 0.066667
3 0.218997 0.633333 0.010554 0.066667
2 0.218997 0.753333 0.010554 0.066667
9 0.303430 0.393333 0.010554 0.066667
21 0.386544 0.753333 0.021108 0.066667
27 0.470317 0.393333 0.009235 0.053333
14 0.470976 0.273333 0.021108 0.066667
0 0.470976 0.633333 0.010554 0.066667
4 0.554090 0.753333 0.010554 0.066667
3 0.554090 0.633333 0.010554 0.066667
6 0.638522 0.393333 0.010554 0.066667
5 0.721636 0.153333 0.010554 0.066667
4 0.721636 0.633333 0.010554 0.066667
20 0.721636 0.513333 0.021108 0.066667
6 0.806069 0.393333 0.010554 0.066667
1 0.806069 0.513333 0.010554 0.066667
10 0.806069 0.153333 0.021108 0.066667
28 0.889182 0.393333 0.031662 0.066667
23 0.889182 0.273333 0.021108 0.066667
1 0.889182 0.633333 0.010554 0.066667