23 0.160754 0.393333 0.017738 0.066667
7 0.160754 0.273333 0.008869 0.066667
8 0.160754 0.153333 0.008869 0.066667
6 0.160754 0.513333 0.008869 0.066667
20 0.277162 0.513333 0.017738 0.066667
8 0.393570 0.273333 0.008869 0.066667
2 0.393570 0.753333 0.008869 0.066667
20 0.511086 0.273333 0.017738 0.066667
10 0.511086 0.393333 0.017738 0.066667
10 0.627494 0.153333 0.017738 0.066667
28 0.627494 0.753333 0.026608 0.066667
5 0.627494 0.273333 0.008869 0.066667
7 0.743902 0.513333 0.008869 0.066667
23 0.743902 0.273333 0.017738 0.066667
3 0.860310 0.393333 0.008869 0.066667