19 0.145246 0.393333 0.016719 0.066667
2 0.145246 0.273333 0.008359 0.066667
15 0.249739 0.633333 0.016719 0.066667
28 0.354232 0.753333 0.025078 0.066667
2 0.354232 0.633333 0.008359 0.066667
20 0.354232 0.153333 0.016719 0.066667
0 0.457680 0.513333 0.008359 0.066667
3 0.457680 0.753333 0.008359 0.066667
20 0.562173 0.273333 0.016719 0.066667
18 0.562173 0.393333 0.016719 0.066667
23 0.562173 0.513333 0.016719 0.066667
23 0.562173 0.153333 0.016719 0.066667
0 0.666667 0.753333 0.008359 0.066667
4 0.666667 0.153333 0.008359 0.066667
12 0.770115 0.273333 0.016719 0.066667
1 0.770115 0.393333 0.008359 0.066667
5 0.770115 0.753333 0.008359 0.066667
8 0.770115 0.513333 0.008359 0.066667
0 0.874608 0.153333 0.008359 0.066667
0 0.874608 0.393333 0.008359 0.066667
28 0.874608 0.513333 0.025078 0.066667