0 0.161883 0.753333 0.009185 0.066667
5 0.161883 0.513333 0.009185 0.066667
13 0.161883 0.633333 0.018370 0.066667
1 0.277842 0.513333 0.009185 0.066667
0 0.277842 0.153333 0.009185 0.066667
3 0.277842 0.753333 0.009185 0.066667
7 0.277842 0.273333 0.009185 0.066667
9 0.394948 0.513333 0.009185 0.066667
4 0.394948 0.633333 0.009185 0.066667
0 0.394948 0.273333 0.009185 0.066667
9 0.510907 0.633333 0.009185 0.066667
6 0.510907 0.153333 0.009185 0.066667
6 0.510907 0.753333 0.009185 0.066667
9 0.510907 0.273333 0.009185 0.066667
20 0.626866 0.273333 0.018370 0.066667
13 0.743972 0.753333 0.018370 0.066667
10 0.859931 0.153333 0.018370 0.066667