3 0.136434 0.513333 0.012403 0.066667
10 0.212403 0.753333 0.024806 0.066667
8 0.288372 0.393333 0.012403 0.066667
2 0.364341 0.513333 0.012403 0.066667
7 0.364341 0.393333 0.012403 0.066667
8 0.364341 0.273333 0.012403 0.066667
0 0.438760 0.153333 0.012403 0.066667
12 0.514729 0.513333 0.024806 0.066667
13 0.514729 0.273333 0.024806 0.066667
14 0.590698 0.153333 0.024806 0.066667
11 0.590698 0.393333 0.024806 0.066667
1 0.590698 0.753333 0.012403 0.066667
8 0.666667 0.273333 0.012403 0.066667
2 0.741085 0.513333 0.012403 0.066667
17 0.741085 0.753333 0.024806 0.066667
22 0.817054 0.753333 0.024806 0.066667
9 0.893023 0.393333 0.012403 0.066667
5 0.893023 0.513333 0.012403 0.066667