19 0.136546 0.393333 0.021419 0.066667
5 0.219545 0.393333 0.010710 0.066667
27 0.303213 0.273333 0.009371 0.053333
9 0.386881 0.393333 0.010710 0.066667
14 0.386881 0.153333 0.021419 0.066667
2 0.471218 0.273333 0.010710 0.066667
6 0.471218 0.513333 0.010710 0.066667
11 0.471218 0.153333 0.021419 0.066667
6 0.471218 0.633333 0.010710 0.066667
10 0.554217 0.753333 0.021419 0.066667
12 0.554217 0.273333 0.021419 0.066667
3 0.638554 0.393333 0.010710 0.066667
6 0.721553 0.153333 0.010710 0.066667
7 0.805890 0.273333 0.010710 0.066667
2 0.805890 0.393333 0.010710 0.066667
0 0.805890 0.753333 0.010710 0.066667
9 0.888889 0.633333 0.010710 0.066667
4 0.888889 0.513333 0.010710 0.066667
1 0.888889 0.153333 0.010710 0.066667
0 0.888889 0.393333 0.010710 0.066667