0 0.135079 0.273333 0.008377 0.066667
21 0.229319 0.633333 0.016754 0.066667
16 0.229319 0.393333 0.016754 0.066667
0 0.322513 0.633333 0.008377 0.066667
9 0.322513 0.153333 0.008377 0.066667
12 0.416754 0.753333 0.016754 0.066667
7 0.509948 0.513333 0.008377 0.066667
4 0.509948 0.753333 0.008377 0.066667
4 0.509948 0.633333 0.008377 0.066667
5 0.604188 0.153333 0.008377 0.066667
1 0.697382 0.393333 0.008377 0.066667
9 0.697382 0.753333 0.008377 0.066667
28 0.791623 0.513333 0.025131 0.066667
17 0.791623 0.393333 0.016754 0.066667
7 0.791623 0.633333 0.008377 0.066667
8 0.884817 0.393333 0.008377 0.066667
12 0.884817 0.153333 0.016754 0.066667