2 0.145379 0.633333 0.008307 0.066667
9 0.145379 0.393333 0.008307 0.066667
1 0.145379 0.513333 0.008307 0.066667
5 0.249221 0.753333 0.008307 0.066667
22 0.249221 0.393333 0.016615 0.066667
5 0.354102 0.153333 0.008307 0.066667
16 0.354102 0.513333 0.016615 0.066667
1 0.354102 0.393333 0.008307 0.066667
9 0.457944 0.633333 0.008307 0.066667
27 0.562305 0.393333 0.007269 0.053333
28 0.666667 0.273333 0.033229 0.066667
11 0.770509 0.273333 0.016615 0.066667
21 0.770509 0.513333 0.016615 0.066667
9 0.770509 0.633333 0.008307 0.066667
11 0.874351 0.753333 0.016615 0.066667
0 0.874351 0.513333 0.008307 0.066667
6 0.874351 0.273333 0.008307 0.066667