12 0.162383 0.753333 0.018692 0.066667
2 0.162383 0.153333 0.009346 0.066667
13 0.279206 0.273333 0.018692 0.066667
5 0.279206 0.753333 0.009346 0.066667
3 0.394860 0.753333 0.009346 0.066667
12 0.394860 0.153333 0.018692 0.066667
3 0.511682 0.513333 0.009346 0.066667
14 0.511682 0.153333 0.018692 0.066667
6 0.511682 0.273333 0.009346 0.066667
15 0.627336 0.633333 0.018692 0.066667
9 0.744159 0.513333 0.009346 0.066667
12 0.744159 0.393333 0.018692 0.066667
0 0.859813 0.633333 0.009346 0.066667
6 0.859813 0.753333 0.009346 0.066667
11 0.859813 0.513333 0.018692 0.066667