4 0.146444 0.633333 0.011158 0.066667
18 0.238494 0.633333 0.022315 0.066667
1 0.330544 0.393333 0.011158 0.066667
1 0.330544 0.753333 0.011158 0.066667
11 0.330544 0.513333 0.022315 0.066667
19 0.330544 0.273333 0.022315 0.066667
3 0.421199 0.633333 0.011158 0.066667
5 0.421199 0.393333 0.011158 0.066667
2 0.421199 0.753333 0.011158 0.066667
7 0.513250 0.393333 0.011158 0.066667
7 0.605300 0.153333 0.011158 0.066667
6 0.605300 0.513333 0.011158 0.066667
27 0.696653 0.513333 0.009763 0.053333
5 0.695955 0.153333 0.011158 0.066667
21 0.695955 0.633333 0.022315 0.066667
0 0.788006 0.273333 0.011158 0.066667
0 0.788006 0.753333 0.011158 0.066667
20 0.788006 0.633333 0.022315 0.066667
3 0.880056 0.513333 0.011158 0.066667