2 0.119458 0.753333 0.009852 0.066667
4 0.190887 0.273333 0.009852 0.066667
4 0.190887 0.393333 0.009852 0.066667
3 0.190887 0.633333 0.009852 0.066667
1 0.262315 0.513333 0.009852 0.066667
15 0.333744 0.393333 0.019704 0.066667
2 0.333744 0.513333 0.009852 0.066667
3 0.405172 0.633333 0.009852 0.066667
0 0.405172 0.153333 0.009852 0.066667
6 0.476601 0.273333 0.009852 0.066667
5 0.546798 0.273333 0.009852 0.066667
6 0.618227 0.273333 0.009852 0.066667
1 0.618227 0.393333 0.009852 0.066667
13 0.618227 0.753333 0.019704 0.066667
0 0.689655 0.513333 0.009852 0.066667
6 0.689655 0.153333 0.009852 0.066667
1 0.689655 0.273333 0.009852 0.066667
23 0.761084 0.753333 0.019704 0.066667
20 0.761084 0.153333 0.019704 0.066667
10 0.832512 0.753333 0.019704 0.066667
6 0.832512 0.513333 0.009852 0.066667
6 0.903941 0.393333 0.009852 0.066667
0 0.903941 0.153333 0.009852 0.066667