1 0.148961 0.513333 0.009238 0.066667
2 0.252887 0.633333 0.009238 0.066667
7 0.355658 0.753333 0.009238 0.066667
24 0.355658 0.273333 0.018476 0.066667
0 0.355658 0.513333 0.009238 0.066667
4 0.459584 0.753333 0.009238 0.066667
6 0.562356 0.153333 0.009238 0.066667
0 0.562356 0.393333 0.009238 0.066667
28 0.562356 0.273333 0.036952 0.066667
3 0.666282 0.393333 0.009238 0.066667
2 0.666282 0.273333 0.009238 0.066667
5 0.666282 0.633333 0.009238 0.066667
9 0.666282 0.153333 0.009238 0.066667
11 0.769053 0.273333 0.018476 0.066667
0 0.769053 0.153333 0.009238 0.066667
0 0.872979 0.393333 0.009238 0.066667
1 0.872979 0.273333 0.009238 0.066667