28 0.147100 0.393333 0.033946 0.066667
4 0.239038 0.753333 0.011315 0.066667
20 0.239038 0.273333 0.022631 0.066667
10 0.330976 0.633333 0.022631 0.066667
23 0.330976 0.513333 0.022631 0.066667
4 0.330976 0.393333 0.011315 0.066667
2 0.421499 0.153333 0.011315 0.066667
11 0.513437 0.153333 0.022631 0.066667
0 0.513437 0.753333 0.011315 0.066667
3 0.605375 0.753333 0.011315 0.066667
12 0.605375 0.273333 0.022631 0.066667
0 0.605375 0.393333 0.011315 0.066667
1 0.695898 0.393333 0.011315 0.066667
3 0.787836 0.153333 0.011315 0.066667
0 0.879774 0.393333 0.011315 0.066667