4 0.127143 0.753333 0.011429 0.066667
21 0.197143 0.153333 0.022857 0.066667
9 0.197143 0.753333 0.011429 0.066667
28 0.197143 0.513333 0.034286 0.066667
14 0.267143 0.513333 0.022857 0.066667
0 0.267143 0.633333 0.011429 0.066667
4 0.337143 0.753333 0.011429 0.066667
10 0.408571 0.393333 0.022857 0.066667
5 0.478571 0.753333 0.011429 0.066667
5 0.478571 0.273333 0.011429 0.066667
20 0.478571 0.513333 0.022857 0.066667
8 0.548571 0.513333 0.011429 0.066667
2 0.548571 0.273333 0.011429 0.066667
13 0.548571 0.393333 0.022857 0.066667
1 0.618571 0.753333 0.011429 0.066667
0 0.618571 0.633333 0.011429 0.066667
9 0.618571 0.513333 0.011429 0.066667
4 0.690000 0.633333 0.011429 0.066667
2 0.690000 0.273333 0.011429 0.066667
0 0.690000 0.153333 0.011429 0.066667
0 0.760000 0.393333 0.011429 0.066667
0 0.830000 0.633333 0.011429 0.066667
4 0.830000 0.513333 0.011429 0.066667
3 0.900000 0.513333 0.011429 0.066667
0 0.900000 0.633333 0.011429 0.066667