7 0.118126 0.393333 0.008147 0.066667
0 0.118126 0.513333 0.008147 0.066667
17 0.118126 0.273333 0.016293 0.066667
17 0.196538 0.273333 0.016293 0.066667
8 0.196538 0.513333 0.008147 0.066667
6 0.196538 0.153333 0.008147 0.066667
11 0.196538 0.753333 0.016293 0.066667
6 0.274949 0.633333 0.008147 0.066667
14 0.353360 0.513333 0.016293 0.066667
0 0.353360 0.153333 0.008147 0.066667
0 0.431772 0.153333 0.008147 0.066667
2 0.510183 0.633333 0.008147 0.066667
0 0.510183 0.273333 0.008147 0.066667
27 0.509674 0.393333 0.007128 0.053333
28 0.587576 0.513333 0.032587 0.066667
0 0.587576 0.633333 0.008147 0.066667
4 0.587576 0.153333 0.008147 0.066667
4 0.665988 0.273333 0.008147 0.066667
5 0.665988 0.633333 0.008147 0.066667
8 0.744399 0.273333 0.008147 0.066667
16 0.744399 0.393333 0.016293 0.066667
9 0.744399 0.153333 0.008147 0.066667
9 0.822811 0.633333 0.008147 0.066667
5 0.822811 0.753333 0.008147 0.066667
3 0.901222 0.513333 0.008147 0.066667