28 0.177508 0.153333 0.026461 0.066667
9 0.177508 0.513333 0.008820 0.066667
17 0.177508 0.273333 0.017641 0.066667
5 0.310915 0.153333 0.008820 0.066667
17 0.310915 0.633333 0.017641 0.066667
0 0.310915 0.273333 0.008820 0.066667
22 0.444322 0.513333 0.017641 0.066667
10 0.444322 0.633333 0.017641 0.066667
1 0.444322 0.273333 0.008820 0.066667
0 0.577729 0.273333 0.008820 0.066667
15 0.577729 0.753333 0.017641 0.066667
2 0.711136 0.633333 0.008820 0.066667
5 0.711136 0.393333 0.008820 0.066667
1 0.711136 0.753333 0.008820 0.066667
12 0.844542 0.513333 0.017641 0.066667
28 0.844542 0.273333 0.026461 0.066667