19 0.145194 0.633333 0.016360 0.066667
0 0.249489 0.273333 0.008180 0.066667
3 0.249489 0.633333 0.008180 0.066667
24 0.249489 0.513333 0.016360 0.066667
19 0.249489 0.393333 0.016360 0.066667
3 0.353783 0.633333 0.008180 0.066667
1 0.353783 0.393333 0.008180 0.066667
28 0.353783 0.153333 0.032720 0.066667
2 0.458078 0.753333 0.008180 0.066667
19 0.458078 0.393333 0.016360 0.066667
17 0.562372 0.513333 0.016360 0.066667
1 0.562372 0.753333 0.008180 0.066667
2 0.666667 0.273333 0.008180 0.066667
9 0.666667 0.753333 0.008180 0.066667
0 0.666667 0.513333 0.008180 0.066667
0 0.770961 0.153333 0.008180 0.066667
28 0.770961 0.633333 0.024540 0.066667
8 0.770961 0.273333 0.008180 0.066667
15 0.770961 0.513333 0.016360 0.066667
11 0.875256 0.153333 0.016360 0.066667