2 0.135258 0.753333 0.012158 0.066667
27 0.212006 0.753333 0.010638 0.053333
18 0.287234 0.393333 0.024316 0.066667
0 0.287234 0.633333 0.012158 0.066667
5 0.363222 0.273333 0.012158 0.066667
12 0.363222 0.393333 0.024316 0.066667
11 0.439210 0.753333 0.024316 0.066667
15 0.439210 0.393333 0.024316 0.066667
0 0.515198 0.393333 0.012158 0.066667
0 0.515198 0.513333 0.012158 0.066667
1 0.589666 0.513333 0.012158 0.066667
9 0.589666 0.153333 0.012158 0.066667
3 0.665653 0.633333 0.012158 0.066667
0 0.741641 0.513333 0.012158 0.066667
12 0.817629 0.153333 0.024316 0.066667
1 0.817629 0.273333 0.012158 0.066667
0 0.893617 0.273333 0.012158 0.066667
10 0.893617 0.153333 0.024316 0.066667
16 0.893617 0.393333 0.024316 0.066667
4 0.893617 0.513333 0.012158 0.066667