2 0.121328 0.513333 0.010217 0.066667
7 0.192848 0.513333 0.010217 0.066667
0 0.192848 0.273333 0.010217 0.066667
7 0.263091 0.273333 0.010217 0.066667
6 0.334610 0.513333 0.010217 0.066667
4 0.406130 0.513333 0.010217 0.066667
13 0.406130 0.273333 0.020434 0.066667
9 0.476373 0.513333 0.010217 0.066667
9 0.547893 0.393333 0.010217 0.066667
7 0.618135 0.753333 0.010217 0.066667
17 0.618135 0.633333 0.020434 0.066667
7 0.689655 0.273333 0.010217 0.066667
1 0.689655 0.753333 0.010217 0.066667
9 0.689655 0.153333 0.010217 0.066667
4 0.761175 0.393333 0.010217 0.066667
4 0.761175 0.753333 0.010217 0.066667
1 0.761175 0.513333 0.010217 0.066667
1 0.831418 0.393333 0.010217 0.066667
27 0.832056 0.153333 0.008940 0.053333
5 0.902937 0.273333 0.010217 0.066667
4 0.902937 0.633333 0.010217 0.066667
0 0.902937 0.393333 0.010217 0.066667