9 0.124408 0.753333 0.009479 0.066667
28 0.124408 0.393333 0.028436 0.066667
0 0.124408 0.633333 0.009479 0.066667
6 0.201422 0.753333 0.009479 0.066667
2 0.279621 0.273333 0.009479 0.066667
20 0.279621 0.633333 0.018957 0.066667
8 0.356635 0.393333 0.009479 0.066667
3 0.356635 0.153333 0.009479 0.066667
0 0.433649 0.633333 0.009479 0.066667
12 0.511848 0.753333 0.018957 0.066667
2 0.588863 0.633333 0.009479 0.066667
8 0.665877 0.513333 0.009479 0.066667
4 0.665877 0.273333 0.009479 0.066667
24 0.665877 0.633333 0.018957 0.066667
2 0.744076 0.633333 0.009479 0.066667
8 0.821090 0.273333 0.009479 0.066667
5 0.821090 0.153333 0.009479 0.066667
9 0.821090 0.633333 0.009479 0.066667
24 0.898104 0.753333 0.018957 0.066667
15 0.898104 0.513333 0.018957 0.066667
6 0.898104 0.633333 0.009479 0.066667
8 0.898104 0.153333 0.009479 0.066667