18 0.160793 0.633333 0.017621 0.066667
12 0.277533 0.633333 0.017621 0.066667
27 0.393722 0.753333 0.007709 0.053333
27 0.510463 0.273333 0.007709 0.053333
1 0.511013 0.153333 0.008811 0.066667
9 0.627753 0.393333 0.008811 0.066667
3 0.627753 0.513333 0.008811 0.066667
14 0.627753 0.273333 0.017621 0.066667
23 0.627753 0.633333 0.017621 0.066667
20 0.744493 0.753333 0.017621 0.066667
2 0.744493 0.633333 0.008811 0.066667
10 0.744493 0.393333 0.017621 0.066667
4 0.744493 0.273333 0.008811 0.066667
0 0.861233 0.393333 0.008811 0.066667
13 0.861233 0.273333 0.017621 0.066667