5 0.162708 0.393333 0.009501 0.066667
17 0.279097 0.753333 0.019002 0.066667
4 0.279097 0.393333 0.009501 0.066667
2 0.395487 0.273333 0.009501 0.066667
11 0.395487 0.393333 0.019002 0.066667
3 0.395487 0.753333 0.009501 0.066667
3 0.511876 0.273333 0.009501 0.066667
2 0.627078 0.513333 0.009501 0.066667
15 0.627078 0.753333 0.019002 0.066667
6 0.627078 0.153333 0.009501 0.066667
5 0.627078 0.633333 0.009501 0.066667
12 0.743468 0.753333 0.019002 0.066667
7 0.743468 0.393333 0.009501 0.066667
0 0.743468 0.273333 0.009501 0.066667
2 0.859857 0.153333 0.009501 0.066667
1 0.859857 0.273333 0.009501 0.066667
3 0.859857 0.393333 0.009501 0.066667