0 0.126619 0.633333 0.011511 0.066667
23 0.126619 0.753333 0.023022 0.066667
0 0.126619 0.513333 0.011511 0.066667
3 0.197122 0.153333 0.011511 0.066667
3 0.267626 0.393333 0.011511 0.066667
20 0.338129 0.153333 0.023022 0.066667
13 0.408633 0.513333 0.023022 0.066667
15 0.408633 0.393333 0.023022 0.066667
15 0.408633 0.753333 0.023022 0.066667
2 0.479137 0.633333 0.011511 0.066667
3 0.479137 0.153333 0.011511 0.066667
0 0.479137 0.273333 0.011511 0.066667
4 0.548201 0.633333 0.011511 0.066667
0 0.618705 0.513333 0.011511 0.066667
23 0.689209 0.153333 0.023022 0.066667
0 0.689209 0.513333 0.011511 0.066667
3 0.759712 0.633333 0.011511 0.066667
4 0.759712 0.393333 0.011511 0.066667
3 0.759712 0.753333 0.011511 0.066667
17 0.759712 0.513333 0.023022 0.066667
7 0.830216 0.393333 0.011511 0.066667
5 0.830216 0.513333 0.011511 0.066667
0 0.830216 0.633333 0.011511 0.066667
8 0.900719 0.753333 0.011511 0.066667
14 0.900719 0.393333 0.023022 0.066667
3 0.900719 0.273333 0.011511 0.066667
3 0.900719 0.153333 0.011511 0.066667