4 0.135829 0.633333 0.008556 0.066667
7 0.229947 0.273333 0.008556 0.066667
5 0.229947 0.633333 0.008556 0.066667
0 0.322995 0.513333 0.008556 0.066667
4 0.322995 0.753333 0.008556 0.066667
4 0.417112 0.153333 0.008556 0.066667
1 0.417112 0.273333 0.008556 0.066667
24 0.417112 0.513333 0.017112 0.066667
6 0.510160 0.393333 0.008556 0.066667
28 0.510160 0.513333 0.025668 0.066667
21 0.510160 0.633333 0.017112 0.066667
5 0.604278 0.753333 0.008556 0.066667
5 0.697326 0.153333 0.008556 0.066667
11 0.791444 0.393333 0.017112 0.066667
3 0.791444 0.633333 0.008556 0.066667
8 0.791444 0.153333 0.008556 0.066667
11 0.884492 0.513333 0.017112 0.066667