5 0.118661 0.753333 0.008114 0.066667
4 0.118661 0.393333 0.008114 0.066667
0 0.196755 0.513333 0.008114 0.066667
5 0.196755 0.633333 0.008114 0.066667
18 0.274848 0.753333 0.016227 0.066667
6 0.352941 0.393333 0.008114 0.066667
28 0.431034 0.633333 0.024341 0.066667
0 0.431034 0.753333 0.008114 0.066667
0 0.431034 0.393333 0.008114 0.066667
24 0.510142 0.633333 0.016227 0.066667
6 0.510142 0.153333 0.008114 0.066667
4 0.588235 0.753333 0.008114 0.066667
7 0.666329 0.753333 0.008114 0.066667
0 0.666329 0.633333 0.008114 0.066667
3 0.744422 0.273333 0.008114 0.066667
15 0.744422 0.513333 0.016227 0.066667
2 0.744422 0.153333 0.008114 0.066667
12 0.744422 0.753333 0.016227 0.066667
6 0.822515 0.753333 0.008114 0.066667
6 0.900609 0.753333 0.008114 0.066667
4 0.900609 0.393333 0.008114 0.066667