19 0.140762 0.273333 0.023460 0.066667
5 0.140762 0.633333 0.011730 0.066667
0 0.140762 0.153333 0.011730 0.066667
28 0.224340 0.393333 0.046921 0.066667
0 0.306452 0.753333 0.011730 0.066667
1 0.390029 0.753333 0.011730 0.066667
0 0.472141 0.393333 0.011730 0.066667
0 0.472141 0.153333 0.011730 0.066667
3 0.472141 0.273333 0.011730 0.066667
6 0.555718 0.513333 0.011730 0.066667
5 0.555718 0.153333 0.011730 0.066667
15 0.637830 0.753333 0.023460 0.066667
27 0.638563 0.633333 0.010264 0.053333
0 0.637830 0.273333 0.011730 0.066667
3 0.721408 0.753333 0.011730 0.066667
2 0.721408 0.633333 0.011730 0.066667
19 0.721408 0.513333 0.023460 0.066667
21 0.803519 0.393333 0.023460 0.066667
1 0.803519 0.513333 0.011730 0.066667
19 0.887097 0.273333 0.023460 0.066667
17 0.887097 0.393333 0.023460 0.066667