10 0.213946 0.513333 0.025357 0.066667
0 0.213946 0.393333 0.012678 0.066667
24 0.213946 0.633333 0.025357 0.066667
24 0.364501 0.513333 0.025357 0.066667
0 0.364501 0.153333 0.012678 0.066667
4 0.364501 0.633333 0.012678 0.066667
3 0.364501 0.393333 0.012678 0.066667
4 0.515055 0.633333 0.012678 0.066667
14 0.515055 0.513333 0.025357 0.066667
28 0.515055 0.273333 0.038035 0.066667
19 0.515055 0.153333 0.025357 0.066667
3 0.665610 0.273333 0.012678 0.066667
11 0.665610 0.513333 0.025357 0.066667
15 0.665610 0.153333 0.025357 0.066667
5 0.816165 0.753333 0.012678 0.066667