3 0.169944 0.393333 0.011236 0.066667
6 0.169944 0.753333 0.011236 0.066667
5 0.169944 0.513333 0.011236 0.066667
13 0.169944 0.153333 0.022472 0.066667
5 0.285112 0.753333 0.011236 0.066667
8 0.285112 0.633333 0.011236 0.066667
0 0.285112 0.273333 0.011236 0.066667
6 0.398876 0.513333 0.011236 0.066667
22 0.514045 0.153333 0.022472 0.066667
17 0.514045 0.753333 0.022472 0.066667
5 0.514045 0.393333 0.011236 0.066667
1 0.514045 0.273333 0.011236 0.066667
3 0.627809 0.153333 0.011236 0.066667
17 0.627809 0.513333 0.022472 0.066667
3 0.742978 0.513333 0.011236 0.066667
28 0.742978 0.633333 0.033708 0.066667
21 0.742978 0.153333 0.022472 0.066667
2 0.856742 0.393333 0.011236 0.066667
4 0.856742 0.753333 0.011236 0.066667