3 0.144737 0.513333 0.010526 0.066667
17 0.144737 0.753333 0.021053 0.066667
13 0.144737 0.633333 0.021053 0.066667
0 0.236842 0.393333 0.010526 0.066667
28 0.236842 0.513333 0.042105 0.066667
0 0.236842 0.753333 0.010526 0.066667
3 0.328947 0.153333 0.010526 0.066667
4 0.328947 0.393333 0.010526 0.066667
5 0.328947 0.513333 0.010526 0.066667
7 0.421053 0.633333 0.010526 0.066667
23 0.421053 0.153333 0.021053 0.066667
3 0.513158 0.153333 0.010526 0.066667
2 0.605263 0.753333 0.010526 0.066667
15 0.605263 0.153333 0.021053 0.066667
0 0.605263 0.273333 0.010526 0.066667
10 0.697368 0.273333 0.021053 0.066667
4 0.697368 0.393333 0.010526 0.066667
0 0.789474 0.753333 0.010526 0.066667
5 0.881579 0.153333 0.010526 0.066667
5 0.881579 0.633333 0.010526 0.066667