0 0.126225 0.393333 0.009804 0.066667
3 0.126225 0.513333 0.009804 0.066667
17 0.203431 0.273333 0.019608 0.066667
0 0.280637 0.153333 0.009804 0.066667
2 0.357843 0.753333 0.009804 0.066667
0 0.357843 0.273333 0.009804 0.066667
17 0.357843 0.153333 0.019608 0.066667
27 0.434436 0.753333 0.008578 0.053333
9 0.512255 0.273333 0.009804 0.066667
9 0.512255 0.753333 0.009804 0.066667
21 0.512255 0.393333 0.019608 0.066667
1 0.512255 0.153333 0.009804 0.066667
27 0.588848 0.393333 0.008578 0.053333
24 0.589461 0.753333 0.019608 0.066667
16 0.666667 0.633333 0.019608 0.066667
2 0.666667 0.273333 0.009804 0.066667
15 0.666667 0.753333 0.019608 0.066667
9 0.743873 0.513333 0.009804 0.066667
5 0.743873 0.273333 0.009804 0.066667
4 0.743873 0.393333 0.009804 0.066667
9 0.821078 0.513333 0.009804 0.066667
1 0.821078 0.753333 0.009804 0.066667
7 0.821078 0.393333 0.009804 0.066667
2 0.898284 0.393333 0.009804 0.066667
27 0.897672 0.753333 0.008578 0.053333
4 0.898284 0.513333 0.009804 0.066667
5 0.898284 0.153333 0.009804 0.066667