13 0.160714 0.513333 0.017857 0.066667
5 0.160714 0.633333 0.008929 0.066667
5 0.160714 0.753333 0.008929 0.066667
3 0.160714 0.153333 0.008929 0.066667
11 0.277902 0.153333 0.017857 0.066667
15 0.277902 0.513333 0.017857 0.066667
0 0.393973 0.633333 0.008929 0.066667
19 0.393973 0.153333 0.017857 0.066667
1 0.393973 0.753333 0.008929 0.066667
2 0.393973 0.273333 0.008929 0.066667
0 0.511161 0.633333 0.008929 0.066667
6 0.511161 0.153333 0.008929 0.066667
1 0.511161 0.393333 0.008929 0.066667
1 0.627232 0.393333 0.008929 0.066667
5 0.627232 0.153333 0.008929 0.066667
27 0.627790 0.513333 0.007812 0.053333
21 0.744420 0.633333 0.017857 0.066667
13 0.860491 0.273333 0.017857 0.066667
19 0.860491 0.633333 0.017857 0.066667
13 0.860491 0.153333 0.017857 0.066667