4 0.176342 0.393333 0.008762 0.066667
5 0.309967 0.393333 0.008762 0.066667
0 0.309967 0.513333 0.008762 0.066667
1 0.443593 0.393333 0.008762 0.066667
2 0.443593 0.153333 0.008762 0.066667
8 0.443593 0.633333 0.008762 0.066667
24 0.443593 0.513333 0.017525 0.066667
22 0.577218 0.393333 0.017525 0.066667
15 0.577218 0.513333 0.017525 0.066667
19 0.577218 0.153333 0.017525 0.066667
8 0.710843 0.753333 0.008762 0.066667
8 0.710843 0.513333 0.008762 0.066667
3 0.844469 0.513333 0.008762 0.066667
10 0.844469 0.393333 0.017525 0.066667