12 0.130027 0.153333 0.021448 0.066667
21 0.130027 0.273333 0.021448 0.066667
1 0.130027 0.753333 0.010724 0.066667
4 0.130027 0.633333 0.010724 0.066667
0 0.206434 0.153333 0.010724 0.066667
22 0.282842 0.153333 0.021448 0.066667
0 0.282842 0.633333 0.010724 0.066667
4 0.359249 0.753333 0.010724 0.066667
14 0.359249 0.633333 0.021448 0.066667
0 0.359249 0.513333 0.010724 0.066667
17 0.359249 0.153333 0.021448 0.066667
3 0.435657 0.633333 0.010724 0.066667
7 0.513405 0.393333 0.010724 0.066667
4 0.589812 0.513333 0.010724 0.066667
22 0.589812 0.633333 0.021448 0.066667
7 0.666220 0.273333 0.010724 0.066667
11 0.742627 0.153333 0.021448 0.066667
16 0.742627 0.753333 0.021448 0.066667
1 0.742627 0.393333 0.010724 0.066667
3 0.742627 0.513333 0.010724 0.066667
1 0.819035 0.513333 0.010724 0.066667
4 0.819035 0.153333 0.010724 0.066667
27 0.819705 0.633333 0.009383 0.053333
7 0.819035 0.273333 0.010724 0.066667
3 0.895442 0.153333 0.010724 0.066667