0 0.135671 0.273333 0.012195 0.066667
21 0.135671 0.153333 0.024390 0.066667
11 0.135671 0.393333 0.024390 0.066667
6 0.135671 0.753333 0.012195 0.066667
2 0.211890 0.513333 0.012195 0.066667
10 0.211890 0.273333 0.024390 0.066667
11 0.211890 0.753333 0.024390 0.066667
11 0.288110 0.393333 0.024390 0.066667
22 0.288110 0.513333 0.024390 0.066667
10 0.362805 0.153333 0.024390 0.066667
28 0.362805 0.393333 0.048780 0.066667
2 0.439024 0.273333 0.012195 0.066667
1 0.439024 0.753333 0.012195 0.066667
11 0.439024 0.393333 0.024390 0.066667
0 0.515244 0.633333 0.012195 0.066667
16 0.515244 0.153333 0.024390 0.066667
6 0.515244 0.273333 0.012195 0.066667
4 0.515244 0.393333 0.012195 0.066667
3 0.589939 0.513333 0.012195 0.066667
1 0.589939 0.633333 0.012195 0.066667
9 0.666159 0.633333 0.012195 0.066667
5 0.742378 0.633333 0.012195 0.066667
7 0.742378 0.153333 0.012195 0.066667
6 0.817073 0.153333 0.012195 0.066667
22 0.817073 0.393333 0.024390 0.066667
0 0.893293 0.513333 0.012195 0.066667
10 0.893293 0.633333 0.024390 0.066667