3 0.117241 0.513333 0.009195 0.066667
5 0.117241 0.633333 0.009195 0.066667
2 0.117241 0.393333 0.009195 0.066667
17 0.117241 0.273333 0.018391 0.066667
18 0.188506 0.753333 0.018391 0.066667
6 0.188506 0.153333 0.009195 0.066667
2 0.188506 0.393333 0.009195 0.066667
23 0.188506 0.633333 0.018391 0.066667
15 0.259770 0.633333 0.018391 0.066667
1 0.259770 0.753333 0.009195 0.066667
3 0.259770 0.393333 0.009195 0.066667
3 0.259770 0.153333 0.009195 0.066667
0 0.332184 0.273333 0.009195 0.066667
4 0.332184 0.753333 0.009195 0.066667
11 0.332184 0.153333 0.018391 0.066667
3 0.403448 0.273333 0.009195 0.066667
3 0.474713 0.393333 0.009195 0.066667
0 0.474713 0.753333 0.009195 0.066667
17 0.474713 0.153333 0.018391 0.066667
0 0.474713 0.513333 0.009195 0.066667
1 0.547126 0.273333 0.009195 0.066667
1 0.547126 0.753333 0.009195 0.066667
0 0.547126 0.633333 0.009195 0.066667
11 0.618391 0.273333 0.018391 0.066667
20 0.618391 0.753333 0.018391 0.066667
0 0.689655 0.753333 0.009195 0.066667
2 0.689655 0.393333 0.009195 0.066667
28 0.689655 0.153333 0.027586 0.066667
20 0.762069 0.393333 0.018391 0.066667
27 0.761494 0.513333 0.008046 0.053333
4 0.833333 0.753333 0.009195 0.066667
0 0.833333 0.273333 0.009195 0.066667
3 0.904598 0.633333 0.009195 0.066667
3 0.904598 0.393333 0.009195 0.066667
13 0.904598 0.153333 0.018391 0.066667