20 0.124654 0.633333 0.022161 0.066667
0 0.124654 0.753333 0.011080 0.066667
10 0.195291 0.753333 0.022161 0.066667
10 0.195291 0.633333 0.022161 0.066667
1 0.195291 0.153333 0.011080 0.066667
6 0.265928 0.393333 0.011080 0.066667
5 0.336565 0.513333 0.011080 0.066667
1 0.336565 0.273333 0.011080 0.066667
4 0.407202 0.753333 0.011080 0.066667
0 0.477839 0.753333 0.011080 0.066667
24 0.477839 0.273333 0.022161 0.066667
11 0.548476 0.153333 0.022161 0.066667
0 0.548476 0.753333 0.011080 0.066667
1 0.619114 0.273333 0.011080 0.066667
11 0.619114 0.153333 0.022161 0.066667
4 0.619114 0.393333 0.011080 0.066667
4 0.619114 0.753333 0.011080 0.066667
5 0.689751 0.753333 0.011080 0.066667
5 0.760388 0.273333 0.011080 0.066667
3 0.760388 0.393333 0.011080 0.066667
14 0.760388 0.513333 0.022161 0.066667
1 0.831025 0.753333 0.011080 0.066667
23 0.901662 0.513333 0.022161 0.066667