18 0.175789 0.753333 0.016842 0.066667
2 0.175789 0.273333 0.008421 0.066667
2 0.309474 0.633333 0.008421 0.066667
10 0.309474 0.753333 0.016842 0.066667
10 0.309474 0.153333 0.016842 0.066667
7 0.309474 0.273333 0.008421 0.066667
11 0.443158 0.753333 0.016842 0.066667
1 0.576842 0.153333 0.008421 0.066667
3 0.710526 0.393333 0.008421 0.066667
7 0.710526 0.273333 0.008421 0.066667
6 0.710526 0.633333 0.008421 0.066667
28 0.844211 0.633333 0.025263 0.066667
16 0.844211 0.393333 0.016842 0.066667
28 0.844211 0.513333 0.025263 0.066667
6 0.844211 0.273333 0.008421 0.066667