7 0.131148 0.153333 0.010929 0.066667
5 0.131148 0.633333 0.010929 0.066667
9 0.207650 0.513333 0.010929 0.066667
27 0.206967 0.633333 0.009563 0.053333
8 0.284153 0.753333 0.010929 0.066667
2 0.360656 0.273333 0.010929 0.066667
22 0.360656 0.633333 0.021858 0.066667
6 0.437158 0.273333 0.010929 0.066667
0 0.513661 0.273333 0.010929 0.066667
1 0.590164 0.753333 0.010929 0.066667
0 0.590164 0.633333 0.010929 0.066667
0 0.666667 0.633333 0.010929 0.066667
11 0.666667 0.273333 0.021858 0.066667
18 0.666667 0.153333 0.021858 0.066667
2 0.666667 0.393333 0.010929 0.066667
23 0.743169 0.153333 0.021858 0.066667
8 0.819672 0.753333 0.010929 0.066667
11 0.896175 0.513333 0.021858 0.066667