6 0.115172 0.513333 0.008859 0.066667
21 0.115172 0.633333 0.017719 0.066667
16 0.115172 0.753333 0.017719 0.066667
9 0.115172 0.393333 0.008859 0.066667
2 0.187154 0.633333 0.008859 0.066667
11 0.187154 0.753333 0.017719 0.066667
5 0.187154 0.393333 0.008859 0.066667
1 0.259136 0.393333 0.008859 0.066667
5 0.259136 0.633333 0.008859 0.066667
4 0.331118 0.273333 0.008859 0.066667
1 0.331118 0.513333 0.008859 0.066667
15 0.403101 0.633333 0.017719 0.066667
7 0.403101 0.753333 0.008859 0.066667
13 0.403101 0.153333 0.017719 0.066667
3 0.475083 0.753333 0.008859 0.066667
0 0.475083 0.273333 0.008859 0.066667
23 0.545958 0.393333 0.017719 0.066667
18 0.545958 0.633333 0.017719 0.066667
6 0.617940 0.633333 0.008859 0.066667
0 0.617940 0.153333 0.008859 0.066667
0 0.689922 0.273333 0.008859 0.066667
15 0.689922 0.633333 0.017719 0.066667
12 0.689922 0.513333 0.017719 0.066667
9 0.761905 0.153333 0.008859 0.066667
8 0.761905 0.753333 0.008859 0.066667
21 0.761905 0.633333 0.017719 0.066667
6 0.761905 0.393333 0.008859 0.066667
3 0.833887 0.513333 0.008859 0.066667
8 0.833887 0.393333 0.008859 0.066667
7 0.905869 0.753333 0.008859 0.066667
0 0.905869 0.513333 0.008859 0.066667
0 0.905869 0.633333 0.008859 0.066667