18 0.114101 0.273333 0.017223 0.066667
1 0.114101 0.153333 0.008611 0.066667
4 0.186222 0.513333 0.008611 0.066667
15 0.258342 0.753333 0.017223 0.066667
3 0.330463 0.513333 0.008611 0.066667
14 0.402583 0.513333 0.017223 0.066667
9 0.474704 0.513333 0.008611 0.066667
9 0.474704 0.753333 0.008611 0.066667
5 0.545748 0.633333 0.008611 0.066667
0 0.545748 0.393333 0.008611 0.066667
4 0.545748 0.153333 0.008611 0.066667
17 0.617869 0.153333 0.017223 0.066667
17 0.617869 0.513333 0.017223 0.066667
11 0.689989 0.153333 0.017223 0.066667
0 0.762110 0.393333 0.008611 0.066667
2 0.834230 0.633333 0.008611 0.066667
11 0.834230 0.753333 0.017223 0.066667
5 0.834230 0.513333 0.008611 0.066667
1 0.906351 0.153333 0.008611 0.066667
19 0.906351 0.633333 0.017223 0.066667