28 0.121173 0.153333 0.030612 0.066667
15 0.121173 0.513333 0.020408 0.066667
13 0.121173 0.393333 0.020408 0.066667
0 0.192602 0.633333 0.010204 0.066667
1 0.192602 0.153333 0.010204 0.066667
2 0.192602 0.753333 0.010204 0.066667
3 0.192602 0.513333 0.010204 0.066667
2 0.264031 0.513333 0.010204 0.066667
6 0.264031 0.273333 0.010204 0.066667
14 0.334184 0.633333 0.020408 0.066667
19 0.405612 0.513333 0.020408 0.066667
1 0.477041 0.393333 0.010204 0.066667
10 0.477041 0.753333 0.020408 0.066667
0 0.547194 0.393333 0.010204 0.066667
9 0.618622 0.393333 0.010204 0.066667
1 0.618622 0.513333 0.010204 0.066667
9 0.690051 0.753333 0.010204 0.066667
3 0.760204 0.753333 0.010204 0.066667
22 0.831633 0.393333 0.020408 0.066667
10 0.831633 0.273333 0.020408 0.066667
0 0.903061 0.153333 0.010204 0.066667
0 0.903061 0.513333 0.010204 0.066667
3 0.903061 0.753333 0.010204 0.066667