0 0.163614 0.153333 0.009768 0.066667
0 0.163614 0.513333 0.009768 0.066667
12 0.279609 0.153333 0.019536 0.066667
10 0.279609 0.633333 0.019536 0.066667
6 0.395604 0.393333 0.009768 0.066667
11 0.395604 0.753333 0.019536 0.066667
19 0.395604 0.153333 0.019536 0.066667
0 0.395604 0.633333 0.009768 0.066667
3 0.511600 0.513333 0.009768 0.066667
2 0.511600 0.153333 0.009768 0.066667
3 0.627595 0.393333 0.009768 0.066667
27 0.626984 0.273333 0.008547 0.053333
1 0.627595 0.153333 0.009768 0.066667
5 0.743590 0.753333 0.009768 0.066667
5 0.743590 0.273333 0.009768 0.066667
3 0.859585 0.393333 0.009768 0.066667
8 0.859585 0.633333 0.009768 0.066667