0 0.137698 0.513333 0.009029 0.066667
6 0.137698 0.633333 0.009029 0.066667
5 0.231377 0.513333 0.009029 0.066667
5 0.323928 0.513333 0.009029 0.066667
7 0.323928 0.393333 0.009029 0.066667
24 0.417607 0.753333 0.018059 0.066667
7 0.417607 0.513333 0.009029 0.066667
2 0.417607 0.153333 0.009029 0.066667
4 0.511287 0.513333 0.009029 0.066667
5 0.511287 0.153333 0.009029 0.066667
10 0.511287 0.273333 0.018059 0.066667
7 0.603837 0.393333 0.009029 0.066667
5 0.603837 0.513333 0.009029 0.066667
6 0.603837 0.753333 0.009029 0.066667
1 0.603837 0.153333 0.009029 0.066667
23 0.697517 0.393333 0.018059 0.066667
2 0.790068 0.513333 0.009029 0.066667
7 0.883747 0.753333 0.009029 0.066667