12 0.192308 0.513333 0.025641 0.066667
13 0.192308 0.153333 0.025641 0.066667
6 0.192308 0.633333 0.012821 0.066667
12 0.322115 0.153333 0.025641 0.066667
12 0.322115 0.633333 0.025641 0.066667
0 0.450321 0.273333 0.012821 0.066667
2 0.450321 0.153333 0.012821 0.066667
6 0.450321 0.513333 0.012821 0.066667
10 0.580128 0.153333 0.025641 0.066667
0 0.708333 0.513333 0.012821 0.066667
14 0.708333 0.273333 0.025641 0.066667
23 0.838141 0.633333 0.025641 0.066667
8 0.838141 0.273333 0.012821 0.066667
3 0.838141 0.153333 0.012821 0.066667
5 0.838141 0.753333 0.012821 0.066667