8 0.152074 0.513333 0.012289 0.066667
9 0.152074 0.273333 0.012289 0.066667
2 0.152074 0.393333 0.012289 0.066667
7 0.242704 0.513333 0.012289 0.066667
28 0.242704 0.753333 0.036866 0.066667
28 0.333333 0.153333 0.049155 0.066667
5 0.333333 0.273333 0.012289 0.066667
1 0.333333 0.513333 0.012289 0.066667
7 0.423963 0.633333 0.012289 0.066667
6 0.423963 0.153333 0.012289 0.066667
6 0.423963 0.273333 0.012289 0.066667
21 0.423963 0.513333 0.024578 0.066667
23 0.514593 0.513333 0.024578 0.066667
11 0.605223 0.273333 0.024578 0.066667
0 0.605223 0.633333 0.012289 0.066667
0 0.695853 0.153333 0.012289 0.066667
3 0.695853 0.273333 0.012289 0.066667
10 0.695853 0.513333 0.024578 0.066667
16 0.695853 0.393333 0.024578 0.066667
3 0.786482 0.633333 0.012289 0.066667
23 0.786482 0.513333 0.024578 0.066667
3 0.877112 0.273333 0.012289 0.066667