5 0.153061 0.753333 0.010204 0.066667
4 0.153061 0.633333 0.010204 0.066667
1 0.255102 0.393333 0.010204 0.066667
7 0.255102 0.153333 0.010204 0.066667
11 0.358418 0.153333 0.020408 0.066667
2 0.358418 0.273333 0.010204 0.066667
1 0.460459 0.633333 0.010204 0.066667
1 0.460459 0.753333 0.010204 0.066667
9 0.460459 0.513333 0.010204 0.066667
3 0.563776 0.753333 0.010204 0.066667
0 0.563776 0.633333 0.010204 0.066667
6 0.563776 0.513333 0.010204 0.066667
7 0.563776 0.153333 0.010204 0.066667
9 0.665816 0.273333 0.010204 0.066667
7 0.665816 0.633333 0.010204 0.066667
28 0.769133 0.633333 0.040816 0.066667
3 0.769133 0.153333 0.010204 0.066667
3 0.769133 0.513333 0.010204 0.066667
7 0.769133 0.753333 0.010204 0.066667
10 0.871173 0.753333 0.020408 0.066667
5 0.871173 0.633333 0.010204 0.066667