17 0.113951 0.753333 0.017039 0.066667
0 0.186368 0.273333 0.008520 0.066667
5 0.186368 0.513333 0.008520 0.066667
0 0.257721 0.633333 0.008520 0.066667
1 0.257721 0.753333 0.008520 0.066667
0 0.330138 0.513333 0.008520 0.066667
9 0.330138 0.753333 0.008520 0.066667
2 0.330138 0.153333 0.008520 0.066667
8 0.402556 0.153333 0.008520 0.066667
19 0.402556 0.393333 0.017039 0.066667
2 0.402556 0.513333 0.008520 0.066667
10 0.473908 0.513333 0.017039 0.066667
11 0.473908 0.153333 0.017039 0.066667
3 0.473908 0.753333 0.008520 0.066667
0 0.473908 0.273333 0.008520 0.066667
12 0.546326 0.153333 0.017039 0.066667
19 0.546326 0.633333 0.017039 0.066667
28 0.617678 0.393333 0.025559 0.066667
1 0.617678 0.753333 0.008520 0.066667
7 0.690096 0.273333 0.008520 0.066667
22 0.762513 0.273333 0.017039 0.066667
4 0.762513 0.393333 0.008520 0.066667
11 0.833866 0.153333 0.017039 0.066667
20 0.833866 0.753333 0.017039 0.066667
7 0.833866 0.393333 0.008520 0.066667
10 0.906283 0.273333 0.017039 0.066667