7 0.153646 0.513333 0.010417 0.066667
4 0.153646 0.633333 0.010417 0.066667
16 0.153646 0.153333 0.020833 0.066667
17 0.153646 0.393333 0.020833 0.066667
17 0.256510 0.633333 0.020833 0.066667
3 0.256510 0.393333 0.010417 0.066667
1 0.256510 0.753333 0.010417 0.066667
3 0.359375 0.753333 0.010417 0.066667
9 0.460938 0.393333 0.010417 0.066667
3 0.563802 0.633333 0.010417 0.066667
2 0.563802 0.753333 0.010417 0.066667
3 0.563802 0.513333 0.010417 0.066667
12 0.563802 0.393333 0.020833 0.066667
9 0.666667 0.273333 0.010417 0.066667
23 0.768229 0.153333 0.020833 0.066667
0 0.768229 0.273333 0.010417 0.066667
5 0.871094 0.273333 0.010417 0.066667
28 0.871094 0.633333 0.041667 0.066667