9 0.183511 0.393333 0.010638 0.066667
6 0.315160 0.753333 0.010638 0.066667
9 0.315160 0.633333 0.010638 0.066667
2 0.446809 0.633333 0.010638 0.066667
8 0.446809 0.273333 0.010638 0.066667
5 0.446809 0.753333 0.010638 0.066667
20 0.578457 0.393333 0.021277 0.066667
4 0.578457 0.513333 0.010638 0.066667
2 0.578457 0.753333 0.010638 0.066667
7 0.710106 0.393333 0.010638 0.066667
16 0.710106 0.753333 0.021277 0.066667
9 0.841755 0.633333 0.010638 0.066667
1 0.841755 0.513333 0.010638 0.066667
27 0.841090 0.273333 0.009309 0.053333