3 0.116438 0.393333 0.009132 0.066667
7 0.116438 0.633333 0.009132 0.066667
24 0.116438 0.513333 0.018265 0.066667
0 0.188356 0.513333 0.009132 0.066667
3 0.260274 0.273333 0.009132 0.066667
4 0.260274 0.633333 0.009132 0.066667
1 0.260274 0.513333 0.009132 0.066667
3 0.332192 0.273333 0.009132 0.066667
4 0.332192 0.393333 0.009132 0.066667
1 0.332192 0.153333 0.009132 0.066667
0 0.332192 0.633333 0.009132 0.066667
4 0.402968 0.513333 0.009132 0.066667
1 0.474886 0.753333 0.009132 0.066667
6 0.474886 0.153333 0.009132 0.066667
3 0.546804 0.633333 0.009132 0.066667
9 0.618721 0.753333 0.009132 0.066667
0 0.618721 0.633333 0.009132 0.066667
10 0.618721 0.273333 0.018265 0.066667
2 0.689498 0.153333 0.009132 0.066667
12 0.761416 0.633333 0.018265 0.066667
22 0.761416 0.393333 0.018265 0.066667
7 0.833333 0.153333 0.009132 0.066667
3 0.833333 0.753333 0.009132 0.066667
4 0.833333 0.393333 0.009132 0.066667
1 0.905251 0.633333 0.009132 0.066667
8 0.905251 0.753333 0.009132 0.066667
4 0.905251 0.273333 0.009132 0.066667
10 0.905251 0.153333 0.018265 0.066667