3 0.120783 0.513333 0.008705 0.066667
2 0.120783 0.633333 0.008705 0.066667
23 0.199129 0.273333 0.017410 0.066667
4 0.276387 0.633333 0.008705 0.066667
3 0.276387 0.513333 0.008705 0.066667
17 0.276387 0.393333 0.017410 0.066667
1 0.354733 0.273333 0.008705 0.066667
4 0.354733 0.633333 0.008705 0.066667
0 0.431991 0.393333 0.008705 0.066667
1 0.510337 0.753333 0.008705 0.066667
5 0.510337 0.153333 0.008705 0.066667
1 0.510337 0.633333 0.008705 0.066667
6 0.510337 0.273333 0.008705 0.066667
24 0.588683 0.153333 0.017410 0.066667
0 0.665941 0.153333 0.008705 0.066667
3 0.744287 0.753333 0.008705 0.066667
8 0.744287 0.153333 0.008705 0.066667
27 0.822089 0.153333 0.007617 0.053333
27 0.899347 0.633333 0.007617 0.053333
6 0.899891 0.513333 0.008705 0.066667
28 0.899891 0.753333 0.026115 0.066667
5 0.899891 0.153333 0.008705 0.066667