8 0.138655 0.633333 0.011204 0.066667
10 0.138655 0.153333 0.022409 0.066667
1 0.221289 0.273333 0.011204 0.066667
7 0.305322 0.753333 0.011204 0.066667
24 0.305322 0.273333 0.022409 0.066667
3 0.387955 0.513333 0.011204 0.066667
3 0.387955 0.393333 0.011204 0.066667
3 0.387955 0.273333 0.011204 0.066667
6 0.387955 0.633333 0.011204 0.066667
0 0.471989 0.273333 0.011204 0.066667
4 0.471989 0.393333 0.011204 0.066667
1 0.471989 0.153333 0.011204 0.066667
0 0.471989 0.633333 0.011204 0.066667
28 0.554622 0.633333 0.033613 0.066667
7 0.554622 0.393333 0.011204 0.066667
12 0.638655 0.393333 0.022409 0.066667
3 0.638655 0.633333 0.011204 0.066667
14 0.638655 0.513333 0.022409 0.066667
6 0.721289 0.393333 0.011204 0.066667
0 0.805322 0.273333 0.011204 0.066667
3 0.805322 0.153333 0.011204 0.066667
7 0.887955 0.753333 0.011204 0.066667