6 0.120797 0.153333 0.009963 0.066667
18 0.120797 0.393333 0.019925 0.066667
2 0.191781 0.633333 0.009963 0.066667
6 0.262765 0.273333 0.009963 0.066667
10 0.333748 0.273333 0.019925 0.066667
1 0.333748 0.393333 0.009963 0.066667
3 0.404732 0.513333 0.009963 0.066667
10 0.404732 0.393333 0.019925 0.066667
8 0.475716 0.393333 0.009963 0.066667
16 0.475716 0.633333 0.019925 0.066667
6 0.547945 0.633333 0.009963 0.066667
1 0.618929 0.273333 0.009963 0.066667
2 0.689913 0.393333 0.009963 0.066667
4 0.689913 0.153333 0.009963 0.066667
13 0.689913 0.273333 0.019925 0.066667
0 0.760897 0.753333 0.009963 0.066667
1 0.760897 0.513333 0.009963 0.066667
27 0.832503 0.153333 0.008717 0.053333
2 0.902864 0.513333 0.009963 0.066667