11 0.123543 0.633333 0.018648 0.066667
23 0.201632 0.753333 0.018648 0.066667
3 0.201632 0.393333 0.009324 0.066667
5 0.278555 0.753333 0.009324 0.066667
28 0.356643 0.153333 0.027972 0.066667
7 0.356643 0.513333 0.009324 0.066667
1 0.356643 0.633333 0.009324 0.066667
13 0.433566 0.393333 0.018648 0.066667
0 0.433566 0.633333 0.009324 0.066667
0 0.433566 0.273333 0.009324 0.066667
1 0.433566 0.753333 0.009324 0.066667
15 0.511655 0.393333 0.018648 0.066667
12 0.511655 0.753333 0.018648 0.066667
12 0.588578 0.633333 0.018648 0.066667
9 0.588578 0.153333 0.009324 0.066667
4 0.666667 0.153333 0.009324 0.066667
1 0.666667 0.753333 0.009324 0.066667
2 0.666667 0.273333 0.009324 0.066667
24 0.666667 0.513333 0.018648 0.066667
0 0.743590 0.633333 0.009324 0.066667
0 0.743590 0.753333 0.009324 0.066667
16 0.743590 0.153333 0.018648 0.066667
28 0.821678 0.273333 0.027972 0.066667
1 0.821678 0.513333 0.009324 0.066667
0 0.898601 0.513333 0.009324 0.066667
28 0.898601 0.273333 0.037296 0.066667