23 0.122706 0.753333 0.018349 0.066667
6 0.122706 0.273333 0.009174 0.066667
22 0.122706 0.393333 0.018349 0.066667
0 0.122706 0.153333 0.009174 0.066667
8 0.200688 0.633333 0.009174 0.066667
0 0.200688 0.513333 0.009174 0.066667
2 0.278670 0.753333 0.009174 0.066667
19 0.278670 0.513333 0.018349 0.066667
16 0.278670 0.633333 0.018349 0.066667
19 0.355505 0.153333 0.018349 0.066667
10 0.433486 0.273333 0.018349 0.066667
13 0.433486 0.513333 0.018349 0.066667
18 0.511468 0.633333 0.018349 0.066667
15 0.511468 0.273333 0.018349 0.066667
1 0.588303 0.153333 0.009174 0.066667
1 0.588303 0.273333 0.009174 0.066667
28 0.666284 0.633333 0.036697 0.066667
5 0.744266 0.633333 0.009174 0.066667
4 0.821101 0.393333 0.009174 0.066667
0 0.821101 0.753333 0.009174 0.066667
2 0.899083 0.273333 0.009174 0.066667
15 0.899083 0.393333 0.018349 0.066667