0 0.125461 0.273333 0.009840 0.066667
2 0.125461 0.513333 0.009840 0.066667
1 0.125461 0.753333 0.009840 0.066667
11 0.202952 0.393333 0.019680 0.066667
1 0.202952 0.513333 0.009840 0.066667
17 0.202952 0.273333 0.019680 0.066667
3 0.280443 0.753333 0.009840 0.066667
27 0.279828 0.273333 0.008610 0.053333
7 0.280443 0.633333 0.009840 0.066667
6 0.357934 0.153333 0.009840 0.066667
6 0.357934 0.513333 0.009840 0.066667
6 0.434194 0.273333 0.009840 0.066667
14 0.511685 0.393333 0.019680 0.066667
23 0.511685 0.753333 0.019680 0.066667
3 0.589176 0.633333 0.009840 0.066667
6 0.666667 0.273333 0.009840 0.066667
10 0.666667 0.153333 0.019680 0.066667
7 0.666667 0.633333 0.009840 0.066667
28 0.666667 0.513333 0.039360 0.066667
5 0.742927 0.273333 0.009840 0.066667
10 0.742927 0.633333 0.019680 0.066667
5 0.820418 0.513333 0.009840 0.066667
1 0.820418 0.633333 0.009840 0.066667
6 0.897909 0.633333 0.009840 0.066667