11 0.122310 0.273333 0.018120 0.066667
0 0.122310 0.513333 0.009060 0.066667
2 0.200453 0.513333 0.009060 0.066667
7 0.277463 0.513333 0.009060 0.066667
21 0.277463 0.273333 0.018120 0.066667
7 0.355606 0.633333 0.009060 0.066667
11 0.432616 0.153333 0.018120 0.066667
0 0.432616 0.273333 0.009060 0.066667
5 0.510759 0.633333 0.009060 0.066667
6 0.588901 0.153333 0.009060 0.066667
20 0.588901 0.753333 0.018120 0.066667
2 0.665912 0.273333 0.009060 0.066667
10 0.665912 0.393333 0.018120 0.066667
1 0.744054 0.753333 0.009060 0.066667
4 0.744054 0.513333 0.009060 0.066667
21 0.821065 0.153333 0.018120 0.066667
1 0.821065 0.393333 0.009060 0.066667
2 0.821065 0.753333 0.009060 0.066667
5 0.899207 0.153333 0.009060 0.066667
2 0.899207 0.753333 0.009060 0.066667
24 0.899207 0.393333 0.018120 0.066667