1 0.146382 0.753333 0.013158 0.066667
0 0.146382 0.393333 0.013158 0.066667
7 0.146382 0.153333 0.013158 0.066667
3 0.228618 0.513333 0.013158 0.066667
2 0.228618 0.633333 0.013158 0.066667
28 0.228618 0.393333 0.039474 0.066667
5 0.310855 0.273333 0.013158 0.066667
4 0.393092 0.393333 0.013158 0.066667
2 0.393092 0.753333 0.013158 0.066667
3 0.393092 0.513333 0.013158 0.066667
19 0.475329 0.633333 0.026316 0.066667
0 0.475329 0.273333 0.013158 0.066667
0 0.555921 0.513333 0.013158 0.066667
7 0.638158 0.273333 0.013158 0.066667
10 0.638158 0.753333 0.026316 0.066667
17 0.720395 0.393333 0.026316 0.066667
21 0.802632 0.393333 0.026316 0.066667
0 0.802632 0.633333 0.013158 0.066667
6 0.884868 0.393333 0.013158 0.066667
2 0.884868 0.153333 0.013158 0.066667