0 0.149852 0.513333 0.011869 0.066667
2 0.240356 0.753333 0.011869 0.066667
16 0.240356 0.273333 0.023739 0.066667
15 0.332344 0.753333 0.023739 0.066667
6 0.332344 0.513333 0.011869 0.066667
1 0.422849 0.513333 0.011869 0.066667
2 0.422849 0.273333 0.011869 0.066667
17 0.514837 0.753333 0.023739 0.066667
4 0.514837 0.633333 0.011869 0.066667
3 0.514837 0.153333 0.011869 0.066667
2 0.605341 0.513333 0.011869 0.066667
17 0.605341 0.393333 0.023739 0.066667
17 0.605341 0.273333 0.023739 0.066667
0 0.695846 0.273333 0.011869 0.066667
6 0.787834 0.753333 0.011869 0.066667
5 0.878338 0.393333 0.011869 0.066667
8 0.878338 0.753333 0.011869 0.066667