2 0.127409 0.633333 0.008565 0.066667
0 0.211991 0.393333 0.008565 0.066667
22 0.211991 0.153333 0.017131 0.066667
11 0.297645 0.753333 0.017131 0.066667
18 0.297645 0.633333 0.017131 0.066667
7 0.297645 0.273333 0.008565 0.066667
7 0.382227 0.273333 0.008565 0.066667
14 0.382227 0.633333 0.017131 0.066667
7 0.467880 0.393333 0.008565 0.066667
0 0.467880 0.153333 0.008565 0.066667
6 0.467880 0.633333 0.008565 0.066667
1 0.552463 0.753333 0.008565 0.066667
0 0.638116 0.753333 0.008565 0.066667
10 0.638116 0.153333 0.017131 0.066667
1 0.722698 0.753333 0.008565 0.066667
22 0.808351 0.633333 0.017131 0.066667
0 0.892934 0.273333 0.008565 0.066667
20 0.892934 0.153333 0.017131 0.066667
8 0.892934 0.393333 0.008565 0.066667