0 0.119804 0.273333 0.009780 0.066667
6 0.119804 0.393333 0.009780 0.066667
3 0.119804 0.153333 0.009780 0.066667
0 0.119804 0.753333 0.009780 0.066667
9 0.190709 0.153333 0.009780 0.066667
5 0.261614 0.273333 0.009780 0.066667
3 0.261614 0.633333 0.009780 0.066667
9 0.333741 0.633333 0.009780 0.066667
9 0.333741 0.153333 0.009780 0.066667
16 0.333741 0.513333 0.019560 0.066667
6 0.404645 0.513333 0.009780 0.066667
19 0.404645 0.753333 0.019560 0.066667
22 0.404645 0.273333 0.019560 0.066667
1 0.475550 0.153333 0.009780 0.066667
6 0.475550 0.753333 0.009780 0.066667
8 0.547677 0.273333 0.009780 0.066667
0 0.618582 0.753333 0.009780 0.066667
0 0.689487 0.753333 0.009780 0.066667
0 0.761614 0.273333 0.009780 0.066667
28 0.761614 0.513333 0.029340 0.066667
2 0.832518 0.393333 0.009780 0.066667
6 0.832518 0.273333 0.009780 0.066667
6 0.903423 0.273333 0.009780 0.066667
5 0.903423 0.753333 0.009780 0.066667
8 0.903423 0.633333 0.009780 0.066667