19 0.144578 0.273333 0.016064 0.066667
1 0.144578 0.393333 0.008032 0.066667
8 0.144578 0.753333 0.008032 0.066667
14 0.248996 0.393333 0.016064 0.066667
13 0.353414 0.513333 0.016064 0.066667
6 0.457831 0.753333 0.008032 0.066667
22 0.457831 0.633333 0.016064 0.066667
5 0.457831 0.273333 0.008032 0.066667
16 0.457831 0.153333 0.016064 0.066667
19 0.562249 0.633333 0.016064 0.066667
8 0.562249 0.513333 0.008032 0.066667
1 0.666667 0.393333 0.008032 0.066667
18 0.771084 0.153333 0.016064 0.066667
12 0.771084 0.753333 0.016064 0.066667
1 0.875502 0.633333 0.008032 0.066667
8 0.875502 0.393333 0.008032 0.066667