0 0.165207 0.393333 0.010013 0.066667
2 0.165207 0.753333 0.010013 0.066667
1 0.280350 0.753333 0.010013 0.066667
7 0.280350 0.633333 0.010013 0.066667
8 0.396746 0.393333 0.010013 0.066667
7 0.396746 0.273333 0.010013 0.066667
4 0.396746 0.633333 0.010013 0.066667
19 0.511890 0.393333 0.020025 0.066667
2 0.511890 0.273333 0.010013 0.066667
1 0.511890 0.753333 0.010013 0.066667
5 0.627034 0.633333 0.010013 0.066667
28 0.743429 0.753333 0.030038 0.066667
17 0.858573 0.393333 0.020025 0.066667
13 0.858573 0.513333 0.020025 0.066667
3 0.858573 0.753333 0.010013 0.066667