0 0.120043 0.393333 0.008574 0.066667
24 0.198285 0.393333 0.017149 0.066667
2 0.198285 0.633333 0.008574 0.066667
0 0.276527 0.753333 0.008574 0.066667
19 0.354770 0.513333 0.017149 0.066667
4 0.354770 0.273333 0.008574 0.066667
6 0.354770 0.633333 0.008574 0.066667
7 0.354770 0.153333 0.008574 0.066667
27 0.432476 0.153333 0.007503 0.053333
11 0.431940 0.753333 0.017149 0.066667
23 0.431940 0.273333 0.017149 0.066667
0 0.431940 0.393333 0.008574 0.066667
0 0.510182 0.513333 0.008574 0.066667
7 0.588424 0.633333 0.008574 0.066667
1 0.588424 0.513333 0.008574 0.066667
11 0.588424 0.393333 0.017149 0.066667
15 0.588424 0.153333 0.017149 0.066667
10 0.666667 0.273333 0.017149 0.066667
9 0.666667 0.393333 0.008574 0.066667
13 0.743837 0.753333 0.017149 0.066667
11 0.743837 0.393333 0.017149 0.066667
0 0.743837 0.273333 0.008574 0.066667
18 0.743837 0.633333 0.017149 0.066667
15 0.822079 0.633333 0.017149 0.066667
0 0.900322 0.273333 0.008574 0.066667
24 0.900322 0.393333 0.017149 0.066667