1 0.182741 0.153333 0.010152 0.066667
5 0.182741 0.633333 0.010152 0.066667
10 0.182741 0.753333 0.020305 0.066667
2 0.182741 0.513333 0.010152 0.066667
28 0.314721 0.153333 0.030457 0.066667
6 0.314721 0.753333 0.010152 0.066667
2 0.446701 0.513333 0.010152 0.066667
13 0.578680 0.753333 0.020305 0.066667
4 0.578680 0.513333 0.010152 0.066667
2 0.710660 0.273333 0.010152 0.066667
5 0.710660 0.153333 0.010152 0.066667
14 0.710660 0.513333 0.020305 0.066667
0 0.842640 0.273333 0.010152 0.066667
24 0.842640 0.513333 0.020305 0.066667
6 0.842640 0.753333 0.010152 0.066667