7 0.140496 0.633333 0.013223 0.066667
0 0.140496 0.513333 0.013223 0.066667
5 0.140496 0.273333 0.013223 0.066667
20 0.140496 0.153333 0.026446 0.066667
1 0.214876 0.273333 0.013223 0.066667
3 0.214876 0.753333 0.013223 0.066667
3 0.290909 0.153333 0.013223 0.066667
28 0.290909 0.753333 0.052893 0.066667
7 0.290909 0.513333 0.013223 0.066667
5 0.290909 0.393333 0.013223 0.066667
6 0.365289 0.393333 0.013223 0.066667
28 0.441322 0.633333 0.039669 0.066667
17 0.515702 0.513333 0.026446 0.066667
2 0.590083 0.513333 0.013223 0.066667
3 0.666116 0.393333 0.013223 0.066667
5 0.740496 0.273333 0.013223 0.066667
4 0.740496 0.633333 0.013223 0.066667
27 0.741322 0.153333 0.011570 0.053333
18 0.816529 0.633333 0.026446 0.066667
14 0.890909 0.153333 0.026446 0.066667