20 0.154589 0.153333 0.025765 0.066667
7 0.244767 0.153333 0.012882 0.066667
3 0.244767 0.393333 0.012882 0.066667
10 0.244767 0.753333 0.025765 0.066667
16 0.334944 0.153333 0.025765 0.066667
2 0.334944 0.633333 0.012882 0.066667
5 0.425121 0.393333 0.012882 0.066667
0 0.515298 0.273333 0.012882 0.066667
12 0.605475 0.753333 0.025765 0.066667
4 0.605475 0.633333 0.012882 0.066667
0 0.695652 0.633333 0.012882 0.066667
2 0.695652 0.153333 0.012882 0.066667
5 0.695652 0.393333 0.012882 0.066667
3 0.785829 0.393333 0.012882 0.066667
24 0.876006 0.273333 0.025765 0.066667
2 0.876006 0.513333 0.012882 0.066667
16 0.876006 0.393333 0.025765 0.066667