6 0.135000 0.393333 0.013333 0.066667
4 0.135000 0.633333 0.013333 0.066667
2 0.205000 0.273333 0.013333 0.066667
0 0.205000 0.393333 0.013333 0.066667
9 0.273333 0.393333 0.013333 0.066667
6 0.273333 0.633333 0.013333 0.066667
0 0.343333 0.753333 0.013333 0.066667
7 0.343333 0.393333 0.013333 0.066667
3 0.411667 0.513333 0.013333 0.066667
0 0.411667 0.753333 0.013333 0.066667
0 0.411667 0.633333 0.013333 0.066667
2 0.481667 0.153333 0.013333 0.066667
8 0.481667 0.633333 0.013333 0.066667
0 0.481667 0.273333 0.013333 0.066667
23 0.550000 0.273333 0.026667 0.066667
5 0.550000 0.513333 0.013333 0.066667
0 0.550000 0.153333 0.013333 0.066667
27 0.619167 0.633333 0.011667 0.053333
19 0.688333 0.153333 0.026667 0.066667
12 0.688333 0.273333 0.026667 0.066667
0 0.688333 0.633333 0.013333 0.066667
4 0.758333 0.633333 0.013333 0.066667
14 0.758333 0.153333 0.026667 0.066667
6 0.758333 0.393333 0.013333 0.066667
3 0.826667 0.633333 0.013333 0.066667
3 0.826667 0.513333 0.013333 0.066667
11 0.826667 0.393333 0.026667 0.066667
0 0.896667 0.753333 0.013333 0.066667
28 0.896667 0.633333 0.053333 0.066667