3 0.206667 0.513333 0.010667 0.066667
14 0.360000 0.753333 0.021333 0.066667
28 0.360000 0.393333 0.032000 0.066667
2 0.360000 0.513333 0.010667 0.066667
5 0.513333 0.273333 0.010667 0.066667
10 0.513333 0.633333 0.021333 0.066667
5 0.513333 0.513333 0.010667 0.066667
3 0.513333 0.153333 0.010667 0.066667
3 0.666667 0.633333 0.010667 0.066667
0 0.666667 0.393333 0.010667 0.066667
0 0.666667 0.753333 0.010667 0.066667
1 0.820000 0.153333 0.010667 0.066667
1 0.820000 0.633333 0.010667 0.066667
23 0.820000 0.393333 0.021333 0.066667