13 0.117376 0.513333 0.018412 0.066667
4 0.117376 0.153333 0.009206 0.066667
4 0.117376 0.273333 0.009206 0.066667
3 0.188723 0.393333 0.009206 0.066667
18 0.260069 0.273333 0.018412 0.066667
22 0.331415 0.633333 0.018412 0.066667
6 0.331415 0.753333 0.009206 0.066667
6 0.403913 0.273333 0.009206 0.066667
0 0.475259 0.393333 0.009206 0.066667
7 0.475259 0.513333 0.009206 0.066667
23 0.475259 0.633333 0.018412 0.066667
0 0.546605 0.633333 0.009206 0.066667
3 0.546605 0.273333 0.009206 0.066667
3 0.546605 0.393333 0.009206 0.066667
16 0.617952 0.513333 0.018412 0.066667
0 0.617952 0.633333 0.009206 0.066667
9 0.617952 0.153333 0.009206 0.066667
5 0.690449 0.153333 0.009206 0.066667
2 0.761795 0.513333 0.009206 0.066667
27 0.761220 0.153333 0.008055 0.053333
6 0.761795 0.273333 0.009206 0.066667
17 0.833142 0.513333 0.018412 0.066667
11 0.833142 0.753333 0.018412 0.066667
6 0.833142 0.393333 0.009206 0.066667
5 0.904488 0.633333 0.009206 0.066667