14 0.129693 0.633333 0.018203 0.066667
2 0.213879 0.153333 0.009101 0.066667
4 0.299204 0.753333 0.009101 0.066667
3 0.299204 0.273333 0.009101 0.066667
1 0.383390 0.273333 0.009101 0.066667
16 0.383390 0.753333 0.018203 0.066667
14 0.383390 0.633333 0.018203 0.066667
6 0.383390 0.513333 0.009101 0.066667
0 0.468714 0.633333 0.009101 0.066667
6 0.468714 0.513333 0.009101 0.066667
2 0.468714 0.153333 0.009101 0.066667
7 0.552901 0.633333 0.009101 0.066667
8 0.638225 0.513333 0.009101 0.066667
24 0.722412 0.273333 0.018203 0.066667
4 0.722412 0.513333 0.009101 0.066667
18 0.722412 0.393333 0.018203 0.066667
4 0.807736 0.273333 0.009101 0.066667
9 0.891923 0.393333 0.009101 0.066667