23 0.179278 0.513333 0.018626 0.066667
1 0.179278 0.753333 0.009313 0.066667
14 0.311991 0.753333 0.018626 0.066667
1 0.311991 0.633333 0.009313 0.066667
10 0.311991 0.153333 0.018626 0.066667
1 0.444703 0.513333 0.009313 0.066667
9 0.444703 0.753333 0.009313 0.066667
9 0.444703 0.393333 0.009313 0.066667
9 0.577416 0.393333 0.009313 0.066667
23 0.577416 0.273333 0.018626 0.066667
9 0.710128 0.633333 0.009313 0.066667
2 0.710128 0.273333 0.009313 0.066667
3 0.710128 0.513333 0.009313 0.066667
3 0.842841 0.153333 0.009313 0.066667
24 0.842841 0.633333 0.018626 0.066667