3 0.119605 0.153333 0.009864 0.066667
21 0.119605 0.393333 0.019729 0.066667
1 0.191122 0.393333 0.009864 0.066667
2 0.262639 0.633333 0.009864 0.066667
8 0.262639 0.153333 0.009864 0.066667
5 0.262639 0.393333 0.009864 0.066667
8 0.334155 0.753333 0.009864 0.066667
13 0.334155 0.153333 0.019729 0.066667
9 0.404439 0.393333 0.009864 0.066667
6 0.404439 0.753333 0.009864 0.066667
12 0.475956 0.393333 0.019729 0.066667
11 0.475956 0.633333 0.019729 0.066667
9 0.475956 0.153333 0.009864 0.066667
5 0.547472 0.153333 0.009864 0.066667
2 0.547472 0.393333 0.009864 0.066667
1 0.618989 0.633333 0.009864 0.066667
5 0.618989 0.273333 0.009864 0.066667
13 0.689273 0.273333 0.019729 0.066667
3 0.760789 0.393333 0.009864 0.066667
5 0.832306 0.633333 0.009864 0.066667
4 0.903822 0.153333 0.009864 0.066667
0 0.903822 0.393333 0.009864 0.066667