11 0.187411 0.393333 0.022890 0.066667
6 0.187411 0.273333 0.011445 0.066667
15 0.187411 0.753333 0.022890 0.066667
0 0.317597 0.153333 0.011445 0.066667
0 0.317597 0.753333 0.011445 0.066667
16 0.317597 0.513333 0.022890 0.066667
8 0.317597 0.273333 0.011445 0.066667
12 0.447783 0.393333 0.022890 0.066667
1 0.579399 0.633333 0.011445 0.066667
11 0.579399 0.153333 0.022890 0.066667
6 0.579399 0.753333 0.011445 0.066667
22 0.709585 0.513333 0.022890 0.066667
5 0.709585 0.153333 0.011445 0.066667
7 0.839771 0.153333 0.011445 0.066667