13 0.128936 0.393333 0.023988 0.066667
22 0.199400 0.513333 0.023988 0.066667
10 0.199400 0.753333 0.023988 0.066667
28 0.199400 0.633333 0.035982 0.066667
1 0.269865 0.273333 0.011994 0.066667
1 0.269865 0.513333 0.011994 0.066667
11 0.269865 0.633333 0.023988 0.066667
1 0.338831 0.513333 0.011994 0.066667
20 0.409295 0.753333 0.023988 0.066667
2 0.409295 0.393333 0.011994 0.066667
0 0.479760 0.153333 0.011994 0.066667
0 0.548726 0.153333 0.011994 0.066667
3 0.619190 0.753333 0.011994 0.066667
1 0.619190 0.273333 0.011994 0.066667
8 0.619190 0.513333 0.011994 0.066667
5 0.689655 0.753333 0.011994 0.066667
22 0.689655 0.633333 0.023988 0.066667
16 0.758621 0.753333 0.023988 0.066667
13 0.758621 0.513333 0.023988 0.066667
2 0.758621 0.393333 0.011994 0.066667
5 0.829085 0.153333 0.011994 0.066667
28 0.829085 0.753333 0.035982 0.066667
11 0.899550 0.153333 0.023988 0.066667