3 0.175719 0.753333 0.008520 0.066667
4 0.175719 0.633333 0.008520 0.066667
3 0.175719 0.513333 0.008520 0.066667
3 0.309904 0.153333 0.008520 0.066667
0 0.309904 0.633333 0.008520 0.066667
17 0.309904 0.513333 0.017039 0.066667
5 0.309904 0.393333 0.008520 0.066667
9 0.443024 0.273333 0.008520 0.066667
15 0.577210 0.273333 0.017039 0.066667
0 0.710330 0.393333 0.008520 0.066667
11 0.710330 0.153333 0.017039 0.066667
1 0.710330 0.753333 0.008520 0.066667
0 0.844515 0.753333 0.008520 0.066667
18 0.844515 0.153333 0.017039 0.066667
3 0.844515 0.393333 0.008520 0.066667