7 0.118906 0.153333 0.009512 0.066667
8 0.190250 0.393333 0.009512 0.066667
3 0.190250 0.753333 0.009512 0.066667
2 0.261593 0.513333 0.009512 0.066667
4 0.332937 0.393333 0.009512 0.066667
1 0.332937 0.513333 0.009512 0.066667
0 0.404281 0.633333 0.009512 0.066667
4 0.404281 0.273333 0.009512 0.066667
4 0.404281 0.513333 0.009512 0.066667
4 0.475624 0.393333 0.009512 0.066667
5 0.475624 0.513333 0.009512 0.066667
2 0.546968 0.393333 0.009512 0.066667
5 0.546968 0.753333 0.009512 0.066667
6 0.618312 0.393333 0.009512 0.066667
12 0.618312 0.753333 0.019025 0.066667
28 0.618312 0.633333 0.038050 0.066667
2 0.689655 0.153333 0.009512 0.066667
22 0.760999 0.753333 0.019025 0.066667
10 0.760999 0.273333 0.019025 0.066667
4 0.832342 0.753333 0.009512 0.066667
0 0.832342 0.393333 0.009512 0.066667
23 0.903686 0.153333 0.019025 0.066667