28 0.187948 0.153333 0.034433 0.066667
5 0.187948 0.753333 0.011478 0.066667
13 0.318508 0.153333 0.022956 0.066667
15 0.318508 0.273333 0.022956 0.066667
2 0.318508 0.633333 0.011478 0.066667
2 0.449067 0.513333 0.011478 0.066667
12 0.449067 0.753333 0.022956 0.066667
5 0.449067 0.393333 0.011478 0.066667
1 0.579627 0.273333 0.011478 0.066667
5 0.579627 0.393333 0.011478 0.066667
3 0.710187 0.393333 0.011478 0.066667
21 0.710187 0.753333 0.022956 0.066667
1 0.710187 0.153333 0.011478 0.066667
7 0.840746 0.513333 0.011478 0.066667
1 0.840746 0.153333 0.011478 0.066667