5 0.203222 0.633333 0.009913 0.066667
7 0.203222 0.393333 0.009913 0.066667
12 0.203222 0.153333 0.019827 0.066667
23 0.358116 0.393333 0.019827 0.066667
6 0.358116 0.753333 0.009913 0.066667
0 0.358116 0.513333 0.009913 0.066667
6 0.511772 0.153333 0.009913 0.066667
8 0.511772 0.633333 0.009913 0.066667
21 0.511772 0.273333 0.019827 0.066667
0 0.666667 0.753333 0.009913 0.066667
5 0.666667 0.633333 0.009913 0.066667
9 0.666667 0.393333 0.009913 0.066667
3 0.820322 0.153333 0.009913 0.066667
19 0.820322 0.753333 0.019827 0.066667
15 0.820322 0.273333 0.019827 0.066667