7 0.158192 0.273333 0.011299 0.066667
0 0.259887 0.513333 0.011299 0.066667
5 0.259887 0.393333 0.011299 0.066667
10 0.259887 0.153333 0.022599 0.066667
17 0.361582 0.153333 0.022599 0.066667
3 0.463277 0.273333 0.011299 0.066667
5 0.564972 0.633333 0.011299 0.066667
10 0.564972 0.273333 0.022599 0.066667
9 0.564972 0.753333 0.011299 0.066667
0 0.666667 0.153333 0.011299 0.066667
15 0.666667 0.753333 0.022599 0.066667
0 0.768362 0.153333 0.011299 0.066667
1 0.768362 0.393333 0.011299 0.066667
9 0.870056 0.153333 0.011299 0.066667
6 0.870056 0.393333 0.011299 0.066667