3 0.162100 0.753333 0.009132 0.066667
9 0.162100 0.273333 0.009132 0.066667
12 0.162100 0.393333 0.018265 0.066667
12 0.278539 0.753333 0.018265 0.066667
23 0.278539 0.153333 0.018265 0.066667
1 0.278539 0.393333 0.009132 0.066667
10 0.394977 0.513333 0.018265 0.066667
4 0.394977 0.753333 0.009132 0.066667
23 0.394977 0.633333 0.018265 0.066667
11 0.511416 0.153333 0.018265 0.066667
10 0.511416 0.633333 0.018265 0.066667
10 0.627854 0.153333 0.018265 0.066667
1 0.627854 0.633333 0.009132 0.066667
0 0.744292 0.393333 0.009132 0.066667
3 0.744292 0.633333 0.009132 0.066667
8 0.744292 0.753333 0.009132 0.066667
17 0.744292 0.273333 0.018265 0.066667
1 0.860731 0.633333 0.009132 0.066667