14 0.135338 0.393333 0.024060 0.066667
0 0.135338 0.153333 0.012030 0.066667
6 0.135338 0.633333 0.012030 0.066667
4 0.135338 0.273333 0.012030 0.066667
7 0.210526 0.153333 0.012030 0.066667
12 0.210526 0.633333 0.024060 0.066667
14 0.287218 0.633333 0.024060 0.066667
8 0.287218 0.753333 0.012030 0.066667
4 0.287218 0.153333 0.012030 0.066667
9 0.287218 0.393333 0.012030 0.066667
19 0.362406 0.753333 0.024060 0.066667
17 0.362406 0.153333 0.024060 0.066667
4 0.362406 0.273333 0.012030 0.066667
28 0.362406 0.633333 0.048120 0.066667
9 0.439098 0.753333 0.012030 0.066667
21 0.439098 0.633333 0.024060 0.066667
8 0.439098 0.513333 0.012030 0.066667
5 0.514286 0.513333 0.012030 0.066667
2 0.589474 0.753333 0.012030 0.066667
12 0.666165 0.633333 0.024060 0.066667
8 0.666165 0.513333 0.012030 0.066667
23 0.741353 0.513333 0.024060 0.066667
19 0.741353 0.633333 0.024060 0.066667
12 0.741353 0.153333 0.024060 0.066667
0 0.741353 0.753333 0.012030 0.066667
6 0.818045 0.393333 0.012030 0.066667
9 0.818045 0.753333 0.012030 0.066667
3 0.818045 0.513333 0.012030 0.066667
3 0.893233 0.633333 0.012030 0.066667
3 0.893233 0.513333 0.012030 0.066667
22 0.893233 0.153333 0.024060 0.066667
14 0.893233 0.273333 0.024060 0.066667