12 0.158192 0.393333 0.022599 0.066667
6 0.158192 0.273333 0.011299 0.066667
16 0.259887 0.273333 0.022599 0.066667
10 0.259887 0.393333 0.022599 0.066667
28 0.259887 0.153333 0.033898 0.066667
7 0.361582 0.273333 0.011299 0.066667
7 0.463277 0.513333 0.011299 0.066667
21 0.463277 0.753333 0.022599 0.066667
3 0.463277 0.273333 0.011299 0.066667
8 0.564972 0.753333 0.011299 0.066667
13 0.564972 0.633333 0.022599 0.066667
7 0.564972 0.513333 0.011299 0.066667
4 0.666667 0.513333 0.011299 0.066667
19 0.666667 0.273333 0.022599 0.066667
5 0.666667 0.753333 0.011299 0.066667
13 0.768362 0.393333 0.022599 0.066667
0 0.768362 0.273333 0.011299 0.066667
18 0.768362 0.153333 0.022599 0.066667
6 0.870056 0.393333 0.011299 0.066667
5 0.870056 0.273333 0.011299 0.066667
2 0.870056 0.753333 0.011299 0.066667
2 0.870056 0.513333 0.011299 0.066667