8 0.155229 0.633333 0.013072 0.066667
1 0.155229 0.393333 0.013072 0.066667
0 0.245098 0.753333 0.013072 0.066667
0 0.245098 0.393333 0.013072 0.066667
28 0.334967 0.633333 0.039216 0.066667
7 0.334967 0.753333 0.013072 0.066667
14 0.334967 0.273333 0.026144 0.066667
9 0.424837 0.393333 0.013072 0.066667
2 0.424837 0.273333 0.013072 0.066667
17 0.424837 0.753333 0.026144 0.066667
18 0.424837 0.513333 0.026144 0.066667
2 0.516340 0.753333 0.013072 0.066667
8 0.516340 0.633333 0.013072 0.066667
6 0.516340 0.153333 0.013072 0.066667
3 0.606209 0.393333 0.013072 0.066667
12 0.696078 0.633333 0.026144 0.066667
3 0.696078 0.273333 0.013072 0.066667
6 0.785948 0.273333 0.013072 0.066667
19 0.785948 0.393333 0.026144 0.066667
24 0.875817 0.153333 0.026144 0.066667