21 0.147614 0.393333 0.017758 0.066667
10 0.147614 0.273333 0.017758 0.066667
23 0.250832 0.153333 0.017758 0.066667
0 0.250832 0.393333 0.008879 0.066667
0 0.250832 0.273333 0.008879 0.066667
14 0.355161 0.153333 0.017758 0.066667
4 0.458380 0.273333 0.008879 0.066667
2 0.562708 0.633333 0.008879 0.066667
12 0.562708 0.393333 0.017758 0.066667
0 0.562708 0.273333 0.008879 0.066667
8 0.562708 0.153333 0.008879 0.066667
0 0.665927 0.153333 0.008879 0.066667
4 0.665927 0.393333 0.008879 0.066667
3 0.665927 0.513333 0.008879 0.066667
3 0.770255 0.153333 0.008879 0.066667
3 0.770255 0.513333 0.008879 0.066667
5 0.770255 0.393333 0.008879 0.066667
7 0.770255 0.753333 0.008879 0.066667
0 0.873474 0.513333 0.008879 0.066667
7 0.873474 0.753333 0.008879 0.066667