5 0.112008 0.513333 0.008073 0.066667
1 0.112008 0.273333 0.008073 0.066667
12 0.184662 0.153333 0.016145 0.066667
0 0.184662 0.273333 0.008073 0.066667
0 0.256307 0.753333 0.008073 0.066667
2 0.328961 0.393333 0.008073 0.066667
0 0.401615 0.753333 0.008073 0.066667
10 0.401615 0.633333 0.016145 0.066667
0 0.401615 0.513333 0.008073 0.066667
3 0.473259 0.753333 0.008073 0.066667
5 0.545913 0.633333 0.008073 0.066667
3 0.545913 0.753333 0.008073 0.066667
5 0.617558 0.753333 0.008073 0.066667
28 0.690212 0.273333 0.024218 0.066667
8 0.690212 0.153333 0.008073 0.066667
0 0.762866 0.753333 0.008073 0.066667
13 0.762866 0.153333 0.016145 0.066667
3 0.834511 0.513333 0.008073 0.066667
0 0.834511 0.393333 0.008073 0.066667
2 0.834511 0.153333 0.008073 0.066667
2 0.907164 0.753333 0.008073 0.066667