5 0.140200 0.753333 0.011445 0.066667
4 0.140200 0.513333 0.011445 0.066667
12 0.140200 0.633333 0.022890 0.066667
2 0.223176 0.393333 0.011445 0.066667
3 0.223176 0.153333 0.011445 0.066667
3 0.223176 0.273333 0.011445 0.066667
2 0.306152 0.633333 0.011445 0.066667
2 0.306152 0.753333 0.011445 0.066667
0 0.389127 0.513333 0.011445 0.066667
2 0.389127 0.633333 0.011445 0.066667
2 0.472103 0.153333 0.011445 0.066667
28 0.472103 0.633333 0.045780 0.066667
28 0.472103 0.753333 0.034335 0.066667
8 0.555079 0.633333 0.011445 0.066667
4 0.555079 0.513333 0.011445 0.066667
4 0.555079 0.153333 0.011445 0.066667
1 0.638054 0.153333 0.011445 0.066667
16 0.638054 0.273333 0.022890 0.066667
5 0.638054 0.753333 0.011445 0.066667
3 0.721030 0.633333 0.011445 0.066667
0 0.804006 0.513333 0.011445 0.066667
27 0.804721 0.633333 0.010014 0.053333
22 0.804006 0.153333 0.022890 0.066667
1 0.886981 0.753333 0.011445 0.066667
7 0.886981 0.273333 0.011445 0.066667
7 0.886981 0.513333 0.011445 0.066667
3 0.886981 0.633333 0.011445 0.066667