0 0.138009 0.633333 0.009050 0.066667
5 0.138009 0.393333 0.009050 0.066667
4 0.138009 0.753333 0.009050 0.066667
0 0.138009 0.153333 0.009050 0.066667
13 0.230769 0.273333 0.018100 0.066667
1 0.230769 0.513333 0.009050 0.066667
7 0.230769 0.153333 0.009050 0.066667
28 0.230769 0.393333 0.036199 0.066667
6 0.324661 0.273333 0.009050 0.066667
4 0.324661 0.393333 0.009050 0.066667
1 0.417421 0.153333 0.009050 0.066667
6 0.417421 0.513333 0.009050 0.066667
4 0.417421 0.393333 0.009050 0.066667
4 0.511312 0.153333 0.009050 0.066667
0 0.604072 0.633333 0.009050 0.066667
3 0.696833 0.513333 0.009050 0.066667
19 0.696833 0.753333 0.018100 0.066667
7 0.790724 0.753333 0.009050 0.066667
22 0.790724 0.393333 0.018100 0.066667
12 0.883484 0.273333 0.018100 0.066667
9 0.883484 0.153333 0.009050 0.066667
18 0.883484 0.393333 0.018100 0.066667
23 0.883484 0.633333 0.018100 0.066667