4 0.169444 0.393333 0.011111 0.066667
20 0.169444 0.753333 0.022222 0.066667
6 0.169444 0.273333 0.011111 0.066667
22 0.284722 0.513333 0.022222 0.066667
3 0.284722 0.393333 0.011111 0.066667
28 0.398611 0.753333 0.044444 0.066667
11 0.398611 0.633333 0.022222 0.066667
3 0.513889 0.393333 0.011111 0.066667
2 0.513889 0.753333 0.011111 0.066667
7 0.513889 0.153333 0.011111 0.066667
10 0.627778 0.273333 0.022222 0.066667
1 0.627778 0.753333 0.011111 0.066667
10 0.627778 0.393333 0.022222 0.066667
6 0.743056 0.393333 0.011111 0.066667
9 0.743056 0.153333 0.011111 0.066667
1 0.743056 0.273333 0.011111 0.066667
2 0.743056 0.753333 0.011111 0.066667
14 0.856944 0.273333 0.022222 0.066667
9 0.856944 0.153333 0.011111 0.066667