3 0.164274 0.153333 0.012759 0.066667
1 0.264753 0.273333 0.012759 0.066667
7 0.264753 0.633333 0.012759 0.066667
22 0.264753 0.753333 0.025518 0.066667
14 0.365231 0.633333 0.025518 0.066667
11 0.365231 0.753333 0.025518 0.066667
20 0.465710 0.633333 0.025518 0.066667
1 0.566188 0.153333 0.012759 0.066667
10 0.566188 0.753333 0.025518 0.066667
5 0.566188 0.273333 0.012759 0.066667
13 0.666667 0.513333 0.025518 0.066667
3 0.666667 0.753333 0.012759 0.066667
14 0.666667 0.153333 0.025518 0.066667
9 0.767145 0.513333 0.012759 0.066667
10 0.867624 0.393333 0.025518 0.066667
6 0.867624 0.633333 0.012759 0.066667