24 0.190549 0.633333 0.024390 0.066667
9 0.190549 0.273333 0.012195 0.066667
14 0.190549 0.393333 0.024390 0.066667
8 0.320122 0.633333 0.012195 0.066667
27 0.319360 0.393333 0.010671 0.053333
9 0.449695 0.273333 0.012195 0.066667
9 0.579268 0.153333 0.012195 0.066667
7 0.708841 0.393333 0.012195 0.066667
18 0.708841 0.753333 0.024390 0.066667
1 0.708841 0.633333 0.012195 0.066667
4 0.708841 0.153333 0.012195 0.066667
1 0.838415 0.393333 0.012195 0.066667
9 0.838415 0.753333 0.012195 0.066667
19 0.838415 0.273333 0.024390 0.066667
5 0.838415 0.633333 0.012195 0.066667