5 0.135052 0.633333 0.008247 0.066667
3 0.135052 0.393333 0.008247 0.066667
6 0.228866 0.273333 0.008247 0.066667
5 0.322680 0.153333 0.008247 0.066667
0 0.416495 0.633333 0.008247 0.066667
4 0.510309 0.273333 0.008247 0.066667
11 0.510309 0.753333 0.016495 0.066667
23 0.604124 0.393333 0.016495 0.066667
18 0.604124 0.513333 0.016495 0.066667
3 0.604124 0.153333 0.008247 0.066667
20 0.697938 0.753333 0.016495 0.066667
11 0.791753 0.393333 0.016495 0.066667
14 0.791753 0.153333 0.016495 0.066667
4 0.791753 0.513333 0.008247 0.066667
1 0.885567 0.633333 0.008247 0.066667