17 0.161850 0.153333 0.018497 0.066667
23 0.161850 0.753333 0.018497 0.066667
1 0.278613 0.153333 0.009249 0.066667
1 0.278613 0.273333 0.009249 0.066667
5 0.394220 0.513333 0.009249 0.066667
0 0.394220 0.393333 0.009249 0.066667
9 0.510983 0.273333 0.009249 0.066667
4 0.627746 0.153333 0.009249 0.066667
2 0.627746 0.753333 0.009249 0.066667
0 0.627746 0.273333 0.009249 0.066667
23 0.743353 0.153333 0.018497 0.066667
7 0.860116 0.153333 0.009249 0.066667
11 0.860116 0.393333 0.018497 0.066667
9 0.860116 0.273333 0.009249 0.066667