16 0.146394 0.753333 0.017223 0.066667
5 0.250807 0.753333 0.008611 0.066667
8 0.250807 0.513333 0.008611 0.066667
12 0.354144 0.753333 0.017223 0.066667
20 0.354144 0.153333 0.017223 0.066667
10 0.458558 0.513333 0.017223 0.066667
2 0.561895 0.513333 0.008611 0.066667
20 0.666308 0.753333 0.017223 0.066667
7 0.769645 0.513333 0.008611 0.066667
0 0.769645 0.393333 0.008611 0.066667
8 0.769645 0.633333 0.008611 0.066667
6 0.769645 0.153333 0.008611 0.066667
27 0.873520 0.273333 0.007535 0.053333
11 0.874058 0.633333 0.017223 0.066667
1 0.874058 0.153333 0.008611 0.066667