2 0.132530 0.273333 0.009639 0.066667
5 0.216867 0.393333 0.009639 0.066667
1 0.301205 0.273333 0.009639 0.066667
0 0.301205 0.633333 0.009639 0.066667
24 0.301205 0.153333 0.019277 0.066667
3 0.385542 0.153333 0.009639 0.066667
16 0.385542 0.633333 0.019277 0.066667
17 0.469880 0.273333 0.019277 0.066667
19 0.469880 0.513333 0.019277 0.066667
5 0.554217 0.273333 0.009639 0.066667
0 0.638554 0.753333 0.009639 0.066667
0 0.638554 0.513333 0.009639 0.066667
2 0.722892 0.153333 0.009639 0.066667
0 0.722892 0.513333 0.009639 0.066667
9 0.722892 0.633333 0.009639 0.066667
7 0.807229 0.153333 0.009639 0.066667
0 0.807229 0.513333 0.009639 0.066667
0 0.807229 0.633333 0.009639 0.066667
10 0.891566 0.513333 0.019277 0.066667
2 0.891566 0.753333 0.009639 0.066667
11 0.891566 0.633333 0.019277 0.066667