1 0.145702 0.633333 0.008386 0.066667
22 0.249476 0.753333 0.016771 0.066667
5 0.249476 0.513333 0.008386 0.066667
2 0.354298 0.273333 0.008386 0.066667
17 0.354298 0.393333 0.016771 0.066667
1 0.458071 0.753333 0.008386 0.066667
23 0.458071 0.153333 0.016771 0.066667
20 0.458071 0.633333 0.016771 0.066667
6 0.561845 0.153333 0.008386 0.066667
7 0.666667 0.753333 0.008386 0.066667
0 0.666667 0.273333 0.008386 0.066667
6 0.770440 0.273333 0.008386 0.066667
21 0.770440 0.753333 0.016771 0.066667
2 0.874214 0.153333 0.008386 0.066667
11 0.874214 0.273333 0.016771 0.066667