10 0.183246 0.273333 0.020942 0.066667
2 0.183246 0.153333 0.010471 0.066667
2 0.183246 0.393333 0.010471 0.066667
23 0.315445 0.153333 0.020942 0.066667
2 0.315445 0.273333 0.010471 0.066667
4 0.315445 0.633333 0.010471 0.066667
0 0.446335 0.273333 0.010471 0.066667
0 0.446335 0.393333 0.010471 0.066667
13 0.446335 0.633333 0.020942 0.066667
1 0.446335 0.513333 0.010471 0.066667
18 0.578534 0.513333 0.020942 0.066667
13 0.578534 0.153333 0.020942 0.066667
28 0.709424 0.513333 0.031414 0.066667
1 0.841623 0.393333 0.010471 0.066667