4 0.149822 0.273333 0.009512 0.066667
11 0.149822 0.633333 0.019025 0.066667
1 0.253270 0.513333 0.009512 0.066667
22 0.356718 0.513333 0.019025 0.066667
0 0.356718 0.753333 0.009512 0.066667
2 0.356718 0.633333 0.009512 0.066667
17 0.356718 0.153333 0.019025 0.066667
1 0.460166 0.273333 0.009512 0.066667
1 0.460166 0.393333 0.009512 0.066667
0 0.460166 0.753333 0.009512 0.066667
0 0.460166 0.633333 0.009512 0.066667
4 0.562426 0.393333 0.009512 0.066667
17 0.562426 0.513333 0.019025 0.066667
1 0.562426 0.753333 0.009512 0.066667
22 0.665874 0.633333 0.019025 0.066667
18 0.769322 0.273333 0.019025 0.066667
3 0.769322 0.753333 0.009512 0.066667
1 0.872771 0.393333 0.009512 0.066667
4 0.872771 0.153333 0.009512 0.066667