5 0.134518 0.513333 0.010152 0.066667
12 0.218274 0.633333 0.020305 0.066667
7 0.218274 0.153333 0.010152 0.066667
19 0.302030 0.513333 0.020305 0.066667
14 0.302030 0.753333 0.020305 0.066667
24 0.385787 0.513333 0.020305 0.066667
10 0.469543 0.753333 0.020305 0.066667
5 0.554569 0.153333 0.010152 0.066667
0 0.638325 0.393333 0.010152 0.066667
10 0.722081 0.393333 0.020305 0.066667
1 0.722081 0.633333 0.010152 0.066667
15 0.805838 0.513333 0.020305 0.066667
1 0.805838 0.393333 0.010152 0.066667
1 0.889594 0.513333 0.010152 0.066667