8 0.137931 0.273333 0.012539 0.066667
4 0.137931 0.153333 0.012539 0.066667
2 0.137931 0.513333 0.012539 0.066667
15 0.137931 0.633333 0.025078 0.066667
5 0.213166 0.753333 0.012539 0.066667
22 0.213166 0.153333 0.025078 0.066667
3 0.213166 0.393333 0.012539 0.066667
2 0.288401 0.273333 0.012539 0.066667
7 0.288401 0.513333 0.012539 0.066667
5 0.288401 0.393333 0.012539 0.066667
4 0.363636 0.393333 0.012539 0.066667
0 0.363636 0.633333 0.012539 0.066667
0 0.363636 0.153333 0.012539 0.066667
12 0.438871 0.753333 0.025078 0.066667
4 0.438871 0.633333 0.012539 0.066667
19 0.515674 0.273333 0.025078 0.066667
11 0.515674 0.513333 0.025078 0.066667
0 0.590909 0.633333 0.012539 0.066667
5 0.590909 0.153333 0.012539 0.066667
5 0.590909 0.273333 0.012539 0.066667
2 0.666144 0.393333 0.012539 0.066667
2 0.666144 0.273333 0.012539 0.066667
7 0.741379 0.513333 0.012539 0.066667
3 0.741379 0.153333 0.012539 0.066667
4 0.741379 0.393333 0.012539 0.066667
3 0.741379 0.753333 0.012539 0.066667
5 0.816614 0.393333 0.012539 0.066667
6 0.816614 0.513333 0.012539 0.066667
5 0.816614 0.273333 0.012539 0.066667
13 0.891850 0.153333 0.025078 0.066667
27 0.892633 0.633333 0.010972 0.053333