0 0.161538 0.633333 0.012308 0.066667
0 0.263077 0.513333 0.012308 0.066667
24 0.363077 0.513333 0.024615 0.066667
22 0.363077 0.273333 0.024615 0.066667
3 0.363077 0.633333 0.012308 0.066667
0 0.363077 0.393333 0.012308 0.066667
0 0.464615 0.633333 0.012308 0.066667
9 0.564615 0.273333 0.012308 0.066667
16 0.564615 0.393333 0.024615 0.066667
11 0.564615 0.753333 0.024615 0.066667
17 0.666154 0.153333 0.024615 0.066667
8 0.666154 0.753333 0.012308 0.066667
0 0.666154 0.393333 0.012308 0.066667
6 0.666154 0.273333 0.012308 0.066667
5 0.766154 0.393333 0.012308 0.066667
9 0.766154 0.753333 0.012308 0.066667
20 0.766154 0.513333 0.024615 0.066667
16 0.867692 0.633333 0.024615 0.066667
17 0.867692 0.273333 0.024615 0.066667
3 0.867692 0.513333 0.012308 0.066667