8 0.149254 0.153333 0.009185 0.066667
9 0.149254 0.753333 0.009185 0.066667
13 0.149254 0.633333 0.018370 0.066667
6 0.252583 0.513333 0.009185 0.066667
4 0.355913 0.393333 0.009185 0.066667
11 0.355913 0.633333 0.018370 0.066667
19 0.355913 0.273333 0.018370 0.066667
1 0.459242 0.153333 0.009185 0.066667
11 0.459242 0.513333 0.018370 0.066667
4 0.459242 0.753333 0.009185 0.066667
3 0.562572 0.393333 0.009185 0.066667
3 0.562572 0.753333 0.009185 0.066667
28 0.562572 0.153333 0.036739 0.066667
1 0.665901 0.153333 0.009185 0.066667
14 0.769231 0.633333 0.018370 0.066667
3 0.872560 0.153333 0.009185 0.066667
20 0.872560 0.753333 0.018370 0.066667
2 0.872560 0.393333 0.009185 0.066667
7 0.872560 0.513333 0.009185 0.066667