0 0.138264 0.513333 0.012862 0.066667
2 0.138264 0.633333 0.012862 0.066667
3 0.213826 0.153333 0.012862 0.066667
22 0.289389 0.273333 0.025723 0.066667
0 0.289389 0.153333 0.012862 0.066667
16 0.364952 0.513333 0.025723 0.066667
12 0.364952 0.393333 0.025723 0.066667
13 0.364952 0.633333 0.025723 0.066667
0 0.440514 0.273333 0.012862 0.066667
4 0.516077 0.393333 0.012862 0.066667
18 0.516077 0.513333 0.025723 0.066667
3 0.590032 0.633333 0.012862 0.066667
8 0.665595 0.393333 0.012862 0.066667
9 0.665595 0.753333 0.012862 0.066667
11 0.665595 0.273333 0.025723 0.066667
1 0.741158 0.393333 0.012862 0.066667
18 0.816720 0.393333 0.025723 0.066667
6 0.892283 0.273333 0.012862 0.066667