8 0.162500 0.393333 0.012500 0.066667
1 0.162500 0.513333 0.012500 0.066667
3 0.162500 0.753333 0.012500 0.066667
3 0.262500 0.753333 0.012500 0.066667
6 0.364063 0.753333 0.012500 0.066667
5 0.364063 0.153333 0.012500 0.066667
2 0.464062 0.393333 0.012500 0.066667
15 0.464062 0.633333 0.025000 0.066667
20 0.464062 0.513333 0.025000 0.066667
0 0.565625 0.633333 0.012500 0.066667
3 0.665625 0.753333 0.012500 0.066667
7 0.665625 0.633333 0.012500 0.066667
3 0.665625 0.153333 0.012500 0.066667
0 0.767188 0.153333 0.012500 0.066667
1 0.767188 0.753333 0.012500 0.066667
0 0.867188 0.633333 0.012500 0.066667
1 0.867188 0.273333 0.012500 0.066667
5 0.867188 0.393333 0.012500 0.066667