0 0.120150 0.273333 0.010013 0.066667
4 0.120150 0.633333 0.010013 0.066667
5 0.191489 0.393333 0.010013 0.066667
5 0.262829 0.393333 0.010013 0.066667
1 0.262829 0.633333 0.010013 0.066667
3 0.334168 0.753333 0.010013 0.066667
2 0.405507 0.633333 0.010013 0.066667
6 0.405507 0.153333 0.010013 0.066667
27 0.476220 0.513333 0.008761 0.053333
5 0.476846 0.753333 0.010013 0.066667
0 0.546934 0.633333 0.010013 0.066667
17 0.546934 0.753333 0.020025 0.066667
5 0.546934 0.273333 0.010013 0.066667
2 0.546934 0.393333 0.010013 0.066667
5 0.618273 0.153333 0.010013 0.066667
5 0.618273 0.393333 0.010013 0.066667
21 0.618273 0.273333 0.020025 0.066667
6 0.618273 0.513333 0.010013 0.066667
12 0.689612 0.273333 0.020025 0.066667
5 0.760951 0.753333 0.010013 0.066667
3 0.832290 0.273333 0.010013 0.066667
8 0.832290 0.633333 0.010013 0.066667
8 0.832290 0.393333 0.010013 0.066667
12 0.903630 0.153333 0.020025 0.066667
1 0.903630 0.393333 0.010013 0.066667
14 0.903630 0.633333 0.020025 0.066667
8 0.903630 0.273333 0.010013 0.066667