5 0.139151 0.153333 0.009434 0.066667
0 0.139151 0.513333 0.009434 0.066667
0 0.232311 0.633333 0.009434 0.066667
5 0.232311 0.273333 0.009434 0.066667
1 0.232311 0.753333 0.009434 0.066667
1 0.325472 0.633333 0.009434 0.066667
4 0.325472 0.273333 0.009434 0.066667
17 0.325472 0.753333 0.018868 0.066667
3 0.325472 0.513333 0.009434 0.066667
10 0.418632 0.393333 0.018868 0.066667
27 0.418042 0.513333 0.008255 0.053333
27 0.511203 0.753333 0.008255 0.053333
2 0.511792 0.393333 0.009434 0.066667
17 0.511792 0.153333 0.018868 0.066667
10 0.603774 0.633333 0.018868 0.066667
9 0.603774 0.273333 0.009434 0.066667
1 0.603774 0.753333 0.009434 0.066667
3 0.696934 0.633333 0.009434 0.066667
7 0.696934 0.513333 0.009434 0.066667
7 0.696934 0.273333 0.009434 0.066667
2 0.790094 0.153333 0.009434 0.066667
9 0.883255 0.393333 0.009434 0.066667
0 0.883255 0.153333 0.009434 0.066667
8 0.883255 0.513333 0.009434 0.066667