7 0.127536 0.633333 0.011594 0.066667
8 0.127536 0.753333 0.011594 0.066667
4 0.197101 0.633333 0.011594 0.066667
5 0.197101 0.393333 0.011594 0.066667
21 0.197101 0.513333 0.023188 0.066667
8 0.268116 0.153333 0.011594 0.066667
24 0.268116 0.513333 0.023188 0.066667
2 0.268116 0.393333 0.011594 0.066667
1 0.337681 0.273333 0.011594 0.066667
12 0.337681 0.513333 0.023188 0.066667
7 0.408696 0.633333 0.011594 0.066667
1 0.408696 0.393333 0.011594 0.066667
1 0.478261 0.633333 0.011594 0.066667
2 0.549275 0.153333 0.011594 0.066667
3 0.549275 0.633333 0.011594 0.066667
5 0.618841 0.513333 0.011594 0.066667
7 0.618841 0.393333 0.011594 0.066667
0 0.618841 0.753333 0.011594 0.066667
2 0.618841 0.273333 0.011594 0.066667
4 0.689855 0.153333 0.011594 0.066667
0 0.689855 0.393333 0.011594 0.066667
3 0.759420 0.273333 0.011594 0.066667
28 0.830435 0.273333 0.034783 0.066667
5 0.830435 0.153333 0.011594 0.066667
0 0.900000 0.153333 0.011594 0.066667