9 0.210843 0.753333 0.012048 0.066667
0 0.210843 0.633333 0.012048 0.066667
1 0.210843 0.393333 0.012048 0.066667
6 0.362952 0.273333 0.012048 0.066667
11 0.515060 0.633333 0.024096 0.066667
7 0.515060 0.753333 0.012048 0.066667
0 0.515060 0.513333 0.012048 0.066667
19 0.665663 0.393333 0.024096 0.066667
0 0.665663 0.273333 0.012048 0.066667
11 0.665663 0.753333 0.024096 0.066667
4 0.817771 0.153333 0.012048 0.066667
2 0.817771 0.273333 0.012048 0.066667
0 0.817771 0.633333 0.012048 0.066667
0 0.817771 0.513333 0.012048 0.066667