28 0.160998 0.753333 0.027211 0.066667
12 0.160998 0.633333 0.018141 0.066667
1 0.160998 0.513333 0.009070 0.066667
10 0.277778 0.633333 0.018141 0.066667
28 0.277778 0.273333 0.027211 0.066667
3 0.394558 0.753333 0.009070 0.066667
4 0.511338 0.633333 0.009070 0.066667
17 0.511338 0.273333 0.018141 0.066667
5 0.626984 0.633333 0.009070 0.066667
13 0.626984 0.273333 0.018141 0.066667
11 0.626984 0.393333 0.018141 0.066667
11 0.743764 0.513333 0.018141 0.066667
14 0.743764 0.633333 0.018141 0.066667
3 0.743764 0.273333 0.009070 0.066667
0 0.860544 0.633333 0.009070 0.066667
6 0.860544 0.153333 0.009070 0.066667
0 0.860544 0.513333 0.009070 0.066667