2 0.124555 0.153333 0.009490 0.066667
22 0.124555 0.273333 0.018980 0.066667
21 0.201661 0.273333 0.018980 0.066667
3 0.201661 0.753333 0.009490 0.066667
9 0.278766 0.393333 0.009490 0.066667
22 0.278766 0.513333 0.018980 0.066667
3 0.357058 0.153333 0.009490 0.066667
10 0.357058 0.273333 0.018980 0.066667
3 0.434164 0.513333 0.009490 0.066667
22 0.511269 0.513333 0.018980 0.066667
2 0.511269 0.753333 0.009490 0.066667
15 0.588375 0.753333 0.018980 0.066667
2 0.666667 0.753333 0.009490 0.066667
1 0.666667 0.513333 0.009490 0.066667
20 0.743772 0.753333 0.018980 0.066667
13 0.743772 0.273333 0.018980 0.066667
23 0.820878 0.513333 0.018980 0.066667
28 0.820878 0.753333 0.028470 0.066667
5 0.897983 0.393333 0.009490 0.066667
8 0.897983 0.513333 0.009490 0.066667