8 0.114807 0.153333 0.008584 0.066667
27 0.114270 0.273333 0.007511 0.053333
0 0.186695 0.273333 0.008584 0.066667
4 0.186695 0.513333 0.008584 0.066667
5 0.186695 0.753333 0.008584 0.066667
7 0.186695 0.393333 0.008584 0.066667
20 0.258584 0.153333 0.017167 0.066667
15 0.258584 0.753333 0.017167 0.066667
28 0.258584 0.633333 0.034335 0.066667
0 0.258584 0.273333 0.008584 0.066667
6 0.330472 0.153333 0.008584 0.066667
2 0.330472 0.393333 0.008584 0.066667
28 0.402361 0.513333 0.034335 0.066667
3 0.402361 0.273333 0.008584 0.066667
7 0.402361 0.753333 0.008584 0.066667
5 0.474249 0.513333 0.008584 0.066667
1 0.474249 0.393333 0.008584 0.066667
2 0.546137 0.513333 0.008584 0.066667
4 0.546137 0.153333 0.008584 0.066667
4 0.618026 0.513333 0.008584 0.066667
20 0.689914 0.153333 0.017167 0.066667
9 0.689914 0.513333 0.008584 0.066667
21 0.689914 0.753333 0.017167 0.066667
19 0.761803 0.513333 0.017167 0.066667
10 0.833691 0.393333 0.017167 0.066667
2 0.905579 0.753333 0.008584 0.066667
10 0.905579 0.633333 0.017167 0.066667
23 0.905579 0.153333 0.017167 0.066667