2 0.205161 0.153333 0.010323 0.066667
22 0.358710 0.513333 0.020645 0.066667
21 0.358710 0.273333 0.020645 0.066667
3 0.358710 0.753333 0.010323 0.066667
1 0.358710 0.633333 0.010323 0.066667
4 0.512258 0.513333 0.010323 0.066667
6 0.512258 0.633333 0.010323 0.066667
7 0.512258 0.393333 0.010323 0.066667
5 0.512258 0.273333 0.010323 0.066667
2 0.665806 0.393333 0.010323 0.066667
4 0.665806 0.513333 0.010323 0.066667
2 0.665806 0.153333 0.010323 0.066667
0 0.819355 0.513333 0.010323 0.066667
22 0.819355 0.393333 0.020645 0.066667