20 0.154667 0.273333 0.021333 0.066667
8 0.154667 0.393333 0.010667 0.066667
6 0.257333 0.393333 0.010667 0.066667
8 0.257333 0.273333 0.010667 0.066667
22 0.257333 0.153333 0.021333 0.066667
8 0.360000 0.753333 0.010667 0.066667
10 0.461333 0.753333 0.021333 0.066667
10 0.461333 0.393333 0.021333 0.066667
6 0.461333 0.273333 0.010667 0.066667
9 0.461333 0.513333 0.010667 0.066667
0 0.564000 0.153333 0.010667 0.066667
6 0.564000 0.753333 0.010667 0.066667
6 0.666667 0.753333 0.010667 0.066667
2 0.666667 0.153333 0.010667 0.066667
1 0.768000 0.753333 0.010667 0.066667
6 0.870667 0.273333 0.010667 0.066667
0 0.870667 0.633333 0.010667 0.066667