21 0.138810 0.513333 0.022663 0.066667
11 0.138810 0.393333 0.022663 0.066667
3 0.222380 0.513333 0.011331 0.066667
1 0.222380 0.393333 0.011331 0.066667
11 0.222380 0.153333 0.022663 0.066667
12 0.222380 0.273333 0.022663 0.066667
20 0.305949 0.153333 0.022663 0.066667
21 0.305949 0.753333 0.022663 0.066667
4 0.305949 0.273333 0.011331 0.066667
0 0.388102 0.273333 0.011331 0.066667
17 0.388102 0.753333 0.022663 0.066667
8 0.471671 0.393333 0.011331 0.066667
4 0.471671 0.513333 0.011331 0.066667
20 0.471671 0.153333 0.022663 0.066667
0 0.471671 0.753333 0.011331 0.066667
6 0.555241 0.273333 0.011331 0.066667
2 0.555241 0.753333 0.011331 0.066667
16 0.638810 0.393333 0.022663 0.066667
1 0.720963 0.513333 0.011331 0.066667
9 0.720963 0.153333 0.011331 0.066667
2 0.804533 0.633333 0.011331 0.066667
3 0.804533 0.513333 0.011331 0.066667
13 0.888102 0.753333 0.022663 0.066667