3 0.126092 0.633333 0.009988 0.066667
9 0.126092 0.153333 0.009988 0.066667
20 0.203496 0.753333 0.019975 0.066667
1 0.203496 0.153333 0.009988 0.066667
5 0.280899 0.393333 0.009988 0.066667
1 0.280899 0.153333 0.009988 0.066667
4 0.280899 0.633333 0.009988 0.066667
6 0.358302 0.273333 0.009988 0.066667
2 0.434457 0.153333 0.009988 0.066667
3 0.434457 0.753333 0.009988 0.066667
27 0.435081 0.513333 0.008739 0.053333
3 0.511860 0.273333 0.009988 0.066667
1 0.589263 0.393333 0.009988 0.066667
27 0.588639 0.153333 0.008739 0.053333
2 0.666667 0.273333 0.009988 0.066667
8 0.666667 0.153333 0.009988 0.066667
7 0.666667 0.633333 0.009988 0.066667
21 0.742821 0.633333 0.019975 0.066667
0 0.742821 0.393333 0.009988 0.066667
2 0.742821 0.153333 0.009988 0.066667
11 0.820225 0.153333 0.019975 0.066667
2 0.897628 0.513333 0.009988 0.066667
0 0.897628 0.753333 0.009988 0.066667
3 0.897628 0.633333 0.009988 0.066667