4 0.177134 0.273333 0.012882 0.066667
2 0.177134 0.393333 0.012882 0.066667
0 0.177134 0.633333 0.012882 0.066667
5 0.177134 0.513333 0.012882 0.066667
10 0.289855 0.273333 0.025765 0.066667
3 0.289855 0.633333 0.012882 0.066667
6 0.402576 0.153333 0.012882 0.066667
2 0.515298 0.273333 0.012882 0.066667
7 0.515298 0.513333 0.012882 0.066667
21 0.515298 0.753333 0.025765 0.066667
2 0.515298 0.633333 0.012882 0.066667
1 0.628019 0.513333 0.012882 0.066667
4 0.628019 0.393333 0.012882 0.066667
19 0.628019 0.633333 0.025765 0.066667
4 0.740741 0.513333 0.012882 0.066667
0 0.740741 0.273333 0.012882 0.066667
9 0.853462 0.633333 0.012882 0.066667