18 0.122995 0.753333 0.021390 0.066667
28 0.193850 0.753333 0.032086 0.066667
8 0.193850 0.393333 0.010695 0.066667
5 0.264706 0.393333 0.010695 0.066667
6 0.264706 0.513333 0.010695 0.066667
9 0.264706 0.753333 0.010695 0.066667
6 0.335561 0.513333 0.010695 0.066667
0 0.406417 0.393333 0.010695 0.066667
10 0.477273 0.273333 0.021390 0.066667
0 0.548128 0.273333 0.010695 0.066667
4 0.618984 0.753333 0.010695 0.066667
15 0.618984 0.513333 0.021390 0.066667
2 0.689840 0.393333 0.010695 0.066667
13 0.689840 0.273333 0.021390 0.066667
1 0.760695 0.153333 0.010695 0.066667
19 0.760695 0.513333 0.021390 0.066667
13 0.760695 0.393333 0.021390 0.066667
5 0.760695 0.633333 0.010695 0.066667
0 0.831551 0.513333 0.010695 0.066667
19 0.831551 0.153333 0.021390 0.066667
4 0.902406 0.513333 0.010695 0.066667