1 0.128358 0.153333 0.011940 0.066667
28 0.128358 0.633333 0.035821 0.066667
9 0.198507 0.393333 0.011940 0.066667
6 0.268657 0.753333 0.011940 0.066667
6 0.268657 0.513333 0.011940 0.066667
9 0.268657 0.153333 0.011940 0.066667
9 0.268657 0.633333 0.011940 0.066667
28 0.338806 0.753333 0.035821 0.066667
17 0.338806 0.513333 0.023881 0.066667
5 0.408955 0.513333 0.011940 0.066667
14 0.479104 0.753333 0.023881 0.066667
6 0.549254 0.513333 0.011940 0.066667
5 0.549254 0.153333 0.011940 0.066667
24 0.619403 0.273333 0.023881 0.066667
11 0.689552 0.753333 0.023881 0.066667
8 0.759701 0.633333 0.011940 0.066667
5 0.829851 0.273333 0.011940 0.066667
12 0.829851 0.633333 0.023881 0.066667
9 0.829851 0.513333 0.011940 0.066667
9 0.829851 0.393333 0.011940 0.066667
3 0.900000 0.513333 0.011940 0.066667
13 0.900000 0.153333 0.023881 0.066667