2 0.130742 0.273333 0.009423 0.066667
0 0.130742 0.633333 0.009423 0.066667
15 0.215548 0.153333 0.018846 0.066667
4 0.215548 0.753333 0.009423 0.066667
0 0.300353 0.753333 0.009423 0.066667
2 0.383981 0.393333 0.009423 0.066667
24 0.468787 0.633333 0.018846 0.066667
20 0.468787 0.273333 0.018846 0.066667
10 0.553592 0.753333 0.018846 0.066667
9 0.553592 0.513333 0.009423 0.066667
9 0.553592 0.153333 0.009423 0.066667
0 0.638398 0.753333 0.009423 0.066667
7 0.638398 0.393333 0.009423 0.066667
2 0.638398 0.513333 0.009423 0.066667
16 0.722026 0.753333 0.018846 0.066667
1 0.722026 0.273333 0.009423 0.066667
13 0.722026 0.513333 0.018846 0.066667
5 0.806832 0.273333 0.009423 0.066667
13 0.806832 0.753333 0.018846 0.066667
27 0.891048 0.753333 0.008245 0.053333