8 0.139573 0.753333 0.013136 0.066667
5 0.139573 0.393333 0.013136 0.066667
7 0.139573 0.633333 0.013136 0.066667
1 0.215107 0.753333 0.013136 0.066667
2 0.215107 0.273333 0.013136 0.066667
15 0.215107 0.633333 0.026273 0.066667
6 0.290640 0.153333 0.013136 0.066667
5 0.366174 0.513333 0.013136 0.066667
7 0.366174 0.153333 0.013136 0.066667
27 0.440887 0.153333 0.011494 0.053333
0 0.440066 0.393333 0.013136 0.066667
12 0.440066 0.633333 0.026273 0.066667
6 0.515599 0.513333 0.013136 0.066667
2 0.515599 0.393333 0.013136 0.066667
5 0.591133 0.753333 0.013136 0.066667
1 0.591133 0.393333 0.013136 0.066667
4 0.666667 0.153333 0.013136 0.066667
2 0.666667 0.393333 0.013136 0.066667
0 0.666667 0.633333 0.013136 0.066667
11 0.740558 0.273333 0.026273 0.066667
7 0.816092 0.273333 0.013136 0.066667
22 0.816092 0.153333 0.026273 0.066667
8 0.891626 0.633333 0.013136 0.066667
11 0.891626 0.153333 0.026273 0.066667
0 0.891626 0.273333 0.013136 0.066667
22 0.891626 0.393333 0.026273 0.066667