3 0.147059 0.513333 0.013072 0.066667
6 0.147059 0.753333 0.013072 0.066667
15 0.147059 0.633333 0.026144 0.066667
5 0.147059 0.273333 0.013072 0.066667
6 0.228758 0.513333 0.013072 0.066667
14 0.310458 0.633333 0.026144 0.066667
10 0.392157 0.633333 0.026144 0.066667
13 0.392157 0.753333 0.026144 0.066667
7 0.392157 0.513333 0.013072 0.066667
2 0.473856 0.753333 0.013072 0.066667
5 0.473856 0.633333 0.013072 0.066667
18 0.473856 0.393333 0.026144 0.066667
27 0.556373 0.153333 0.011438 0.053333
16 0.557190 0.753333 0.026144 0.066667
2 0.638889 0.273333 0.013072 0.066667
6 0.638889 0.633333 0.013072 0.066667
24 0.720588 0.633333 0.026144 0.066667
3 0.720588 0.513333 0.013072 0.066667
27 0.719771 0.273333 0.011438 0.053333
1 0.720588 0.153333 0.013072 0.066667
0 0.802288 0.153333 0.013072 0.066667
0 0.883987 0.153333 0.013072 0.066667
3 0.883987 0.513333 0.013072 0.066667