19 0.146141 0.273333 0.026273 0.066667
6 0.146141 0.633333 0.013136 0.066667
1 0.228243 0.393333 0.013136 0.066667
4 0.228243 0.753333 0.013136 0.066667
4 0.228243 0.273333 0.013136 0.066667
12 0.310345 0.753333 0.026273 0.066667
12 0.310345 0.153333 0.026273 0.066667
0 0.392447 0.393333 0.013136 0.066667
4 0.392447 0.153333 0.013136 0.066667
0 0.392447 0.753333 0.013136 0.066667
14 0.392447 0.513333 0.026273 0.066667
2 0.474548 0.513333 0.013136 0.066667
2 0.556650 0.153333 0.013136 0.066667
8 0.638752 0.513333 0.013136 0.066667
1 0.638752 0.393333 0.013136 0.066667
0 0.638752 0.633333 0.013136 0.066667
9 0.720854 0.753333 0.013136 0.066667
21 0.802956 0.273333 0.026273 0.066667
3 0.802956 0.633333 0.013136 0.066667
1 0.885057 0.753333 0.013136 0.066667
2 0.885057 0.513333 0.013136 0.066667