2 0.129359 0.513333 0.008999 0.066667
12 0.129359 0.273333 0.017998 0.066667
9 0.213723 0.633333 0.008999 0.066667
7 0.213723 0.153333 0.008999 0.066667
28 0.299213 0.633333 0.026997 0.066667
3 0.299213 0.273333 0.008999 0.066667
5 0.299213 0.393333 0.008999 0.066667
1 0.383577 0.273333 0.008999 0.066667
9 0.383577 0.633333 0.008999 0.066667
27 0.383015 0.753333 0.007874 0.053333
4 0.383577 0.393333 0.008999 0.066667
9 0.467942 0.153333 0.008999 0.066667
1 0.467942 0.753333 0.008999 0.066667
11 0.467942 0.513333 0.017998 0.066667
9 0.553431 0.393333 0.008999 0.066667
11 0.553431 0.513333 0.017998 0.066667
17 0.553431 0.273333 0.017998 0.066667
21 0.637795 0.153333 0.017998 0.066667
5 0.637795 0.753333 0.008999 0.066667
10 0.637795 0.633333 0.017998 0.066667
14 0.722160 0.753333 0.017998 0.066667
1 0.722160 0.273333 0.008999 0.066667
2 0.807649 0.513333 0.008999 0.066667
3 0.807649 0.753333 0.008999 0.066667
8 0.807649 0.393333 0.008999 0.066667
3 0.892013 0.273333 0.008999 0.066667