22 0.156863 0.153333 0.022409 0.066667
17 0.156863 0.393333 0.022409 0.066667
11 0.259104 0.633333 0.022409 0.066667
0 0.259104 0.513333 0.011204 0.066667
9 0.259104 0.393333 0.011204 0.066667
6 0.259104 0.273333 0.011204 0.066667
15 0.361345 0.633333 0.022409 0.066667
13 0.361345 0.393333 0.022409 0.066667
7 0.361345 0.153333 0.011204 0.066667
3 0.462185 0.753333 0.011204 0.066667
8 0.462185 0.393333 0.011204 0.066667
0 0.462185 0.633333 0.011204 0.066667
18 0.564426 0.393333 0.022409 0.066667
5 0.564426 0.513333 0.011204 0.066667
15 0.564426 0.633333 0.022409 0.066667
3 0.564426 0.153333 0.011204 0.066667
5 0.666667 0.753333 0.011204 0.066667
1 0.767507 0.633333 0.011204 0.066667
0 0.767507 0.393333 0.011204 0.066667
9 0.869748 0.633333 0.011204 0.066667
2 0.869748 0.273333 0.011204 0.066667
1 0.869748 0.393333 0.011204 0.066667