2 0.140556 0.153333 0.011713 0.066667
2 0.140556 0.393333 0.011713 0.066667
8 0.224012 0.633333 0.011713 0.066667
23 0.306003 0.753333 0.023426 0.066667
0 0.306003 0.153333 0.011713 0.066667
5 0.389458 0.153333 0.011713 0.066667
6 0.389458 0.753333 0.011713 0.066667
17 0.472914 0.753333 0.023426 0.066667
9 0.472914 0.393333 0.011713 0.066667
17 0.554905 0.513333 0.023426 0.066667
10 0.554905 0.273333 0.023426 0.066667
1 0.638360 0.753333 0.011713 0.066667
3 0.638360 0.153333 0.011713 0.066667
1 0.638360 0.393333 0.011713 0.066667
24 0.721816 0.753333 0.023426 0.066667
9 0.803807 0.393333 0.011713 0.066667
8 0.887262 0.393333 0.011713 0.066667
0 0.887262 0.633333 0.011713 0.066667