1 0.141369 0.513333 0.011905 0.066667
3 0.224702 0.393333 0.011905 0.066667
6 0.224702 0.273333 0.011905 0.066667
6 0.306548 0.753333 0.011905 0.066667
5 0.389881 0.633333 0.011905 0.066667
0 0.389881 0.153333 0.011905 0.066667
7 0.389881 0.513333 0.011905 0.066667
2 0.389881 0.753333 0.011905 0.066667
10 0.473214 0.633333 0.023810 0.066667
28 0.473214 0.393333 0.035714 0.066667
0 0.555060 0.633333 0.011905 0.066667
12 0.638393 0.513333 0.023810 0.066667
9 0.721726 0.633333 0.011905 0.066667
0 0.803571 0.273333 0.011905 0.066667
2 0.803571 0.753333 0.011905 0.066667
24 0.886905 0.393333 0.023810 0.066667