0 0.113542 0.513333 0.008333 0.066667
19 0.113542 0.393333 0.016667 0.066667
2 0.185417 0.633333 0.008333 0.066667
11 0.257292 0.393333 0.016667 0.066667
1 0.257292 0.633333 0.008333 0.066667
7 0.329167 0.633333 0.008333 0.066667
10 0.329167 0.753333 0.016667 0.066667
21 0.329167 0.153333 0.016667 0.066667
1 0.402083 0.393333 0.008333 0.066667
6 0.402083 0.273333 0.008333 0.066667
9 0.402083 0.153333 0.008333 0.066667
4 0.473958 0.633333 0.008333 0.066667
16 0.473958 0.753333 0.016667 0.066667
5 0.473958 0.513333 0.008333 0.066667
1 0.545833 0.393333 0.008333 0.066667
3 0.545833 0.273333 0.008333 0.066667
7 0.617708 0.513333 0.008333 0.066667
0 0.617708 0.753333 0.008333 0.066667
3 0.690625 0.633333 0.008333 0.066667
1 0.690625 0.393333 0.008333 0.066667
24 0.690625 0.753333 0.016667 0.066667
6 0.762500 0.753333 0.008333 0.066667
4 0.762500 0.393333 0.008333 0.066667
4 0.834375 0.633333 0.008333 0.066667
1 0.906250 0.633333 0.008333 0.066667