14 0.157732 0.753333 0.016495 0.066667
6 0.157732 0.393333 0.008247 0.066667
0 0.157732 0.513333 0.008247 0.066667
1 0.157732 0.273333 0.008247 0.066667
9 0.275258 0.633333 0.008247 0.066667
6 0.275258 0.153333 0.008247 0.066667
18 0.392784 0.633333 0.016495 0.066667
0 0.392784 0.273333 0.008247 0.066667
9 0.392784 0.393333 0.008247 0.066667
15 0.510309 0.513333 0.016495 0.066667
3 0.626804 0.633333 0.008247 0.066667
3 0.744330 0.393333 0.008247 0.066667
1 0.861856 0.513333 0.008247 0.066667
4 0.861856 0.633333 0.008247 0.066667