0 0.138286 0.513333 0.009143 0.066667
12 0.232000 0.753333 0.018286 0.066667
4 0.232000 0.153333 0.009143 0.066667
2 0.232000 0.273333 0.009143 0.066667
3 0.324571 0.393333 0.009143 0.066667
9 0.324571 0.513333 0.009143 0.066667
11 0.418286 0.393333 0.018286 0.066667
0 0.510857 0.273333 0.009143 0.066667
5 0.604571 0.273333 0.009143 0.066667
24 0.604571 0.633333 0.018286 0.066667
1 0.697143 0.393333 0.009143 0.066667
6 0.697143 0.753333 0.009143 0.066667
5 0.790857 0.513333 0.009143 0.066667
0 0.790857 0.753333 0.009143 0.066667
0 0.790857 0.153333 0.009143 0.066667
0 0.883429 0.153333 0.009143 0.066667
0 0.883429 0.633333 0.009143 0.066667
7 0.883429 0.753333 0.009143 0.066667