5 0.175549 0.633333 0.012539 0.066667
28 0.288401 0.393333 0.050157 0.066667
11 0.288401 0.513333 0.025078 0.066667
4 0.401254 0.273333 0.012539 0.066667
0 0.515674 0.273333 0.012539 0.066667
28 0.515674 0.513333 0.037618 0.066667
0 0.515674 0.633333 0.012539 0.066667
10 0.628527 0.633333 0.025078 0.066667
0 0.628527 0.273333 0.012539 0.066667
11 0.741379 0.633333 0.025078 0.066667
6 0.741379 0.153333 0.012539 0.066667
5 0.741379 0.273333 0.012539 0.066667
5 0.854232 0.273333 0.012539 0.066667
5 0.854232 0.513333 0.012539 0.066667