3 0.126154 0.753333 0.008205 0.066667
3 0.211282 0.393333 0.008205 0.066667
16 0.296410 0.393333 0.016410 0.066667
21 0.296410 0.513333 0.016410 0.066667
21 0.296410 0.273333 0.016410 0.066667
1 0.381538 0.753333 0.008205 0.066667
0 0.381538 0.153333 0.008205 0.066667
9 0.381538 0.393333 0.008205 0.066667
1 0.381538 0.513333 0.008205 0.066667
2 0.466667 0.153333 0.008205 0.066667
3 0.552821 0.273333 0.008205 0.066667
0 0.552821 0.153333 0.008205 0.066667
10 0.552821 0.753333 0.016410 0.066667
5 0.637949 0.633333 0.008205 0.066667
4 0.723077 0.633333 0.008205 0.066667
0 0.808205 0.393333 0.008205 0.066667
6 0.808205 0.513333 0.008205 0.066667
0 0.808205 0.153333 0.008205 0.066667
0 0.893333 0.753333 0.008205 0.066667
0 0.893333 0.273333 0.008205 0.066667