8 0.176026 0.273333 0.008639 0.066667
7 0.176026 0.513333 0.008639 0.066667
5 0.176026 0.753333 0.008639 0.066667
4 0.309935 0.513333 0.008639 0.066667
13 0.309935 0.753333 0.017279 0.066667
13 0.309935 0.153333 0.017279 0.066667
7 0.309935 0.393333 0.008639 0.066667
0 0.443844 0.393333 0.008639 0.066667
4 0.443844 0.153333 0.008639 0.066667
28 0.443844 0.753333 0.025918 0.066667
3 0.576674 0.633333 0.008639 0.066667
1 0.576674 0.153333 0.008639 0.066667
11 0.710583 0.753333 0.017279 0.066667
2 0.710583 0.633333 0.008639 0.066667
4 0.710583 0.273333 0.008639 0.066667
2 0.844492 0.753333 0.008639 0.066667
1 0.844492 0.273333 0.008639 0.066667