6 0.113052 0.393333 0.008222 0.066667
0 0.113052 0.273333 0.008222 0.066667
4 0.113052 0.633333 0.008222 0.066667
0 0.113052 0.513333 0.008222 0.066667
4 0.184995 0.153333 0.008222 0.066667
2 0.256937 0.273333 0.008222 0.066667
3 0.256937 0.753333 0.008222 0.066667
13 0.328880 0.153333 0.016444 0.066667
27 0.329394 0.513333 0.007194 0.053333
1 0.328880 0.393333 0.008222 0.066667
6 0.401850 0.633333 0.008222 0.066667
10 0.473792 0.753333 0.016444 0.066667
21 0.545735 0.753333 0.016444 0.066667
6 0.617677 0.153333 0.008222 0.066667
2 0.690647 0.513333 0.008222 0.066667
0 0.762590 0.153333 0.008222 0.066667
9 0.762590 0.393333 0.008222 0.066667
0 0.762590 0.513333 0.008222 0.066667
0 0.834532 0.153333 0.008222 0.066667
5 0.834532 0.273333 0.008222 0.066667
12 0.906475 0.153333 0.016444 0.066667