3 0.150602 0.753333 0.009639 0.066667
0 0.254217 0.153333 0.009639 0.066667
2 0.254217 0.393333 0.009639 0.066667
27 0.253614 0.753333 0.008434 0.053333
1 0.254217 0.633333 0.009639 0.066667
10 0.356627 0.153333 0.019277 0.066667
22 0.356627 0.273333 0.019277 0.066667
2 0.460241 0.153333 0.009639 0.066667
4 0.460241 0.633333 0.009639 0.066667
1 0.460241 0.393333 0.009639 0.066667
7 0.562651 0.513333 0.009639 0.066667
9 0.562651 0.633333 0.009639 0.066667
16 0.666265 0.153333 0.019277 0.066667
18 0.768675 0.753333 0.019277 0.066667
9 0.768675 0.393333 0.009639 0.066667
15 0.872289 0.153333 0.019277 0.066667