14 0.126961 0.393333 0.022825 0.066667
4 0.126961 0.153333 0.011412 0.066667
5 0.196862 0.753333 0.011412 0.066667
11 0.196862 0.633333 0.022825 0.066667
5 0.196862 0.513333 0.011412 0.066667
0 0.196862 0.393333 0.011412 0.066667
5 0.266762 0.393333 0.011412 0.066667
28 0.338088 0.633333 0.045649 0.066667
3 0.338088 0.513333 0.011412 0.066667
9 0.338088 0.273333 0.011412 0.066667
12 0.407989 0.633333 0.022825 0.066667
1 0.407989 0.273333 0.011412 0.066667
13 0.407989 0.393333 0.022825 0.066667
27 0.408702 0.753333 0.009986 0.053333
3 0.477889 0.753333 0.011412 0.066667
21 0.549215 0.393333 0.022825 0.066667
13 0.549215 0.153333 0.022825 0.066667
4 0.549215 0.273333 0.011412 0.066667
11 0.619116 0.753333 0.022825 0.066667
0 0.619116 0.393333 0.011412 0.066667
6 0.689016 0.753333 0.011412 0.066667
4 0.689016 0.633333 0.011412 0.066667
6 0.760342 0.633333 0.011412 0.066667
7 0.760342 0.393333 0.011412 0.066667
1 0.760342 0.753333 0.011412 0.066667
21 0.760342 0.513333 0.022825 0.066667
7 0.830243 0.273333 0.011412 0.066667
23 0.830243 0.393333 0.022825 0.066667
3 0.900143 0.513333 0.011412 0.066667
6 0.900143 0.273333 0.011412 0.066667