2 0.128997 0.153333 0.008820 0.066667
27 0.213341 0.273333 0.007718 0.053333
6 0.213892 0.153333 0.008820 0.066667
27 0.298236 0.633333 0.007718 0.053333
4 0.298787 0.753333 0.008820 0.066667
27 0.383131 0.153333 0.007718 0.053333
4 0.383682 0.633333 0.008820 0.066667
6 0.383682 0.753333 0.008820 0.066667
6 0.468578 0.393333 0.008820 0.066667
8 0.553473 0.753333 0.008820 0.066667
2 0.553473 0.513333 0.008820 0.066667
4 0.638368 0.513333 0.008820 0.066667
9 0.638368 0.633333 0.008820 0.066667
4 0.723264 0.273333 0.008820 0.066667
8 0.808159 0.273333 0.008820 0.066667
0 0.808159 0.513333 0.008820 0.066667
10 0.808159 0.393333 0.017641 0.066667
10 0.893054 0.513333 0.017641 0.066667
5 0.893054 0.753333 0.008820 0.066667
16 0.893054 0.153333 0.017641 0.066667