10 0.126305 0.393333 0.016701 0.066667
1 0.126305 0.273333 0.008351 0.066667
0 0.126305 0.753333 0.008351 0.066667
5 0.211900 0.633333 0.008351 0.066667
27 0.211378 0.753333 0.007307 0.053333
2 0.211900 0.513333 0.008351 0.066667
0 0.296451 0.513333 0.008351 0.066667
1 0.296451 0.633333 0.008351 0.066667
7 0.296451 0.153333 0.008351 0.066667
5 0.382046 0.273333 0.008351 0.066667
8 0.382046 0.753333 0.008351 0.066667
2 0.382046 0.513333 0.008351 0.066667
7 0.382046 0.153333 0.008351 0.066667
5 0.467641 0.273333 0.008351 0.066667
1 0.467641 0.633333 0.008351 0.066667
2 0.552192 0.633333 0.008351 0.066667
9 0.552192 0.753333 0.008351 0.066667
1 0.637787 0.393333 0.008351 0.066667
5 0.637787 0.273333 0.008351 0.066667
3 0.723382 0.273333 0.008351 0.066667
2 0.723382 0.153333 0.008351 0.066667
5 0.807933 0.753333 0.008351 0.066667
3 0.807933 0.393333 0.008351 0.066667
2 0.893528 0.753333 0.008351 0.066667
0 0.893528 0.273333 0.008351 0.066667