4 0.164822 0.633333 0.009840 0.066667
19 0.164822 0.273333 0.019680 0.066667
2 0.164822 0.153333 0.009840 0.066667
15 0.164822 0.513333 0.019680 0.066667
10 0.280443 0.393333 0.019680 0.066667
5 0.280443 0.273333 0.009840 0.066667
5 0.280443 0.513333 0.009840 0.066667
0 0.280443 0.153333 0.009840 0.066667
3 0.396064 0.273333 0.009840 0.066667
14 0.511685 0.153333 0.019680 0.066667
10 0.511685 0.513333 0.019680 0.066667
23 0.627306 0.753333 0.019680 0.066667
22 0.627306 0.513333 0.019680 0.066667
7 0.742927 0.273333 0.009840 0.066667
0 0.858549 0.633333 0.009840 0.066667
2 0.858549 0.393333 0.009840 0.066667
8 0.858549 0.513333 0.009840 0.066667