10 0.157681 0.153333 0.016277 0.066667
1 0.157681 0.273333 0.008138 0.066667
16 0.157681 0.513333 0.016277 0.066667
28 0.274669 0.753333 0.024415 0.066667
3 0.274669 0.633333 0.008138 0.066667
6 0.274669 0.153333 0.008138 0.066667
4 0.274669 0.393333 0.008138 0.066667
11 0.392675 0.753333 0.016277 0.066667
24 0.392675 0.153333 0.016277 0.066667
28 0.392675 0.633333 0.024415 0.066667
19 0.392675 0.273333 0.016277 0.066667
2 0.509664 0.153333 0.008138 0.066667
24 0.509664 0.633333 0.016277 0.066667
0 0.626653 0.633333 0.008138 0.066667
10 0.626653 0.393333 0.016277 0.066667
12 0.744659 0.633333 0.016277 0.066667
5 0.861648 0.633333 0.008138 0.066667
8 0.861648 0.153333 0.008138 0.066667