10 0.188406 0.273333 0.023188 0.066667
3 0.188406 0.513333 0.011594 0.066667
2 0.188406 0.393333 0.011594 0.066667
24 0.188406 0.153333 0.023188 0.066667
4 0.318841 0.753333 0.011594 0.066667
6 0.449275 0.393333 0.011594 0.066667
5 0.449275 0.273333 0.011594 0.066667
0 0.579710 0.753333 0.011594 0.066667
2 0.579710 0.513333 0.011594 0.066667
4 0.579710 0.393333 0.011594 0.066667
19 0.710145 0.153333 0.023188 0.066667
2 0.710145 0.633333 0.011594 0.066667
2 0.710145 0.393333 0.011594 0.066667
2 0.840580 0.753333 0.011594 0.066667