14 0.166237 0.393333 0.020619 0.066667
6 0.166237 0.153333 0.010309 0.066667
7 0.166237 0.273333 0.010309 0.066667
16 0.166237 0.753333 0.020619 0.066667
1 0.282216 0.633333 0.010309 0.066667
5 0.282216 0.393333 0.010309 0.066667
12 0.396907 0.633333 0.020619 0.066667
1 0.396907 0.393333 0.010309 0.066667
1 0.396907 0.153333 0.010309 0.066667
5 0.512887 0.753333 0.010309 0.066667
1 0.512887 0.393333 0.010309 0.066667
2 0.512887 0.153333 0.010309 0.066667
3 0.512887 0.273333 0.010309 0.066667
10 0.627577 0.393333 0.020619 0.066667
15 0.743557 0.513333 0.020619 0.066667
8 0.743557 0.273333 0.010309 0.066667
4 0.743557 0.393333 0.010309 0.066667
14 0.858247 0.273333 0.020619 0.066667
17 0.858247 0.393333 0.020619 0.066667