6 0.144986 0.393333 0.010840 0.066667
17 0.237127 0.753333 0.021680 0.066667
5 0.329268 0.513333 0.010840 0.066667
0 0.329268 0.753333 0.010840 0.066667
3 0.329268 0.273333 0.010840 0.066667
0 0.421409 0.513333 0.010840 0.066667
28 0.421409 0.633333 0.043360 0.066667
1 0.421409 0.753333 0.010840 0.066667
5 0.513550 0.273333 0.010840 0.066667
6 0.604336 0.393333 0.010840 0.066667
8 0.696477 0.513333 0.010840 0.066667
27 0.697154 0.273333 0.009485 0.053333
0 0.696477 0.633333 0.010840 0.066667
20 0.788618 0.753333 0.021680 0.066667
27 0.787940 0.513333 0.009485 0.053333
10 0.788618 0.393333 0.021680 0.066667
0 0.880759 0.273333 0.010840 0.066667
3 0.880759 0.513333 0.010840 0.066667
9 0.880759 0.393333 0.010840 0.066667
6 0.880759 0.153333 0.010840 0.066667