7 0.131484 0.753333 0.009650 0.066667
1 0.131484 0.273333 0.009650 0.066667
0 0.215923 0.513333 0.009650 0.066667
13 0.215923 0.753333 0.019300 0.066667
1 0.300362 0.753333 0.009650 0.066667
1 0.300362 0.153333 0.009650 0.066667
0 0.300362 0.513333 0.009650 0.066667
9 0.384801 0.753333 0.009650 0.066667
3 0.384801 0.273333 0.009650 0.066667
10 0.384801 0.633333 0.019300 0.066667
15 0.384801 0.153333 0.019300 0.066667
6 0.469240 0.393333 0.009650 0.066667
17 0.469240 0.633333 0.019300 0.066667
13 0.553679 0.633333 0.019300 0.066667
0 0.638118 0.753333 0.009650 0.066667
0 0.638118 0.513333 0.009650 0.066667
4 0.722557 0.753333 0.009650 0.066667
18 0.722557 0.513333 0.019300 0.066667
0 0.806996 0.513333 0.009650 0.066667
0 0.806996 0.633333 0.009650 0.066667
2 0.891435 0.753333 0.009650 0.066667
1 0.891435 0.633333 0.009650 0.066667