0 0.120820 0.633333 0.008630 0.066667
28 0.120820 0.753333 0.025890 0.066667
28 0.120820 0.513333 0.034520 0.066667
7 0.198490 0.273333 0.008630 0.066667
7 0.198490 0.513333 0.008630 0.066667
2 0.276160 0.393333 0.008630 0.066667
4 0.276160 0.753333 0.008630 0.066667
24 0.354908 0.153333 0.017260 0.066667
1 0.432578 0.393333 0.008630 0.066667
5 0.432578 0.513333 0.008630 0.066667
3 0.510248 0.633333 0.008630 0.066667
2 0.587918 0.513333 0.008630 0.066667
10 0.587918 0.633333 0.017260 0.066667
4 0.587918 0.153333 0.008630 0.066667
3 0.587918 0.753333 0.008630 0.066667
5 0.666667 0.633333 0.008630 0.066667
2 0.666667 0.513333 0.008630 0.066667
1 0.666667 0.273333 0.008630 0.066667
0 0.744337 0.633333 0.008630 0.066667
14 0.744337 0.393333 0.017260 0.066667
10 0.744337 0.153333 0.017260 0.066667
6 0.822006 0.273333 0.008630 0.066667
1 0.899676 0.753333 0.008630 0.066667