6 0.161994 0.393333 0.012461 0.066667
23 0.161994 0.153333 0.024922 0.066667
3 0.263240 0.273333 0.012461 0.066667
1 0.263240 0.513333 0.012461 0.066667
6 0.364486 0.153333 0.012461 0.066667
3 0.464174 0.513333 0.012461 0.066667
3 0.464174 0.633333 0.012461 0.066667
5 0.565421 0.273333 0.012461 0.066667
5 0.565421 0.753333 0.012461 0.066667
4 0.666667 0.393333 0.012461 0.066667
2 0.766355 0.753333 0.012461 0.066667
0 0.766355 0.393333 0.012461 0.066667
10 0.766355 0.153333 0.024922 0.066667
8 0.867601 0.393333 0.012461 0.066667
4 0.867601 0.273333 0.012461 0.066667