0 0.159527 0.393333 0.011817 0.066667
0 0.159527 0.513333 0.011817 0.066667
17 0.261448 0.513333 0.023634 0.066667
21 0.261448 0.153333 0.023634 0.066667
12 0.361891 0.393333 0.023634 0.066667
17 0.361891 0.633333 0.023634 0.066667
28 0.463811 0.153333 0.047267 0.066667
10 0.463811 0.753333 0.023634 0.066667
16 0.463811 0.633333 0.023634 0.066667
1 0.564254 0.153333 0.011817 0.066667
9 0.564254 0.753333 0.011817 0.066667
1 0.666174 0.753333 0.011817 0.066667
21 0.666174 0.633333 0.023634 0.066667
27 0.665436 0.393333 0.010340 0.053333
27 0.767356 0.153333 0.010340 0.053333
4 0.766617 0.513333 0.011817 0.066667
0 0.868538 0.153333 0.011817 0.066667
0 0.868538 0.633333 0.011817 0.066667