2 0.160475 0.753333 0.011887 0.066667
13 0.261516 0.153333 0.023774 0.066667
3 0.261516 0.393333 0.011887 0.066667
19 0.261516 0.273333 0.023774 0.066667
27 0.260773 0.513333 0.010401 0.053333
6 0.362556 0.753333 0.011887 0.066667
20 0.463596 0.753333 0.023774 0.066667
3 0.463596 0.513333 0.011887 0.066667
5 0.564636 0.633333 0.011887 0.066667
2 0.564636 0.153333 0.011887 0.066667
5 0.564636 0.513333 0.011887 0.066667
11 0.665676 0.393333 0.023774 0.066667
6 0.766716 0.273333 0.011887 0.066667
19 0.766716 0.513333 0.023774 0.066667
14 0.766716 0.393333 0.023774 0.066667
5 0.867756 0.753333 0.011887 0.066667
15 0.867756 0.393333 0.023774 0.066667
8 0.867756 0.273333 0.011887 0.066667
1 0.867756 0.153333 0.011887 0.066667