0 0.165025 0.273333 0.009852 0.066667
21 0.165025 0.153333 0.019704 0.066667
4 0.165025 0.753333 0.009852 0.066667
15 0.165025 0.633333 0.019704 0.066667
16 0.280788 0.153333 0.019704 0.066667
8 0.280788 0.273333 0.009852 0.066667
2 0.396552 0.513333 0.009852 0.066667
19 0.396552 0.393333 0.019704 0.066667
5 0.512315 0.633333 0.009852 0.066667
15 0.512315 0.393333 0.019704 0.066667
3 0.512315 0.753333 0.009852 0.066667
3 0.512315 0.153333 0.009852 0.066667
28 0.628079 0.273333 0.029557 0.066667
6 0.628079 0.633333 0.009852 0.066667
27 0.627463 0.513333 0.008621 0.053333
1 0.743842 0.753333 0.009852 0.066667
0 0.743842 0.633333 0.009852 0.066667
0 0.743842 0.513333 0.009852 0.066667
16 0.859606 0.393333 0.019704 0.066667