1 0.193548 0.153333 0.012903 0.066667
4 0.322581 0.633333 0.012903 0.066667
5 0.322581 0.513333 0.012903 0.066667
0 0.451613 0.633333 0.012903 0.066667
15 0.451613 0.153333 0.025806 0.066667
21 0.451613 0.273333 0.025806 0.066667
1 0.451613 0.513333 0.012903 0.066667
12 0.580645 0.273333 0.025806 0.066667
6 0.580645 0.513333 0.012903 0.066667
0 0.580645 0.393333 0.012903 0.066667
8 0.709677 0.633333 0.012903 0.066667
2 0.709677 0.393333 0.012903 0.066667
3 0.709677 0.273333 0.012903 0.066667
2 0.838710 0.753333 0.012903 0.066667