0 0.145511 0.633333 0.008256 0.066667
2 0.145511 0.753333 0.008256 0.066667
2 0.145511 0.273333 0.008256 0.066667
11 0.145511 0.393333 0.016512 0.066667
15 0.249742 0.513333 0.016512 0.066667
0 0.249742 0.753333 0.008256 0.066667
3 0.249742 0.393333 0.008256 0.066667
12 0.249742 0.153333 0.016512 0.066667
0 0.353973 0.513333 0.008256 0.066667
0 0.353973 0.393333 0.008256 0.066667
12 0.458204 0.153333 0.016512 0.066667
4 0.458204 0.393333 0.008256 0.066667
0 0.458204 0.633333 0.008256 0.066667
9 0.562436 0.273333 0.008256 0.066667
14 0.562436 0.753333 0.016512 0.066667
0 0.666667 0.273333 0.008256 0.066667
0 0.666667 0.393333 0.008256 0.066667
2 0.770898 0.633333 0.008256 0.066667
14 0.770898 0.153333 0.016512 0.066667
3 0.770898 0.273333 0.008256 0.066667
1 0.875129 0.273333 0.008256 0.066667