5 0.166023 0.633333 0.010296 0.066667
3 0.166023 0.153333 0.010296 0.066667
17 0.166023 0.393333 0.020592 0.066667
5 0.281853 0.273333 0.010296 0.066667
2 0.281853 0.153333 0.010296 0.066667
23 0.281853 0.393333 0.020592 0.066667
18 0.396396 0.753333 0.020592 0.066667
12 0.396396 0.633333 0.020592 0.066667
12 0.396396 0.153333 0.020592 0.066667
6 0.396396 0.513333 0.010296 0.066667
10 0.512227 0.753333 0.020592 0.066667
1 0.512227 0.513333 0.010296 0.066667
3 0.628057 0.633333 0.010296 0.066667
9 0.742600 0.513333 0.010296 0.066667
2 0.742600 0.393333 0.010296 0.066667
3 0.742600 0.273333 0.010296 0.066667
19 0.858430 0.753333 0.020592 0.066667
3 0.858430 0.633333 0.010296 0.066667