8 0.125000 0.153333 0.010870 0.066667
0 0.125000 0.513333 0.010870 0.066667
11 0.125000 0.273333 0.021739 0.066667
0 0.125000 0.753333 0.010870 0.066667
1 0.195652 0.153333 0.010870 0.066667
5 0.195652 0.753333 0.010870 0.066667
1 0.195652 0.513333 0.010870 0.066667
5 0.266304 0.153333 0.010870 0.066667
2 0.266304 0.633333 0.010870 0.066667
6 0.336957 0.153333 0.010870 0.066667
5 0.336957 0.633333 0.010870 0.066667
2 0.336957 0.513333 0.010870 0.066667
5 0.336957 0.753333 0.010870 0.066667
0 0.407609 0.513333 0.010870 0.066667
16 0.407609 0.273333 0.021739 0.066667
7 0.407609 0.753333 0.010870 0.066667
5 0.407609 0.153333 0.010870 0.066667
6 0.478261 0.153333 0.010870 0.066667
22 0.478261 0.753333 0.021739 0.066667
3 0.548913 0.393333 0.010870 0.066667
3 0.619565 0.153333 0.010870 0.066667
0 0.619565 0.633333 0.010870 0.066667
3 0.690217 0.273333 0.010870 0.066667
5 0.690217 0.753333 0.010870 0.066667
0 0.760870 0.393333 0.010870 0.066667
10 0.760870 0.753333 0.021739 0.066667
11 0.831522 0.153333 0.021739 0.066667
3 0.902174 0.513333 0.010870 0.066667
5 0.902174 0.633333 0.010870 0.066667