2 0.190108 0.513333 0.012365 0.066667
5 0.190108 0.633333 0.012365 0.066667
5 0.319938 0.273333 0.012365 0.066667
2 0.319938 0.153333 0.012365 0.066667
0 0.319938 0.753333 0.012365 0.066667
18 0.449768 0.753333 0.024730 0.066667
0 0.449768 0.273333 0.012365 0.066667
0 0.449768 0.393333 0.012365 0.066667
0 0.579598 0.273333 0.012365 0.066667
8 0.579598 0.513333 0.012365 0.066667
8 0.709428 0.513333 0.012365 0.066667
18 0.709428 0.633333 0.024730 0.066667
5 0.839258 0.273333 0.012365 0.066667
19 0.839258 0.153333 0.024730 0.066667