9 0.165823 0.153333 0.010127 0.066667
2 0.165823 0.393333 0.010127 0.066667
0 0.281013 0.393333 0.010127 0.066667
27 0.281646 0.273333 0.008861 0.053333
16 0.396203 0.633333 0.020253 0.066667
4 0.512658 0.753333 0.010127 0.066667
4 0.512658 0.393333 0.010127 0.066667
1 0.512658 0.273333 0.010127 0.066667
2 0.512658 0.513333 0.010127 0.066667
28 0.627848 0.753333 0.030380 0.066667
3 0.627848 0.273333 0.010127 0.066667
0 0.743038 0.273333 0.010127 0.066667
21 0.858228 0.153333 0.020253 0.066667
13 0.858228 0.393333 0.020253 0.066667