11 0.126033 0.633333 0.016529 0.066667
9 0.126033 0.393333 0.008264 0.066667
8 0.211777 0.273333 0.008264 0.066667
3 0.211777 0.153333 0.008264 0.066667
10 0.296488 0.513333 0.016529 0.066667
1 0.296488 0.753333 0.008264 0.066667
0 0.296488 0.633333 0.008264 0.066667
28 0.382231 0.513333 0.033058 0.066667
0 0.466942 0.273333 0.008264 0.066667
14 0.466942 0.753333 0.016529 0.066667
2 0.466942 0.393333 0.008264 0.066667
21 0.552686 0.633333 0.016529 0.066667
9 0.637397 0.393333 0.008264 0.066667
18 0.637397 0.513333 0.016529 0.066667
9 0.637397 0.153333 0.008264 0.066667
1 0.723140 0.753333 0.008264 0.066667
6 0.723140 0.273333 0.008264 0.066667
5 0.723140 0.393333 0.008264 0.066667
12 0.807851 0.753333 0.016529 0.066667
7 0.807851 0.513333 0.008264 0.066667
28 0.807851 0.633333 0.024793 0.066667
0 0.893595 0.153333 0.008264 0.066667
6 0.893595 0.273333 0.008264 0.066667
6 0.893595 0.513333 0.008264 0.066667