17 0.125706 0.633333 0.022599 0.066667
0 0.196328 0.753333 0.011299 0.066667
1 0.266949 0.393333 0.011299 0.066667
0 0.266949 0.273333 0.011299 0.066667
7 0.266949 0.513333 0.011299 0.066667
0 0.337571 0.153333 0.011299 0.066667
9 0.337571 0.273333 0.011299 0.066667
10 0.408192 0.513333 0.022599 0.066667
15 0.408192 0.393333 0.022599 0.066667
0 0.408192 0.753333 0.011299 0.066667
11 0.478814 0.273333 0.022599 0.066667
19 0.548023 0.393333 0.022599 0.066667
5 0.618644 0.393333 0.011299 0.066667
3 0.618644 0.273333 0.011299 0.066667
5 0.689266 0.513333 0.011299 0.066667
10 0.689266 0.633333 0.022599 0.066667
7 0.689266 0.753333 0.011299 0.066667
24 0.759887 0.273333 0.022599 0.066667
19 0.759887 0.513333 0.022599 0.066667
0 0.759887 0.633333 0.011299 0.066667
6 0.830508 0.153333 0.011299 0.066667
0 0.901130 0.153333 0.011299 0.066667
2 0.901130 0.513333 0.011299 0.066667