7 0.129651 0.753333 0.009019 0.066667
1 0.214205 0.153333 0.009019 0.066667
3 0.298760 0.153333 0.009019 0.066667
9 0.383315 0.633333 0.009019 0.066667
1 0.467869 0.273333 0.009019 0.066667
9 0.467869 0.753333 0.009019 0.066667
11 0.467869 0.153333 0.018038 0.066667
4 0.553551 0.513333 0.009019 0.066667
28 0.553551 0.153333 0.027057 0.066667
12 0.638106 0.273333 0.018038 0.066667
10 0.638106 0.513333 0.018038 0.066667
9 0.722661 0.273333 0.009019 0.066667
21 0.722661 0.393333 0.018038 0.066667
5 0.722661 0.513333 0.009019 0.066667
11 0.807215 0.273333 0.018038 0.066667
14 0.891770 0.633333 0.018038 0.066667
1 0.891770 0.513333 0.009019 0.066667
5 0.891770 0.273333 0.009019 0.066667