10 0.146865 0.753333 0.026403 0.066667
6 0.146865 0.153333 0.013201 0.066667
9 0.146865 0.513333 0.013201 0.066667
13 0.229373 0.633333 0.026403 0.066667
1 0.310231 0.273333 0.013201 0.066667
23 0.310231 0.633333 0.026403 0.066667
5 0.392739 0.273333 0.013201 0.066667
28 0.392739 0.633333 0.052805 0.066667
6 0.392739 0.513333 0.013201 0.066667
19 0.475248 0.273333 0.026403 0.066667
14 0.556106 0.633333 0.026403 0.066667
12 0.556106 0.513333 0.026403 0.066667
8 0.638614 0.153333 0.013201 0.066667
3 0.638614 0.753333 0.013201 0.066667
5 0.721122 0.633333 0.013201 0.066667
3 0.721122 0.153333 0.013201 0.066667
1 0.721122 0.513333 0.013201 0.066667
6 0.801980 0.633333 0.013201 0.066667
0 0.801980 0.393333 0.013201 0.066667
0 0.801980 0.273333 0.013201 0.066667
9 0.884488 0.633333 0.013201 0.066667
3 0.884488 0.393333 0.013201 0.066667