5 0.133938 0.633333 0.008056 0.066667
11 0.133938 0.513333 0.016113 0.066667
27 0.228097 0.153333 0.007049 0.053333
18 0.227593 0.393333 0.016113 0.066667
2 0.227593 0.753333 0.008056 0.066667
27 0.321752 0.513333 0.007049 0.053333
7 0.321249 0.273333 0.008056 0.066667
4 0.321249 0.393333 0.008056 0.066667
8 0.415911 0.393333 0.008056 0.066667
22 0.509567 0.393333 0.016113 0.066667
19 0.509567 0.753333 0.016113 0.066667
7 0.603223 0.393333 0.008056 0.066667
8 0.697885 0.753333 0.008056 0.066667
2 0.697885 0.153333 0.008056 0.066667
0 0.791541 0.153333 0.008056 0.066667
16 0.791541 0.273333 0.016113 0.066667
6 0.885196 0.753333 0.008056 0.066667
4 0.885196 0.393333 0.008056 0.066667
0 0.885196 0.513333 0.008056 0.066667