14 0.190332 0.513333 0.024169 0.066667
27 0.189577 0.633333 0.010574 0.053333
6 0.320242 0.393333 0.012085 0.066667
5 0.320242 0.273333 0.012085 0.066667
11 0.450151 0.153333 0.024169 0.066667
1 0.450151 0.633333 0.012085 0.066667
14 0.580060 0.153333 0.024169 0.066667
18 0.580060 0.633333 0.024169 0.066667
22 0.580060 0.513333 0.024169 0.066667
0 0.580060 0.273333 0.012085 0.066667
12 0.709970 0.753333 0.024169 0.066667
0 0.709970 0.633333 0.012085 0.066667
0 0.709970 0.153333 0.012085 0.066667
8 0.839879 0.153333 0.012085 0.066667