0 0.133768 0.633333 0.013051 0.066667
2 0.133768 0.153333 0.013051 0.066667
7 0.203915 0.153333 0.013051 0.066667
27 0.203100 0.753333 0.011419 0.053333
14 0.203915 0.513333 0.026101 0.066667
0 0.272431 0.753333 0.013051 0.066667
0 0.342577 0.153333 0.013051 0.066667
19 0.411093 0.753333 0.026101 0.066667
6 0.481240 0.633333 0.013051 0.066667
0 0.481240 0.513333 0.013051 0.066667
7 0.549755 0.513333 0.013051 0.066667
8 0.619902 0.273333 0.013051 0.066667
2 0.619902 0.153333 0.013051 0.066667
19 0.688418 0.513333 0.026101 0.066667
7 0.688418 0.393333 0.013051 0.066667
15 0.688418 0.153333 0.026101 0.066667
2 0.758564 0.753333 0.013051 0.066667
0 0.758564 0.513333 0.013051 0.066667
8 0.827080 0.513333 0.013051 0.066667
6 0.827080 0.273333 0.013051 0.066667
13 0.897227 0.273333 0.026101 0.066667
13 0.897227 0.513333 0.026101 0.066667