0 0.163752 0.273333 0.012719 0.066667
1 0.163752 0.153333 0.012719 0.066667
4 0.163752 0.513333 0.012719 0.066667
3 0.263911 0.633333 0.012719 0.066667
5 0.364070 0.753333 0.012719 0.066667
6 0.364070 0.393333 0.012719 0.066667
4 0.364070 0.633333 0.012719 0.066667
28 0.464229 0.633333 0.050874 0.066667
3 0.565978 0.633333 0.012719 0.066667
5 0.565978 0.273333 0.012719 0.066667
0 0.565978 0.153333 0.012719 0.066667
9 0.666137 0.513333 0.012719 0.066667
5 0.666137 0.273333 0.012719 0.066667
3 0.666137 0.393333 0.012719 0.066667
7 0.666137 0.633333 0.012719 0.066667
23 0.766296 0.153333 0.025437 0.066667
15 0.766296 0.753333 0.025437 0.066667
13 0.866455 0.513333 0.025437 0.066667
12 0.866455 0.273333 0.025437 0.066667