5 0.128492 0.153333 0.008939 0.066667
5 0.213408 0.633333 0.008939 0.066667
5 0.213408 0.513333 0.008939 0.066667
3 0.213408 0.273333 0.008939 0.066667
0 0.298324 0.513333 0.008939 0.066667
27 0.298883 0.393333 0.007821 0.053333
9 0.383240 0.633333 0.008939 0.066667
8 0.383240 0.273333 0.008939 0.066667
10 0.383240 0.753333 0.017877 0.066667
22 0.383240 0.513333 0.017877 0.066667
6 0.468156 0.153333 0.008939 0.066667
5 0.468156 0.273333 0.008939 0.066667
3 0.553073 0.513333 0.008939 0.066667
5 0.637989 0.153333 0.008939 0.066667
16 0.637989 0.633333 0.017877 0.066667
6 0.637989 0.393333 0.008939 0.066667
0 0.722905 0.393333 0.008939 0.066667
8 0.722905 0.513333 0.008939 0.066667
3 0.722905 0.273333 0.008939 0.066667
1 0.807821 0.153333 0.008939 0.066667
7 0.807821 0.753333 0.008939 0.066667
3 0.807821 0.513333 0.008939 0.066667
3 0.892737 0.273333 0.008939 0.066667