0 0.123978 0.633333 0.010899 0.066667
14 0.123978 0.273333 0.021798 0.066667
1 0.123978 0.393333 0.010899 0.066667
0 0.194823 0.153333 0.010899 0.066667
16 0.194823 0.273333 0.021798 0.066667
0 0.194823 0.753333 0.010899 0.066667
5 0.265668 0.633333 0.010899 0.066667
13 0.265668 0.513333 0.021798 0.066667
2 0.265668 0.153333 0.010899 0.066667
6 0.336512 0.753333 0.010899 0.066667
2 0.336512 0.393333 0.010899 0.066667
3 0.407357 0.753333 0.010899 0.066667
16 0.407357 0.273333 0.021798 0.066667
12 0.407357 0.393333 0.021798 0.066667
2 0.407357 0.153333 0.010899 0.066667
21 0.478202 0.633333 0.021798 0.066667
4 0.478202 0.153333 0.010899 0.066667
12 0.547684 0.153333 0.021798 0.066667
10 0.547684 0.633333 0.021798 0.066667
4 0.618529 0.753333 0.010899 0.066667
6 0.618529 0.153333 0.010899 0.066667
3 0.618529 0.633333 0.010899 0.066667
27 0.690054 0.393333 0.009537 0.053333
0 0.760218 0.393333 0.010899 0.066667
6 0.831063 0.753333 0.010899 0.066667
6 0.831063 0.153333 0.010899 0.066667
5 0.831063 0.513333 0.010899 0.066667
0 0.901907 0.153333 0.010899 0.066667