9 0.120497 0.513333 0.009938 0.066667
22 0.191304 0.393333 0.019876 0.066667
7 0.191304 0.633333 0.009938 0.066667
6 0.262112 0.153333 0.009938 0.066667
5 0.262112 0.513333 0.009938 0.066667
2 0.334161 0.633333 0.009938 0.066667
4 0.404969 0.273333 0.009938 0.066667
0 0.475776 0.273333 0.009938 0.066667
6 0.475776 0.513333 0.009938 0.066667
3 0.475776 0.153333 0.009938 0.066667
8 0.475776 0.753333 0.009938 0.066667
18 0.547826 0.153333 0.019876 0.066667
10 0.547826 0.753333 0.019876 0.066667
9 0.618634 0.153333 0.009938 0.066667
1 0.618634 0.753333 0.009938 0.066667
6 0.689441 0.753333 0.009938 0.066667
1 0.689441 0.153333 0.009938 0.066667
1 0.689441 0.393333 0.009938 0.066667
11 0.761491 0.633333 0.019876 0.066667
1 0.761491 0.273333 0.009938 0.066667
7 0.832298 0.513333 0.009938 0.066667
2 0.903106 0.273333 0.009938 0.066667
7 0.903106 0.393333 0.009938 0.066667