7 0.165563 0.153333 0.013245 0.066667
0 0.165563 0.753333 0.013245 0.066667
4 0.264901 0.273333 0.013245 0.066667
28 0.365894 0.393333 0.039735 0.066667
9 0.365894 0.753333 0.013245 0.066667
9 0.465232 0.273333 0.013245 0.066667
4 0.465232 0.513333 0.013245 0.066667
0 0.465232 0.393333 0.013245 0.066667
11 0.465232 0.633333 0.026490 0.066667
6 0.566225 0.393333 0.013245 0.066667
0 0.566225 0.153333 0.013245 0.066667
0 0.566225 0.633333 0.013245 0.066667
0 0.566225 0.753333 0.013245 0.066667
7 0.665563 0.153333 0.013245 0.066667
3 0.665563 0.273333 0.013245 0.066667
5 0.665563 0.393333 0.013245 0.066667
13 0.766556 0.153333 0.026490 0.066667
16 0.865894 0.513333 0.026490 0.066667