5 0.119324 0.633333 0.008448 0.066667
13 0.119324 0.513333 0.016895 0.066667
4 0.197466 0.273333 0.008448 0.066667
28 0.197466 0.633333 0.025343 0.066667
28 0.275607 0.393333 0.025343 0.066667
0 0.353749 0.273333 0.008448 0.066667
14 0.353749 0.633333 0.016895 0.066667
24 0.353749 0.393333 0.016895 0.066667
3 0.353749 0.753333 0.008448 0.066667
9 0.431890 0.153333 0.008448 0.066667
2 0.431890 0.753333 0.008448 0.066667
8 0.431890 0.273333 0.008448 0.066667
28 0.510032 0.393333 0.025343 0.066667
3 0.510032 0.273333 0.008448 0.066667
4 0.510032 0.633333 0.008448 0.066667
28 0.588173 0.273333 0.025343 0.066667
15 0.588173 0.153333 0.016895 0.066667
10 0.588173 0.393333 0.016895 0.066667
5 0.666315 0.153333 0.008448 0.066667
24 0.744456 0.513333 0.016895 0.066667
9 0.744456 0.273333 0.008448 0.066667
27 0.822070 0.753333 0.007392 0.053333
2 0.822598 0.513333 0.008448 0.066667
1 0.900739 0.153333 0.008448 0.066667
0 0.900739 0.513333 0.008448 0.066667
11 0.900739 0.393333 0.016895 0.066667