1 0.145578 0.153333 0.010884 0.066667
5 0.238095 0.393333 0.010884 0.066667
9 0.238095 0.273333 0.010884 0.066667
2 0.329252 0.513333 0.010884 0.066667
2 0.329252 0.393333 0.010884 0.066667
8 0.421769 0.393333 0.010884 0.066667
7 0.421769 0.153333 0.010884 0.066667
11 0.421769 0.513333 0.021769 0.066667
2 0.512925 0.513333 0.010884 0.066667
3 0.512925 0.753333 0.010884 0.066667
5 0.605442 0.753333 0.010884 0.066667
5 0.696599 0.753333 0.010884 0.066667
8 0.696599 0.513333 0.010884 0.066667
1 0.696599 0.393333 0.010884 0.066667
2 0.789116 0.153333 0.010884 0.066667
1 0.880272 0.153333 0.010884 0.066667
8 0.880272 0.273333 0.010884 0.066667