3 0.134576 0.273333 0.008282 0.066667
27 0.135093 0.393333 0.007246 0.053333
21 0.134576 0.513333 0.016563 0.066667
2 0.228778 0.633333 0.008282 0.066667
27 0.322464 0.153333 0.007246 0.053333
1 0.321946 0.513333 0.008282 0.066667
5 0.321946 0.753333 0.008282 0.066667
10 0.321946 0.393333 0.016563 0.066667
1 0.416149 0.273333 0.008282 0.066667
19 0.416149 0.513333 0.016563 0.066667
7 0.510352 0.273333 0.008282 0.066667
3 0.510352 0.513333 0.008282 0.066667
28 0.603520 0.513333 0.024845 0.066667
2 0.603520 0.393333 0.008282 0.066667
4 0.697723 0.393333 0.008282 0.066667
0 0.697723 0.753333 0.008282 0.066667
28 0.697723 0.633333 0.024845 0.066667
4 0.790890 0.633333 0.008282 0.066667
7 0.885093 0.393333 0.008282 0.066667
27 0.884576 0.513333 0.007246 0.053333