7 0.166389 0.273333 0.013311 0.066667
8 0.266223 0.513333 0.013311 0.066667
9 0.266223 0.153333 0.013311 0.066667
19 0.366057 0.273333 0.026622 0.066667
0 0.366057 0.633333 0.013311 0.066667
0 0.465890 0.273333 0.013311 0.066667
3 0.565724 0.393333 0.013311 0.066667
5 0.565724 0.513333 0.013311 0.066667
16 0.665557 0.393333 0.026622 0.066667
0 0.765391 0.273333 0.013311 0.066667
0 0.765391 0.513333 0.013311 0.066667
6 0.765391 0.393333 0.013311 0.066667
22 0.865225 0.393333 0.026622 0.066667
10 0.865225 0.273333 0.026622 0.066667