4 0.187060 0.513333 0.011252 0.066667
0 0.187060 0.273333 0.011252 0.066667
12 0.187060 0.153333 0.022504 0.066667
14 0.317862 0.753333 0.022504 0.066667
1 0.317862 0.273333 0.011252 0.066667
23 0.317862 0.633333 0.022504 0.066667
7 0.448664 0.513333 0.011252 0.066667
8 0.448664 0.753333 0.011252 0.066667
2 0.579466 0.513333 0.011252 0.066667
20 0.579466 0.153333 0.022504 0.066667
4 0.710267 0.513333 0.011252 0.066667
5 0.710267 0.153333 0.011252 0.066667
6 0.841069 0.753333 0.011252 0.066667
5 0.841069 0.393333 0.011252 0.066667
2 0.841069 0.633333 0.011252 0.066667
9 0.841069 0.513333 0.011252 0.066667