10 0.164034 0.633333 0.019441 0.066667
19 0.279465 0.753333 0.019441 0.066667
11 0.279465 0.153333 0.019441 0.066667
10 0.279465 0.513333 0.019441 0.066667
8 0.396112 0.153333 0.009721 0.066667
7 0.396112 0.393333 0.009721 0.066667
8 0.511543 0.273333 0.009721 0.066667
4 0.511543 0.633333 0.009721 0.066667
15 0.626974 0.393333 0.019441 0.066667
18 0.626974 0.513333 0.019441 0.066667
4 0.626974 0.633333 0.009721 0.066667
28 0.743621 0.393333 0.029162 0.066667
10 0.743621 0.513333 0.019441 0.066667
10 0.743621 0.633333 0.019441 0.066667
2 0.859052 0.393333 0.009721 0.066667
8 0.859052 0.753333 0.009721 0.066667
2 0.859052 0.513333 0.009721 0.066667