27 0.161748 0.753333 0.007946 0.053333
0 0.161180 0.393333 0.009081 0.066667
5 0.278093 0.513333 0.009081 0.066667
0 0.278093 0.393333 0.009081 0.066667
4 0.278093 0.153333 0.009081 0.066667
4 0.278093 0.753333 0.009081 0.066667
12 0.393871 0.393333 0.018161 0.066667
14 0.510783 0.633333 0.018161 0.066667
28 0.510783 0.393333 0.036322 0.066667
1 0.510783 0.153333 0.009081 0.066667
6 0.627696 0.273333 0.009081 0.066667
6 0.627696 0.153333 0.009081 0.066667
12 0.627696 0.393333 0.018161 0.066667
0 0.627696 0.513333 0.009081 0.066667
13 0.743473 0.513333 0.018161 0.066667
12 0.743473 0.393333 0.018161 0.066667
0 0.860386 0.753333 0.009081 0.066667