13 0.152074 0.273333 0.024578 0.066667
3 0.152074 0.513333 0.012289 0.066667
14 0.242704 0.753333 0.024578 0.066667
19 0.333333 0.393333 0.024578 0.066667
4 0.423963 0.753333 0.012289 0.066667
3 0.423963 0.393333 0.012289 0.066667
5 0.423963 0.513333 0.012289 0.066667
11 0.423963 0.153333 0.024578 0.066667
12 0.514593 0.633333 0.024578 0.066667
7 0.605223 0.633333 0.012289 0.066667
1 0.605223 0.153333 0.012289 0.066667
4 0.695853 0.633333 0.012289 0.066667
0 0.695853 0.153333 0.012289 0.066667
7 0.786482 0.513333 0.012289 0.066667
0 0.786482 0.153333 0.012289 0.066667
27 0.877880 0.753333 0.010753 0.053333
4 0.877112 0.513333 0.012289 0.066667