6 0.150898 0.273333 0.009581 0.066667
3 0.150898 0.753333 0.009581 0.066667
0 0.150898 0.633333 0.009581 0.066667
20 0.253892 0.273333 0.019162 0.066667
6 0.253892 0.513333 0.009581 0.066667
0 0.356886 0.393333 0.009581 0.066667
11 0.356886 0.153333 0.019162 0.066667
3 0.459880 0.633333 0.009581 0.066667
13 0.459880 0.753333 0.019162 0.066667
20 0.459880 0.513333 0.019162 0.066667
4 0.562874 0.153333 0.009581 0.066667
7 0.665868 0.753333 0.009581 0.066667
2 0.665868 0.633333 0.009581 0.066667
0 0.768862 0.633333 0.009581 0.066667
11 0.768862 0.393333 0.019162 0.066667
10 0.871856 0.153333 0.019162 0.066667
6 0.871856 0.513333 0.009581 0.066667
7 0.871856 0.273333 0.009581 0.066667
3 0.871856 0.633333 0.009581 0.066667