7 0.188427 0.153333 0.011869 0.066667
28 0.188427 0.273333 0.047478 0.066667
19 0.318991 0.273333 0.023739 0.066667
1 0.318991 0.633333 0.011869 0.066667
6 0.449555 0.633333 0.011869 0.066667
5 0.578635 0.513333 0.011869 0.066667
1 0.578635 0.753333 0.011869 0.066667
9 0.578635 0.393333 0.011869 0.066667
24 0.709199 0.513333 0.023739 0.066667
27 0.709941 0.393333 0.010386 0.053333
10 0.839763 0.633333 0.023739 0.066667
4 0.839763 0.753333 0.011869 0.066667
14 0.839763 0.393333 0.023739 0.066667
9 0.839763 0.273333 0.011869 0.066667