11 0.168250 0.153333 0.021710 0.066667
22 0.168250 0.273333 0.021710 0.066667
1 0.283582 0.273333 0.010855 0.066667
22 0.283582 0.513333 0.021710 0.066667
6 0.397558 0.393333 0.010855 0.066667
22 0.397558 0.513333 0.021710 0.066667
0 0.512890 0.393333 0.010855 0.066667
1 0.628223 0.753333 0.010855 0.066667
2 0.628223 0.273333 0.010855 0.066667
5 0.628223 0.153333 0.010855 0.066667
1 0.628223 0.633333 0.010855 0.066667
14 0.742198 0.513333 0.021710 0.066667
7 0.742198 0.753333 0.010855 0.066667
6 0.742198 0.273333 0.010855 0.066667
0 0.857531 0.753333 0.010855 0.066667