21 0.128130 0.393333 0.023564 0.066667
3 0.198822 0.753333 0.011782 0.066667
10 0.198822 0.393333 0.023564 0.066667
6 0.198822 0.273333 0.011782 0.066667
3 0.198822 0.513333 0.011782 0.066667
5 0.268041 0.153333 0.011782 0.066667
3 0.338733 0.393333 0.011782 0.066667
11 0.338733 0.633333 0.023564 0.066667
3 0.338733 0.273333 0.011782 0.066667
4 0.338733 0.513333 0.011782 0.066667
5 0.409426 0.753333 0.011782 0.066667
11 0.478645 0.153333 0.023564 0.066667
2 0.478645 0.513333 0.011782 0.066667
24 0.549337 0.513333 0.023564 0.066667
4 0.618557 0.633333 0.011782 0.066667
13 0.618557 0.273333 0.023564 0.066667
16 0.689249 0.273333 0.023564 0.066667
9 0.759941 0.153333 0.011782 0.066667
2 0.759941 0.513333 0.011782 0.066667
1 0.829161 0.753333 0.011782 0.066667
18 0.829161 0.633333 0.023564 0.066667
5 0.899853 0.633333 0.011782 0.066667
24 0.899853 0.273333 0.023564 0.066667
0 0.899853 0.153333 0.011782 0.066667
14 0.899853 0.753333 0.023564 0.066667