4 0.176759 0.633333 0.013093 0.066667
2 0.289689 0.393333 0.013093 0.066667
2 0.289689 0.633333 0.013093 0.066667
3 0.289689 0.153333 0.013093 0.066667
6 0.402619 0.273333 0.013093 0.066667
9 0.402619 0.753333 0.013093 0.066667
3 0.402619 0.393333 0.013093 0.066667
3 0.402619 0.513333 0.013093 0.066667
0 0.515548 0.753333 0.013093 0.066667
10 0.515548 0.513333 0.026187 0.066667
17 0.628478 0.153333 0.026187 0.066667
0 0.628478 0.273333 0.013093 0.066667
1 0.741408 0.273333 0.013093 0.066667
0 0.854337 0.273333 0.013093 0.066667
0 0.854337 0.513333 0.013093 0.066667
18 0.854337 0.633333 0.026187 0.066667