2 0.192616 0.273333 0.012841 0.066667
11 0.192616 0.153333 0.025682 0.066667
7 0.192616 0.633333 0.012841 0.066667
5 0.192616 0.513333 0.012841 0.066667
21 0.321027 0.393333 0.025682 0.066667
23 0.321027 0.513333 0.025682 0.066667
18 0.321027 0.753333 0.025682 0.066667
0 0.451043 0.753333 0.012841 0.066667
22 0.451043 0.633333 0.025682 0.066667
21 0.579454 0.393333 0.025682 0.066667
0 0.579454 0.513333 0.012841 0.066667
5 0.709470 0.273333 0.012841 0.066667
7 0.709470 0.633333 0.012841 0.066667
8 0.837881 0.393333 0.012841 0.066667
9 0.837881 0.633333 0.012841 0.066667