4 0.118421 0.633333 0.008097 0.066667
12 0.196356 0.273333 0.016194 0.066667
0 0.196356 0.513333 0.008097 0.066667
5 0.275304 0.513333 0.008097 0.066667
11 0.275304 0.273333 0.016194 0.066667
19 0.353239 0.273333 0.016194 0.066667
14 0.353239 0.513333 0.016194 0.066667
12 0.353239 0.633333 0.016194 0.066667
3 0.431174 0.753333 0.008097 0.066667
24 0.431174 0.393333 0.016194 0.066667
0 0.510121 0.753333 0.008097 0.066667
0 0.588057 0.513333 0.008097 0.066667
0 0.588057 0.633333 0.008097 0.066667
4 0.665992 0.393333 0.008097 0.066667
1 0.744939 0.273333 0.008097 0.066667
8 0.744939 0.513333 0.008097 0.066667
21 0.822874 0.513333 0.016194 0.066667
8 0.900810 0.273333 0.008097 0.066667