28 0.130841 0.513333 0.049844 0.066667
19 0.200935 0.153333 0.024922 0.066667
6 0.200935 0.273333 0.012461 0.066667
2 0.200935 0.633333 0.012461 0.066667
11 0.271028 0.393333 0.024922 0.066667
20 0.271028 0.633333 0.024922 0.066667
22 0.341121 0.273333 0.024922 0.066667
9 0.341121 0.633333 0.012461 0.066667
17 0.409657 0.513333 0.024922 0.066667
20 0.409657 0.393333 0.024922 0.066667
19 0.409657 0.753333 0.024922 0.066667
3 0.409657 0.273333 0.012461 0.066667
13 0.479751 0.633333 0.024922 0.066667
28 0.479751 0.153333 0.037383 0.066667
19 0.549844 0.513333 0.024922 0.066667
5 0.549844 0.393333 0.012461 0.066667
13 0.549844 0.273333 0.024922 0.066667
6 0.619938 0.753333 0.012461 0.066667
1 0.688474 0.513333 0.012461 0.066667
28 0.688474 0.273333 0.049844 0.066667
8 0.688474 0.753333 0.012461 0.066667
18 0.758567 0.153333 0.024922 0.066667
27 0.759346 0.753333 0.010903 0.053333
5 0.758567 0.273333 0.012461 0.066667
28 0.828660 0.273333 0.037383 0.066667
2 0.828660 0.753333 0.012461 0.066667
19 0.898754 0.633333 0.024922 0.066667
4 0.898754 0.393333 0.012461 0.066667