10 0.116972 0.153333 0.018349 0.066667
4 0.116972 0.513333 0.009174 0.066667
2 0.116972 0.393333 0.009174 0.066667
24 0.188073 0.273333 0.018349 0.066667
11 0.188073 0.633333 0.018349 0.066667
4 0.260321 0.153333 0.009174 0.066667
21 0.331422 0.393333 0.018349 0.066667
4 0.331422 0.633333 0.009174 0.066667
23 0.403670 0.153333 0.018349 0.066667
7 0.403670 0.393333 0.009174 0.066667
18 0.474771 0.273333 0.018349 0.066667
21 0.474771 0.633333 0.018349 0.066667
3 0.547018 0.153333 0.009174 0.066667
0 0.618119 0.273333 0.009174 0.066667
7 0.618119 0.513333 0.009174 0.066667
3 0.690367 0.753333 0.009174 0.066667
22 0.690367 0.633333 0.018349 0.066667
11 0.761468 0.273333 0.018349 0.066667
0 0.833716 0.633333 0.009174 0.066667
6 0.833716 0.273333 0.009174 0.066667
0 0.833716 0.513333 0.009174 0.066667
0 0.833716 0.393333 0.009174 0.066667
23 0.904817 0.273333 0.018349 0.066667
3 0.904817 0.753333 0.009174 0.066667