15 0.130233 0.513333 0.018605 0.066667
7 0.130233 0.393333 0.009302 0.066667
13 0.130233 0.753333 0.018605 0.066667
8 0.215116 0.633333 0.009302 0.066667
8 0.215116 0.153333 0.009302 0.066667
7 0.215116 0.513333 0.009302 0.066667
9 0.300000 0.393333 0.009302 0.066667
21 0.300000 0.513333 0.018605 0.066667
9 0.300000 0.633333 0.009302 0.066667
13 0.383721 0.153333 0.018605 0.066667
16 0.383721 0.273333 0.018605 0.066667
0 0.383721 0.633333 0.009302 0.066667
3 0.383721 0.753333 0.009302 0.066667
27 0.469186 0.153333 0.008140 0.053333
0 0.468605 0.393333 0.009302 0.066667
1 0.553488 0.273333 0.009302 0.066667
13 0.638372 0.513333 0.018605 0.066667
3 0.638372 0.273333 0.009302 0.066667
5 0.722093 0.633333 0.009302 0.066667
14 0.806977 0.753333 0.018605 0.066667
1 0.891860 0.273333 0.009302 0.066667