21 0.191063 0.393333 0.024653 0.066667
0 0.191063 0.633333 0.012327 0.066667
28 0.191063 0.753333 0.049307 0.066667
5 0.320493 0.633333 0.012327 0.066667
10 0.320493 0.513333 0.024653 0.066667
11 0.449923 0.753333 0.024653 0.066667
1 0.449923 0.393333 0.012327 0.066667
1 0.579353 0.153333 0.012327 0.066667
3 0.579353 0.513333 0.012327 0.066667
4 0.579353 0.393333 0.012327 0.066667
3 0.708783 0.153333 0.012327 0.066667
18 0.708783 0.753333 0.024653 0.066667
2 0.708783 0.393333 0.012327 0.066667
10 0.838213 0.633333 0.024653 0.066667
1 0.838213 0.513333 0.012327 0.066667
1 0.838213 0.153333 0.012327 0.066667
2 0.838213 0.753333 0.012327 0.066667