1 0.158780 0.513333 0.008412 0.066667
4 0.275499 0.633333 0.008412 0.066667
11 0.393270 0.633333 0.016824 0.066667
1 0.393270 0.273333 0.008412 0.066667
10 0.393270 0.513333 0.016824 0.066667
4 0.509989 0.393333 0.008412 0.066667
9 0.509989 0.273333 0.008412 0.066667
7 0.509989 0.153333 0.008412 0.066667
11 0.626709 0.393333 0.016824 0.066667
1 0.626709 0.273333 0.008412 0.066667
6 0.744479 0.633333 0.008412 0.066667
0 0.744479 0.273333 0.008412 0.066667
14 0.744479 0.753333 0.016824 0.066667
8 0.861199 0.753333 0.008412 0.066667
8 0.861199 0.273333 0.008412 0.066667