2 0.141791 0.153333 0.011940 0.066667
13 0.223881 0.273333 0.023881 0.066667
5 0.223881 0.513333 0.011940 0.066667
20 0.307463 0.513333 0.023881 0.066667
3 0.307463 0.273333 0.011940 0.066667
27 0.390299 0.633333 0.010448 0.053333
17 0.473134 0.753333 0.023881 0.066667
5 0.473134 0.153333 0.011940 0.066667
17 0.473134 0.393333 0.023881 0.066667
17 0.473134 0.273333 0.023881 0.066667
7 0.555224 0.273333 0.011940 0.066667
1 0.638806 0.153333 0.011940 0.066667
11 0.638806 0.513333 0.023881 0.066667
1 0.720896 0.393333 0.011940 0.066667
1 0.720896 0.153333 0.011940 0.066667
2 0.720896 0.513333 0.011940 0.066667
8 0.804478 0.513333 0.011940 0.066667
10 0.886567 0.273333 0.023881 0.066667
0 0.886567 0.513333 0.011940 0.066667