10 0.142857 0.393333 0.024578 0.066667
0 0.225806 0.153333 0.012289 0.066667
2 0.308756 0.753333 0.012289 0.066667
2 0.390169 0.153333 0.012289 0.066667
2 0.390169 0.633333 0.012289 0.066667
27 0.473886 0.633333 0.010753 0.053333
1 0.473118 0.153333 0.012289 0.066667
4 0.556068 0.153333 0.012289 0.066667
5 0.556068 0.753333 0.012289 0.066667
1 0.556068 0.273333 0.012289 0.066667
3 0.639017 0.513333 0.012289 0.066667
0 0.639017 0.153333 0.012289 0.066667
0 0.639017 0.753333 0.012289 0.066667
3 0.639017 0.273333 0.012289 0.066667
6 0.720430 0.753333 0.012289 0.066667
6 0.720430 0.393333 0.012289 0.066667
19 0.720430 0.153333 0.024578 0.066667
6 0.803379 0.633333 0.012289 0.066667
9 0.886329 0.393333 0.012289 0.066667
13 0.886329 0.273333 0.024578 0.066667