16 0.132754 0.273333 0.019851 0.066667
18 0.132754 0.633333 0.019851 0.066667
10 0.132754 0.393333 0.019851 0.066667
2 0.217122 0.273333 0.009926 0.066667
15 0.217122 0.513333 0.019851 0.066667
4 0.217122 0.633333 0.009926 0.066667
3 0.301489 0.633333 0.009926 0.066667
16 0.301489 0.273333 0.019851 0.066667
3 0.301489 0.153333 0.009926 0.066667
1 0.301489 0.753333 0.009926 0.066667
0 0.385856 0.633333 0.009926 0.066667
0 0.385856 0.153333 0.009926 0.066667
5 0.385856 0.273333 0.009926 0.066667
1 0.470223 0.513333 0.009926 0.066667
1 0.553350 0.753333 0.009926 0.066667
4 0.553350 0.393333 0.009926 0.066667
0 0.637717 0.393333 0.009926 0.066667
3 0.637717 0.513333 0.009926 0.066667
3 0.637717 0.153333 0.009926 0.066667
3 0.722084 0.153333 0.009926 0.066667
27 0.722705 0.273333 0.008685 0.053333
0 0.722084 0.393333 0.009926 0.066667
7 0.806452 0.273333 0.009926 0.066667
11 0.890819 0.753333 0.019851 0.066667
0 0.890819 0.393333 0.009926 0.066667
4 0.890819 0.153333 0.009926 0.066667