7 0.156293 0.753333 0.011065 0.066667
24 0.156293 0.633333 0.022130 0.066667
7 0.258645 0.273333 0.011065 0.066667
0 0.258645 0.393333 0.011065 0.066667
0 0.258645 0.513333 0.011065 0.066667
17 0.360996 0.753333 0.022130 0.066667
8 0.461964 0.153333 0.011065 0.066667
3 0.461964 0.513333 0.011065 0.066667
2 0.564315 0.273333 0.011065 0.066667
27 0.665975 0.153333 0.009682 0.053333
0 0.666667 0.633333 0.011065 0.066667
6 0.666667 0.753333 0.011065 0.066667
4 0.767635 0.273333 0.011065 0.066667
1 0.767635 0.153333 0.011065 0.066667
3 0.767635 0.633333 0.011065 0.066667
0 0.869986 0.153333 0.011065 0.066667
2 0.869986 0.273333 0.011065 0.066667
4 0.869986 0.753333 0.011065 0.066667
8 0.869986 0.513333 0.011065 0.066667