3 0.133603 0.753333 0.008097 0.066667
12 0.133603 0.513333 0.016194 0.066667
1 0.227733 0.273333 0.008097 0.066667
3 0.227733 0.633333 0.008097 0.066667
28 0.227733 0.513333 0.032389 0.066667
19 0.321862 0.153333 0.016194 0.066667
6 0.321862 0.633333 0.008097 0.066667
4 0.415992 0.153333 0.008097 0.066667
4 0.415992 0.393333 0.008097 0.066667
22 0.510121 0.153333 0.016194 0.066667
14 0.603239 0.753333 0.016194 0.066667
5 0.603239 0.273333 0.008097 0.066667
0 0.603239 0.153333 0.008097 0.066667
13 0.603239 0.393333 0.016194 0.066667
5 0.697368 0.393333 0.008097 0.066667
5 0.791498 0.633333 0.008097 0.066667
5 0.885628 0.273333 0.008097 0.066667