4 0.149780 0.513333 0.011747 0.066667
0 0.149780 0.393333 0.011747 0.066667
5 0.149780 0.273333 0.011747 0.066667
6 0.240822 0.273333 0.011747 0.066667
6 0.331865 0.273333 0.011747 0.066667
24 0.422907 0.633333 0.023495 0.066667
2 0.422907 0.153333 0.011747 0.066667
3 0.422907 0.393333 0.011747 0.066667
5 0.513950 0.393333 0.011747 0.066667
1 0.513950 0.273333 0.011747 0.066667
0 0.604993 0.393333 0.011747 0.066667
5 0.696035 0.513333 0.011747 0.066667
20 0.696035 0.153333 0.023495 0.066667
17 0.696035 0.393333 0.023495 0.066667
23 0.787078 0.513333 0.023495 0.066667
0 0.787078 0.633333 0.011747 0.066667
7 0.878120 0.513333 0.011747 0.066667