1 0.133721 0.393333 0.011628 0.066667
8 0.133721 0.153333 0.011628 0.066667
6 0.209302 0.153333 0.011628 0.066667
0 0.209302 0.513333 0.011628 0.066667
4 0.209302 0.753333 0.011628 0.066667
0 0.286337 0.393333 0.011628 0.066667
1 0.286337 0.753333 0.011628 0.066667
2 0.361919 0.753333 0.011628 0.066667
4 0.361919 0.393333 0.011628 0.066667
27 0.361192 0.273333 0.010174 0.053333
3 0.361919 0.513333 0.011628 0.066667
14 0.437500 0.513333 0.023256 0.066667
4 0.514535 0.513333 0.011628 0.066667
0 0.514535 0.153333 0.011628 0.066667
5 0.590116 0.633333 0.011628 0.066667
6 0.665698 0.513333 0.011628 0.066667
2 0.665698 0.393333 0.011628 0.066667
9 0.742733 0.153333 0.011628 0.066667
13 0.742733 0.753333 0.023256 0.066667
3 0.742733 0.393333 0.011628 0.066667
1 0.818314 0.513333 0.011628 0.066667
2 0.818314 0.633333 0.011628 0.066667
18 0.893895 0.393333 0.023256 0.066667
22 0.893895 0.633333 0.023256 0.066667