20 0.198062 0.513333 0.017223 0.066667
1 0.198062 0.273333 0.008611 0.066667
0 0.198062 0.393333 0.008611 0.066667
3 0.354144 0.513333 0.008611 0.066667
5 0.510226 0.633333 0.008611 0.066667
5 0.510226 0.753333 0.008611 0.066667
3 0.510226 0.273333 0.008611 0.066667
18 0.666308 0.393333 0.017223 0.066667
7 0.666308 0.633333 0.008611 0.066667
0 0.666308 0.753333 0.008611 0.066667
4 0.822390 0.273333 0.008611 0.066667
27 0.821851 0.753333 0.007535 0.053333
7 0.822390 0.153333 0.008611 0.066667
2 0.822390 0.393333 0.008611 0.066667