1 0.176661 0.273333 0.012966 0.066667
12 0.290113 0.753333 0.025932 0.066667
0 0.290113 0.273333 0.012966 0.066667
0 0.290113 0.633333 0.012966 0.066667
6 0.401945 0.513333 0.012966 0.066667
11 0.401945 0.753333 0.025932 0.066667
6 0.515397 0.153333 0.012966 0.066667
8 0.515397 0.393333 0.012966 0.066667
11 0.515397 0.273333 0.025932 0.066667
0 0.628849 0.513333 0.012966 0.066667
3 0.740681 0.153333 0.012966 0.066667
24 0.740681 0.513333 0.025932 0.066667
1 0.740681 0.393333 0.012966 0.066667
7 0.854133 0.393333 0.012966 0.066667
3 0.854133 0.633333 0.012966 0.066667
16 0.854133 0.753333 0.025932 0.066667