3 0.135338 0.153333 0.012030 0.066667
4 0.210526 0.153333 0.012030 0.066667
20 0.210526 0.633333 0.024060 0.066667
1 0.210526 0.753333 0.012030 0.066667
9 0.210526 0.273333 0.012030 0.066667
2 0.287218 0.753333 0.012030 0.066667
24 0.287218 0.273333 0.024060 0.066667
18 0.287218 0.513333 0.024060 0.066667
3 0.287218 0.153333 0.012030 0.066667
28 0.362406 0.393333 0.036090 0.066667
2 0.362406 0.273333 0.012030 0.066667
17 0.439098 0.513333 0.024060 0.066667
0 0.439098 0.753333 0.012030 0.066667
4 0.514286 0.153333 0.012030 0.066667
8 0.589474 0.273333 0.012030 0.066667
4 0.589474 0.633333 0.012030 0.066667
13 0.666165 0.753333 0.024060 0.066667
7 0.666165 0.273333 0.012030 0.066667
10 0.741353 0.273333 0.024060 0.066667
1 0.741353 0.513333 0.012030 0.066667
11 0.741353 0.393333 0.024060 0.066667
4 0.818045 0.153333 0.012030 0.066667
27 0.817293 0.633333 0.010526 0.053333
2 0.893233 0.273333 0.012030 0.066667
23 0.893233 0.513333 0.024060 0.066667