5 0.165195 0.273333 0.010088 0.066667
1 0.165195 0.513333 0.010088 0.066667
0 0.281211 0.393333 0.010088 0.066667
6 0.395965 0.753333 0.010088 0.066667
3 0.395965 0.513333 0.010088 0.066667
10 0.511980 0.273333 0.020177 0.066667
1 0.511980 0.633333 0.010088 0.066667
5 0.627995 0.393333 0.010088 0.066667
0 0.627995 0.633333 0.010088 0.066667
2 0.742749 0.393333 0.010088 0.066667
0 0.742749 0.513333 0.010088 0.066667
0 0.742749 0.153333 0.010088 0.066667
3 0.858764 0.393333 0.010088 0.066667
4 0.858764 0.513333 0.010088 0.066667