23 0.114286 0.753333 0.016931 0.066667
3 0.114286 0.633333 0.008466 0.066667
0 0.114286 0.273333 0.008466 0.066667
8 0.114286 0.513333 0.008466 0.066667
10 0.186243 0.513333 0.016931 0.066667
5 0.258201 0.513333 0.008466 0.066667
27 0.329630 0.393333 0.007407 0.053333
4 0.330159 0.753333 0.008466 0.066667
20 0.402116 0.273333 0.016931 0.066667
5 0.474074 0.513333 0.008466 0.066667
12 0.474074 0.393333 0.016931 0.066667
27 0.546561 0.273333 0.007407 0.053333
9 0.617989 0.153333 0.008466 0.066667
4 0.617989 0.513333 0.008466 0.066667
3 0.689947 0.393333 0.008466 0.066667
5 0.689947 0.633333 0.008466 0.066667
10 0.689947 0.513333 0.016931 0.066667
15 0.761905 0.393333 0.016931 0.066667
3 0.761905 0.153333 0.008466 0.066667
11 0.833862 0.393333 0.016931 0.066667
7 0.833862 0.753333 0.008466 0.066667
27 0.834392 0.273333 0.007407 0.053333
5 0.905820 0.393333 0.008466 0.066667
0 0.905820 0.273333 0.008466 0.066667
4 0.905820 0.753333 0.008466 0.066667
8 0.905820 0.153333 0.008466 0.066667