0 0.119048 0.393333 0.009524 0.066667
0 0.119048 0.633333 0.009524 0.066667
11 0.190476 0.273333 0.019048 0.066667
13 0.261905 0.633333 0.019048 0.066667
27 0.261310 0.273333 0.008333 0.053333
8 0.333333 0.753333 0.009524 0.066667
28 0.333333 0.273333 0.038095 0.066667
4 0.404762 0.153333 0.009524 0.066667
4 0.404762 0.393333 0.009524 0.066667
7 0.404762 0.753333 0.009524 0.066667
6 0.476190 0.513333 0.009524 0.066667
12 0.476190 0.753333 0.019048 0.066667
7 0.476190 0.153333 0.009524 0.066667
0 0.547619 0.513333 0.009524 0.066667
5 0.619048 0.513333 0.009524 0.066667
3 0.619048 0.153333 0.009524 0.066667
28 0.619048 0.633333 0.028571 0.066667
9 0.690476 0.513333 0.009524 0.066667
18 0.761905 0.153333 0.019048 0.066667
7 0.761905 0.513333 0.009524 0.066667
21 0.833333 0.633333 0.019048 0.066667
12 0.833333 0.273333 0.019048 0.066667
8 0.904762 0.153333 0.009524 0.066667
5 0.904762 0.753333 0.009524 0.066667