4 0.184246 0.273333 0.010681 0.066667
4 0.184246 0.153333 0.010681 0.066667
8 0.315087 0.153333 0.010681 0.066667
4 0.315087 0.513333 0.010681 0.066667
5 0.315087 0.393333 0.010681 0.066667
11 0.447263 0.273333 0.021362 0.066667
3 0.578104 0.273333 0.010681 0.066667
5 0.578104 0.393333 0.010681 0.066667
21 0.578104 0.153333 0.021362 0.066667
9 0.710280 0.633333 0.010681 0.066667
4 0.710280 0.753333 0.010681 0.066667
19 0.841121 0.393333 0.021362 0.066667
5 0.841121 0.633333 0.010681 0.066667
11 0.841121 0.753333 0.021362 0.066667
12 0.841121 0.153333 0.021362 0.066667