9 0.130201 0.753333 0.010738 0.066667
14 0.130201 0.153333 0.021477 0.066667
5 0.130201 0.393333 0.010738 0.066667
1 0.130201 0.513333 0.010738 0.066667
4 0.206711 0.513333 0.010738 0.066667
3 0.206711 0.273333 0.010738 0.066667
1 0.206711 0.153333 0.010738 0.066667
18 0.283221 0.633333 0.021477 0.066667
0 0.283221 0.153333 0.010738 0.066667
6 0.283221 0.513333 0.010738 0.066667
5 0.359732 0.273333 0.010738 0.066667
8 0.359732 0.513333 0.010738 0.066667
9 0.359732 0.753333 0.010738 0.066667
4 0.436242 0.513333 0.010738 0.066667
10 0.436242 0.753333 0.021477 0.066667
4 0.512752 0.513333 0.010738 0.066667
4 0.512752 0.633333 0.010738 0.066667
19 0.512752 0.753333 0.021477 0.066667
3 0.589262 0.753333 0.010738 0.066667
1 0.589262 0.153333 0.010738 0.066667
6 0.589262 0.393333 0.010738 0.066667
0 0.589262 0.273333 0.010738 0.066667
6 0.665772 0.393333 0.010738 0.066667
6 0.665772 0.633333 0.010738 0.066667
0 0.742282 0.273333 0.010738 0.066667
0 0.742282 0.633333 0.010738 0.066667
7 0.818792 0.513333 0.010738 0.066667
7 0.895302 0.753333 0.010738 0.066667