9 0.132530 0.513333 0.009639 0.066667
1 0.132530 0.633333 0.009639 0.066667
28 0.216867 0.513333 0.028916 0.066667
1 0.216867 0.393333 0.009639 0.066667
28 0.301205 0.513333 0.028916 0.066667
4 0.385542 0.513333 0.009639 0.066667
3 0.469880 0.513333 0.009639 0.066667
2 0.554217 0.633333 0.009639 0.066667
11 0.638554 0.633333 0.019277 0.066667
0 0.722892 0.153333 0.009639 0.066667
0 0.722892 0.633333 0.009639 0.066667
12 0.807229 0.153333 0.019277 0.066667
9 0.807229 0.273333 0.009639 0.066667
4 0.807229 0.633333 0.009639 0.066667
13 0.891566 0.153333 0.019277 0.066667