15 0.134656 0.633333 0.016701 0.066667
0 0.134656 0.393333 0.008351 0.066667
12 0.134656 0.513333 0.016701 0.066667
4 0.228601 0.513333 0.008351 0.066667
12 0.322547 0.273333 0.016701 0.066667
11 0.322547 0.153333 0.016701 0.066667
19 0.416493 0.753333 0.016701 0.066667
5 0.510438 0.153333 0.008351 0.066667
8 0.510438 0.753333 0.008351 0.066667
4 0.510438 0.633333 0.008351 0.066667
9 0.603340 0.393333 0.008351 0.066667
9 0.603340 0.153333 0.008351 0.066667
20 0.697286 0.633333 0.016701 0.066667
6 0.697286 0.273333 0.008351 0.066667
16 0.697286 0.393333 0.016701 0.066667
2 0.791232 0.393333 0.008351 0.066667
10 0.791232 0.153333 0.016701 0.066667
6 0.791232 0.273333 0.008351 0.066667
27 0.790710 0.753333 0.007307 0.053333
5 0.885177 0.753333 0.008351 0.066667
7 0.885177 0.633333 0.008351 0.066667