14 0.122581 0.513333 0.020645 0.066667
8 0.122581 0.273333 0.010323 0.066667
6 0.193548 0.153333 0.010323 0.066667
19 0.264516 0.393333 0.020645 0.066667
1 0.335484 0.273333 0.010323 0.066667
28 0.335484 0.153333 0.041290 0.066667
7 0.406452 0.753333 0.010323 0.066667
2 0.406452 0.633333 0.010323 0.066667
22 0.477419 0.633333 0.020645 0.066667
4 0.477419 0.753333 0.010323 0.066667
3 0.548387 0.633333 0.010323 0.066667
14 0.548387 0.153333 0.020645 0.066667
0 0.619355 0.393333 0.010323 0.066667
2 0.619355 0.753333 0.010323 0.066667
9 0.690323 0.753333 0.010323 0.066667
5 0.690323 0.153333 0.010323 0.066667
19 0.761290 0.273333 0.020645 0.066667
2 0.761290 0.753333 0.010323 0.066667
27 0.760645 0.393333 0.009032 0.053333
7 0.832258 0.153333 0.010323 0.066667
18 0.832258 0.393333 0.020645 0.066667
11 0.903226 0.273333 0.020645 0.066667
17 0.903226 0.393333 0.020645 0.066667
17 0.903226 0.633333 0.020645 0.066667
9 0.903226 0.753333 0.010323 0.066667