6 0.132290 0.153333 0.011380 0.066667
3 0.132290 0.753333 0.011380 0.066667
0 0.209104 0.393333 0.011380 0.066667
5 0.209104 0.273333 0.011380 0.066667
7 0.284495 0.633333 0.011380 0.066667
8 0.284495 0.753333 0.011380 0.066667
15 0.284495 0.513333 0.022760 0.066667
9 0.361309 0.633333 0.011380 0.066667
6 0.361309 0.393333 0.011380 0.066667
11 0.361309 0.273333 0.022760 0.066667
24 0.436700 0.273333 0.022760 0.066667
5 0.436700 0.633333 0.011380 0.066667
17 0.513514 0.633333 0.022760 0.066667
7 0.513514 0.273333 0.011380 0.066667
11 0.590327 0.393333 0.022760 0.066667
3 0.590327 0.633333 0.011380 0.066667
2 0.665718 0.393333 0.011380 0.066667
10 0.665718 0.273333 0.022760 0.066667
7 0.742532 0.273333 0.011380 0.066667
2 0.817923 0.513333 0.011380 0.066667
2 0.817923 0.633333 0.011380 0.066667
7 0.894737 0.633333 0.011380 0.066667