12 0.135705 0.513333 0.021080 0.066667
0 0.220026 0.753333 0.010540 0.066667
14 0.220026 0.633333 0.021080 0.066667
2 0.303030 0.393333 0.010540 0.066667
5 0.303030 0.753333 0.010540 0.066667
19 0.387352 0.633333 0.021080 0.066667
1 0.387352 0.513333 0.010540 0.066667
0 0.470356 0.273333 0.010540 0.066667
13 0.470356 0.753333 0.021080 0.066667
0 0.554677 0.393333 0.010540 0.066667
2 0.554677 0.513333 0.010540 0.066667
3 0.637681 0.273333 0.010540 0.066667
13 0.637681 0.513333 0.021080 0.066667
12 0.722003 0.153333 0.021080 0.066667
11 0.722003 0.393333 0.021080 0.066667
10 0.805007 0.273333 0.021080 0.066667
8 0.889328 0.633333 0.010540 0.066667