3 0.181034 0.633333 0.009852 0.066667
22 0.181034 0.273333 0.019704 0.066667
3 0.312808 0.753333 0.009852 0.066667
5 0.312808 0.393333 0.009852 0.066667
4 0.312808 0.153333 0.009852 0.066667
6 0.312808 0.273333 0.009852 0.066667
10 0.445813 0.633333 0.019704 0.066667
3 0.445813 0.153333 0.009852 0.066667
2 0.445813 0.753333 0.009852 0.066667
6 0.445813 0.513333 0.009852 0.066667
7 0.577586 0.633333 0.009852 0.066667
7 0.577586 0.513333 0.009852 0.066667
2 0.710591 0.153333 0.009852 0.066667
28 0.710591 0.633333 0.039409 0.066667
4 0.842365 0.753333 0.009852 0.066667
4 0.842365 0.633333 0.009852 0.066667