0 0.119914 0.273333 0.008565 0.066667
4 0.119914 0.753333 0.008565 0.066667
9 0.198073 0.273333 0.008565 0.066667
1 0.198073 0.753333 0.008565 0.066667
10 0.198073 0.393333 0.017131 0.066667
6 0.198073 0.153333 0.008565 0.066667
2 0.276231 0.393333 0.008565 0.066667
1 0.276231 0.753333 0.008565 0.066667
0 0.276231 0.513333 0.008565 0.066667
0 0.354390 0.513333 0.008565 0.066667
24 0.432548 0.393333 0.017131 0.066667
0 0.510707 0.273333 0.008565 0.066667
8 0.510707 0.513333 0.008565 0.066667
5 0.510707 0.393333 0.008565 0.066667
15 0.510707 0.153333 0.017131 0.066667
4 0.587794 0.153333 0.008565 0.066667
5 0.587794 0.393333 0.008565 0.066667
5 0.587794 0.273333 0.008565 0.066667
13 0.587794 0.513333 0.017131 0.066667
21 0.665953 0.633333 0.017131 0.066667
4 0.744111 0.393333 0.008565 0.066667
20 0.744111 0.513333 0.017131 0.066667
7 0.744111 0.633333 0.008565 0.066667
9 0.822270 0.153333 0.008565 0.066667
1 0.822270 0.753333 0.008565 0.066667
12 0.822270 0.513333 0.017131 0.066667
6 0.900428 0.393333 0.008565 0.066667
18 0.900428 0.753333 0.017131 0.066667