6 0.160237 0.393333 0.011869 0.066667
9 0.160237 0.753333 0.011869 0.066667
6 0.160237 0.273333 0.011869 0.066667
12 0.261128 0.513333 0.023739 0.066667
13 0.261128 0.393333 0.023739 0.066667
1 0.261128 0.633333 0.011869 0.066667
0 0.362018 0.153333 0.011869 0.066667
4 0.362018 0.273333 0.011869 0.066667
3 0.462908 0.393333 0.011869 0.066667
28 0.462908 0.633333 0.047478 0.066667
5 0.565282 0.753333 0.011869 0.066667
2 0.565282 0.633333 0.011869 0.066667
1 0.565282 0.153333 0.011869 0.066667
0 0.666172 0.753333 0.011869 0.066667
13 0.767062 0.393333 0.023739 0.066667
0 0.767062 0.633333 0.011869 0.066667
7 0.767062 0.513333 0.011869 0.066667
4 0.867953 0.393333 0.011869 0.066667