7 0.131045 0.393333 0.012480 0.066667
5 0.201248 0.513333 0.012480 0.066667
7 0.201248 0.393333 0.012480 0.066667
9 0.201248 0.273333 0.012480 0.066667
0 0.271451 0.633333 0.012480 0.066667
28 0.340094 0.393333 0.049922 0.066667
0 0.340094 0.513333 0.012480 0.066667
1 0.340094 0.753333 0.012480 0.066667
5 0.340094 0.633333 0.012480 0.066667
0 0.410296 0.273333 0.012480 0.066667
0 0.410296 0.393333 0.012480 0.066667
4 0.480499 0.153333 0.012480 0.066667
15 0.480499 0.273333 0.024961 0.066667
9 0.549142 0.513333 0.012480 0.066667
15 0.549142 0.393333 0.024961 0.066667
14 0.549142 0.153333 0.024961 0.066667
0 0.619345 0.753333 0.012480 0.066667
7 0.619345 0.393333 0.012480 0.066667
1 0.619345 0.513333 0.012480 0.066667
2 0.689548 0.633333 0.012480 0.066667
15 0.689548 0.753333 0.024961 0.066667
2 0.758190 0.393333 0.012480 0.066667
6 0.828393 0.393333 0.012480 0.066667
9 0.898596 0.393333 0.012480 0.066667