5 0.160606 0.393333 0.012121 0.066667
11 0.160606 0.753333 0.024242 0.066667
4 0.160606 0.153333 0.012121 0.066667
6 0.160606 0.633333 0.012121 0.066667
14 0.262121 0.513333 0.024242 0.066667
3 0.262121 0.153333 0.012121 0.066667
3 0.262121 0.393333 0.012121 0.066667
5 0.363636 0.753333 0.012121 0.066667
27 0.362879 0.513333 0.010606 0.053333
8 0.463636 0.153333 0.012121 0.066667
21 0.463636 0.753333 0.024242 0.066667
8 0.565152 0.513333 0.012121 0.066667
2 0.666667 0.393333 0.012121 0.066667
10 0.666667 0.753333 0.024242 0.066667
4 0.766667 0.393333 0.012121 0.066667
20 0.766667 0.513333 0.024242 0.066667
5 0.868182 0.393333 0.012121 0.066667
15 0.868182 0.273333 0.024242 0.066667
4 0.868182 0.513333 0.012121 0.066667