0 0.146186 0.153333 0.008475 0.066667
18 0.146186 0.633333 0.016949 0.066667
16 0.146186 0.753333 0.016949 0.066667
4 0.250000 0.273333 0.008475 0.066667
2 0.250000 0.393333 0.008475 0.066667
5 0.250000 0.153333 0.008475 0.066667
0 0.353814 0.153333 0.008475 0.066667
12 0.457627 0.753333 0.016949 0.066667
12 0.562500 0.753333 0.016949 0.066667
1 0.562500 0.393333 0.008475 0.066667
22 0.666314 0.393333 0.016949 0.066667
0 0.666314 0.513333 0.008475 0.066667
4 0.770127 0.513333 0.008475 0.066667
10 0.770127 0.153333 0.016949 0.066667
0 0.770127 0.633333 0.008475 0.066667
28 0.873941 0.393333 0.025424 0.066667