4 0.184492 0.633333 0.010695 0.066667
17 0.184492 0.393333 0.021390 0.066667
16 0.184492 0.513333 0.021390 0.066667
27 0.183824 0.753333 0.009358 0.053333
24 0.315508 0.633333 0.021390 0.066667
1 0.315508 0.513333 0.010695 0.066667
6 0.446524 0.393333 0.010695 0.066667
4 0.446524 0.273333 0.010695 0.066667
9 0.578877 0.633333 0.010695 0.066667
0 0.709893 0.753333 0.010695 0.066667
9 0.709893 0.633333 0.010695 0.066667
8 0.709893 0.273333 0.010695 0.066667
2 0.840909 0.513333 0.010695 0.066667
0 0.840909 0.393333 0.010695 0.066667