3 0.162287 0.513333 0.012365 0.066667
0 0.262751 0.753333 0.012365 0.066667
5 0.262751 0.153333 0.012365 0.066667
9 0.363215 0.393333 0.012365 0.066667
2 0.463679 0.753333 0.012365 0.066667
8 0.463679 0.153333 0.012365 0.066667
0 0.463679 0.513333 0.012365 0.066667
0 0.463679 0.393333 0.012365 0.066667
2 0.565688 0.633333 0.012365 0.066667
0 0.565688 0.753333 0.012365 0.066667
24 0.666151 0.273333 0.024730 0.066667
0 0.766615 0.153333 0.012365 0.066667
0 0.867079 0.753333 0.012365 0.066667
3 0.867079 0.273333 0.012365 0.066667
1 0.867079 0.513333 0.012365 0.066667