0 0.166886 0.393333 0.010512 0.066667
3 0.282523 0.513333 0.010512 0.066667
16 0.396846 0.393333 0.021025 0.066667
3 0.396846 0.273333 0.010512 0.066667
3 0.512484 0.633333 0.010512 0.066667
28 0.628121 0.633333 0.031537 0.066667
16 0.628121 0.393333 0.021025 0.066667
5 0.742444 0.513333 0.010512 0.066667
4 0.742444 0.273333 0.010512 0.066667
1 0.742444 0.393333 0.010512 0.066667
9 0.742444 0.153333 0.010512 0.066667
7 0.858081 0.633333 0.010512 0.066667
0 0.858081 0.153333 0.010512 0.066667
6 0.858081 0.753333 0.010512 0.066667
13 0.858081 0.393333 0.021025 0.066667