5 0.148741 0.633333 0.009153 0.066667
20 0.148741 0.753333 0.018307 0.066667
7 0.148741 0.273333 0.009153 0.066667
5 0.251716 0.513333 0.009153 0.066667
4 0.251716 0.753333 0.009153 0.066667
0 0.251716 0.633333 0.009153 0.066667
18 0.355835 0.393333 0.018307 0.066667
1 0.355835 0.513333 0.009153 0.066667
4 0.458810 0.393333 0.009153 0.066667
10 0.458810 0.513333 0.018307 0.066667
2 0.562929 0.753333 0.009153 0.066667
0 0.562929 0.153333 0.009153 0.066667
27 0.666476 0.393333 0.008009 0.053333
7 0.665904 0.513333 0.009153 0.066667
3 0.770023 0.753333 0.009153 0.066667
9 0.770023 0.273333 0.009153 0.066667
13 0.872998 0.273333 0.018307 0.066667
7 0.872998 0.753333 0.009153 0.066667
0 0.872998 0.393333 0.009153 0.066667
1 0.872998 0.633333 0.009153 0.066667