17 0.134085 0.153333 0.020050 0.066667
20 0.134085 0.393333 0.020050 0.066667
9 0.218045 0.393333 0.010025 0.066667
2 0.218045 0.753333 0.010025 0.066667
0 0.218045 0.513333 0.010025 0.066667
8 0.218045 0.153333 0.010025 0.066667
24 0.302005 0.513333 0.020050 0.066667
12 0.302005 0.153333 0.020050 0.066667
28 0.302005 0.393333 0.040100 0.066667
1 0.385965 0.153333 0.010025 0.066667
4 0.385965 0.513333 0.010025 0.066667
5 0.469925 0.753333 0.010025 0.066667
28 0.469925 0.513333 0.030075 0.066667
23 0.469925 0.633333 0.020050 0.066667
3 0.553885 0.753333 0.010025 0.066667
27 0.554511 0.633333 0.008772 0.053333
5 0.637845 0.393333 0.010025 0.066667
0 0.721805 0.393333 0.010025 0.066667
11 0.721805 0.753333 0.020050 0.066667
14 0.805764 0.153333 0.020050 0.066667
7 0.889724 0.513333 0.010025 0.066667