5 0.179426 0.633333 0.009569 0.066667
2 0.312201 0.513333 0.009569 0.066667
0 0.312201 0.753333 0.009569 0.066667
17 0.312201 0.393333 0.019139 0.066667
18 0.444976 0.153333 0.019139 0.066667
7 0.444976 0.513333 0.009569 0.066667
1 0.444976 0.273333 0.009569 0.066667
0 0.444976 0.393333 0.009569 0.066667
11 0.577751 0.273333 0.019139 0.066667
6 0.577751 0.633333 0.009569 0.066667
11 0.577751 0.393333 0.019139 0.066667
5 0.710526 0.273333 0.009569 0.066667
20 0.710526 0.513333 0.019139 0.066667
3 0.710526 0.153333 0.009569 0.066667
2 0.843301 0.153333 0.009569 0.066667
7 0.843301 0.393333 0.009569 0.066667