0 0.193548 0.273333 0.012903 0.066667
3 0.193548 0.753333 0.012903 0.066667
16 0.193548 0.153333 0.025806 0.066667
0 0.193548 0.513333 0.012903 0.066667
0 0.322581 0.753333 0.012903 0.066667
23 0.322581 0.153333 0.025806 0.066667
6 0.451613 0.753333 0.012903 0.066667
6 0.451613 0.153333 0.012903 0.066667
3 0.451613 0.513333 0.012903 0.066667
23 0.580645 0.753333 0.025806 0.066667
0 0.580645 0.393333 0.012903 0.066667
9 0.709677 0.393333 0.012903 0.066667
7 0.709677 0.633333 0.012903 0.066667
7 0.709677 0.273333 0.012903 0.066667
28 0.709677 0.513333 0.038710 0.066667
5 0.838710 0.753333 0.012903 0.066667