22 0.122691 0.273333 0.021108 0.066667
0 0.193931 0.273333 0.010554 0.066667
0 0.193931 0.153333 0.010554 0.066667
19 0.265172 0.393333 0.021108 0.066667
15 0.335092 0.273333 0.021108 0.066667
22 0.335092 0.513333 0.021108 0.066667
1 0.335092 0.393333 0.010554 0.066667
0 0.335092 0.753333 0.010554 0.066667
0 0.406332 0.633333 0.010554 0.066667
0 0.406332 0.513333 0.010554 0.066667
11 0.477573 0.633333 0.021108 0.066667
2 0.547493 0.633333 0.010554 0.066667
0 0.547493 0.273333 0.010554 0.066667
11 0.547493 0.513333 0.021108 0.066667
4 0.618734 0.273333 0.010554 0.066667
19 0.689974 0.753333 0.021108 0.066667
2 0.759894 0.753333 0.010554 0.066667
5 0.759894 0.153333 0.010554 0.066667
6 0.831135 0.633333 0.010554 0.066667
0 0.831135 0.273333 0.010554 0.066667
7 0.831135 0.513333 0.010554 0.066667
11 0.902375 0.273333 0.021108 0.066667