24 0.120820 0.393333 0.017260 0.066667
4 0.120820 0.633333 0.008630 0.066667
28 0.120820 0.273333 0.025890 0.066667
16 0.120820 0.153333 0.017260 0.066667
11 0.198490 0.753333 0.017260 0.066667
1 0.276160 0.513333 0.008630 0.066667
24 0.354908 0.513333 0.017260 0.066667
3 0.432578 0.273333 0.008630 0.066667
3 0.432578 0.153333 0.008630 0.066667
0 0.432578 0.393333 0.008630 0.066667
4 0.510248 0.753333 0.008630 0.066667
4 0.510248 0.273333 0.008630 0.066667
0 0.510248 0.393333 0.008630 0.066667
3 0.510248 0.513333 0.008630 0.066667
0 0.587918 0.393333 0.008630 0.066667
13 0.666667 0.153333 0.017260 0.066667
3 0.666667 0.273333 0.008630 0.066667
1 0.666667 0.513333 0.008630 0.066667
28 0.744337 0.633333 0.025890 0.066667
1 0.822006 0.153333 0.008630 0.066667
9 0.822006 0.513333 0.008630 0.066667
5 0.822006 0.273333 0.008630 0.066667
5 0.899676 0.513333 0.008630 0.066667
1 0.899676 0.633333 0.008630 0.066667
4 0.899676 0.153333 0.008630 0.066667