2 0.132394 0.273333 0.011268 0.066667
7 0.132394 0.753333 0.011268 0.066667
16 0.132394 0.153333 0.022535 0.066667
13 0.208451 0.753333 0.022535 0.066667
5 0.208451 0.273333 0.011268 0.066667
2 0.208451 0.513333 0.011268 0.066667
10 0.284507 0.393333 0.022535 0.066667
2 0.284507 0.753333 0.011268 0.066667
1 0.284507 0.273333 0.011268 0.066667
6 0.360563 0.753333 0.011268 0.066667
14 0.436620 0.393333 0.022535 0.066667
11 0.436620 0.513333 0.022535 0.066667
0 0.514085 0.153333 0.011268 0.066667
13 0.514085 0.273333 0.022535 0.066667
2 0.514085 0.513333 0.011268 0.066667
9 0.590141 0.393333 0.011268 0.066667
22 0.590141 0.153333 0.022535 0.066667
8 0.666197 0.393333 0.011268 0.066667
1 0.666197 0.273333 0.011268 0.066667
2 0.742254 0.153333 0.011268 0.066667
20 0.742254 0.513333 0.022535 0.066667
0 0.818310 0.633333 0.011268 0.066667
23 0.894366 0.393333 0.022535 0.066667