13 0.153548 0.153333 0.020645 0.066667
5 0.153548 0.273333 0.010323 0.066667
10 0.153548 0.753333 0.020645 0.066667
23 0.255484 0.393333 0.020645 0.066667
11 0.255484 0.633333 0.020645 0.066667
28 0.358710 0.513333 0.030968 0.066667
4 0.358710 0.273333 0.010323 0.066667
6 0.358710 0.153333 0.010323 0.066667
2 0.460645 0.153333 0.010323 0.066667
1 0.460645 0.513333 0.010323 0.066667
0 0.563871 0.273333 0.010323 0.066667
28 0.563871 0.153333 0.030968 0.066667
16 0.563871 0.633333 0.020645 0.066667
2 0.563871 0.513333 0.010323 0.066667
3 0.665806 0.753333 0.010323 0.066667
9 0.665806 0.393333 0.010323 0.066667
12 0.769032 0.513333 0.020645 0.066667
1 0.870968 0.633333 0.010323 0.066667
2 0.870968 0.153333 0.010323 0.066667