17 0.143975 0.753333 0.025039 0.066667
4 0.226917 0.153333 0.012520 0.066667
28 0.226917 0.513333 0.037559 0.066667
13 0.226917 0.633333 0.025039 0.066667
6 0.308294 0.273333 0.012520 0.066667
1 0.391236 0.393333 0.012520 0.066667
7 0.474178 0.513333 0.012520 0.066667
14 0.474178 0.153333 0.025039 0.066667
10 0.555556 0.753333 0.025039 0.066667
12 0.555556 0.633333 0.025039 0.066667
6 0.638498 0.393333 0.012520 0.066667
19 0.638498 0.513333 0.025039 0.066667
0 0.638498 0.633333 0.012520 0.066667
0 0.638498 0.753333 0.012520 0.066667
2 0.721440 0.393333 0.012520 0.066667
28 0.721440 0.753333 0.037559 0.066667
5 0.721440 0.633333 0.012520 0.066667
11 0.802817 0.513333 0.025039 0.066667
1 0.802817 0.633333 0.012520 0.066667
0 0.885759 0.273333 0.012520 0.066667
8 0.885759 0.153333 0.012520 0.066667
22 0.885759 0.633333 0.025039 0.066667