28 0.208451 0.153333 0.045070 0.066667
15 0.360563 0.513333 0.022535 0.066667
8 0.360563 0.153333 0.011268 0.066667
11 0.360563 0.633333 0.022535 0.066667
4 0.360563 0.273333 0.011268 0.066667
8 0.514085 0.753333 0.011268 0.066667
6 0.514085 0.273333 0.011268 0.066667
27 0.513380 0.153333 0.009859 0.053333
2 0.666197 0.153333 0.011268 0.066667
6 0.666197 0.753333 0.011268 0.066667
0 0.818310 0.393333 0.011268 0.066667
0 0.818310 0.753333 0.011268 0.066667
16 0.818310 0.633333 0.022535 0.066667
8 0.818310 0.273333 0.011268 0.066667