27 0.148017 0.393333 0.009915 0.053333
0 0.147309 0.513333 0.011331 0.066667
12 0.147309 0.633333 0.022663 0.066667
24 0.147309 0.753333 0.022663 0.066667
1 0.239377 0.633333 0.011331 0.066667
5 0.330028 0.753333 0.011331 0.066667
5 0.330028 0.153333 0.011331 0.066667
12 0.422096 0.753333 0.022663 0.066667
7 0.514164 0.753333 0.011331 0.066667
3 0.514164 0.633333 0.011331 0.066667
14 0.514164 0.393333 0.022663 0.066667
6 0.604816 0.393333 0.011331 0.066667
3 0.604816 0.753333 0.011331 0.066667
14 0.604816 0.273333 0.022663 0.066667
6 0.696884 0.153333 0.011331 0.066667
6 0.696884 0.273333 0.011331 0.066667
14 0.696884 0.393333 0.022663 0.066667
1 0.696884 0.513333 0.011331 0.066667
1 0.787535 0.513333 0.011331 0.066667
4 0.787535 0.273333 0.011331 0.066667
2 0.787535 0.633333 0.011331 0.066667
28 0.879603 0.153333 0.033994 0.066667