8 0.145855 0.753333 0.008395 0.066667
2 0.145855 0.513333 0.008395 0.066667
2 0.145855 0.153333 0.008395 0.066667
6 0.249738 0.393333 0.008395 0.066667
0 0.249738 0.633333 0.008395 0.066667
12 0.353620 0.513333 0.016789 0.066667
0 0.353620 0.273333 0.008395 0.066667
0 0.353620 0.633333 0.008395 0.066667
6 0.457503 0.153333 0.008395 0.066667
19 0.562434 0.633333 0.016789 0.066667
22 0.562434 0.273333 0.016789 0.066667
4 0.562434 0.753333 0.008395 0.066667
10 0.562434 0.513333 0.016789 0.066667
10 0.666317 0.273333 0.016789 0.066667
3 0.666317 0.513333 0.008395 0.066667
9 0.666317 0.393333 0.008395 0.066667
6 0.770199 0.153333 0.008395 0.066667
20 0.874082 0.633333 0.016789 0.066667
27 0.874607 0.753333 0.007345 0.053333
3 0.874082 0.513333 0.008395 0.066667