21 0.128272 0.273333 0.020942 0.066667
16 0.205497 0.513333 0.020942 0.066667
3 0.205497 0.393333 0.010471 0.066667
10 0.282723 0.273333 0.020942 0.066667
6 0.358639 0.393333 0.010471 0.066667
1 0.358639 0.273333 0.010471 0.066667
1 0.358639 0.153333 0.010471 0.066667
0 0.435864 0.633333 0.010471 0.066667
18 0.435864 0.273333 0.020942 0.066667
2 0.513089 0.393333 0.010471 0.066667
20 0.589005 0.513333 0.020942 0.066667
2 0.589005 0.753333 0.010471 0.066667
22 0.666230 0.753333 0.020942 0.066667
23 0.666230 0.273333 0.020942 0.066667
23 0.666230 0.513333 0.020942 0.066667
27 0.742801 0.633333 0.009162 0.053333
13 0.743455 0.273333 0.020942 0.066667
9 0.819372 0.273333 0.010471 0.066667
2 0.819372 0.153333 0.010471 0.066667
6 0.896597 0.393333 0.010471 0.066667
7 0.896597 0.153333 0.010471 0.066667