2 0.147472 0.153333 0.011236 0.066667
10 0.238764 0.753333 0.022472 0.066667
7 0.330056 0.513333 0.011236 0.066667
11 0.421348 0.513333 0.022472 0.066667
28 0.421348 0.153333 0.044944 0.066667
21 0.421348 0.633333 0.022472 0.066667
8 0.421348 0.393333 0.011236 0.066667
5 0.514045 0.753333 0.011236 0.066667
10 0.514045 0.393333 0.022472 0.066667
0 0.605337 0.393333 0.011236 0.066667
0 0.605337 0.633333 0.011236 0.066667
11 0.605337 0.753333 0.022472 0.066667
21 0.696629 0.753333 0.022472 0.066667
0 0.787921 0.273333 0.011236 0.066667
19 0.879213 0.633333 0.022472 0.066667
9 0.879213 0.753333 0.011236 0.066667