1 0.134298 0.633333 0.008264 0.066667
0 0.134298 0.513333 0.008264 0.066667
10 0.134298 0.153333 0.016529 0.066667
6 0.228306 0.753333 0.008264 0.066667
0 0.228306 0.393333 0.008264 0.066667
9 0.228306 0.273333 0.008264 0.066667
3 0.322314 0.753333 0.008264 0.066667
3 0.322314 0.633333 0.008264 0.066667
3 0.322314 0.513333 0.008264 0.066667
3 0.416322 0.633333 0.008264 0.066667
28 0.416322 0.753333 0.024793 0.066667
0 0.510331 0.633333 0.008264 0.066667
0 0.510331 0.273333 0.008264 0.066667
0 0.510331 0.513333 0.008264 0.066667
1 0.603306 0.753333 0.008264 0.066667
3 0.603306 0.393333 0.008264 0.066667
5 0.697314 0.633333 0.008264 0.066667
5 0.697314 0.273333 0.008264 0.066667
14 0.791322 0.513333 0.016529 0.066667
5 0.791322 0.153333 0.008264 0.066667
6 0.791322 0.393333 0.008264 0.066667
2 0.791322 0.633333 0.008264 0.066667
13 0.885331 0.393333 0.016529 0.066667
10 0.885331 0.273333 0.016529 0.066667
5 0.885331 0.753333 0.008264 0.066667