10 0.153239 0.633333 0.025276 0.066667
1 0.153239 0.273333 0.012638 0.066667
0 0.153239 0.753333 0.012638 0.066667
7 0.243286 0.633333 0.012638 0.066667
5 0.243286 0.513333 0.012638 0.066667
22 0.333333 0.513333 0.025276 0.066667
18 0.333333 0.633333 0.025276 0.066667
4 0.333333 0.273333 0.012638 0.066667
2 0.424961 0.273333 0.012638 0.066667
15 0.424961 0.153333 0.025276 0.066667
1 0.515008 0.153333 0.012638 0.066667
13 0.605055 0.513333 0.025276 0.066667
2 0.605055 0.753333 0.012638 0.066667
2 0.605055 0.633333 0.012638 0.066667
23 0.696682 0.153333 0.025276 0.066667
10 0.696682 0.273333 0.025276 0.066667
9 0.696682 0.753333 0.012638 0.066667
3 0.786730 0.273333 0.012638 0.066667
4 0.786730 0.153333 0.012638 0.066667
4 0.786730 0.513333 0.012638 0.066667
2 0.876777 0.513333 0.012638 0.066667