3 0.151938 0.633333 0.012403 0.066667
12 0.243411 0.153333 0.024806 0.066667
2 0.333333 0.153333 0.012403 0.066667
6 0.333333 0.273333 0.012403 0.066667
5 0.424806 0.513333 0.012403 0.066667
6 0.424806 0.273333 0.012403 0.066667
18 0.514729 0.633333 0.024806 0.066667
8 0.514729 0.273333 0.012403 0.066667
1 0.514729 0.513333 0.012403 0.066667
0 0.606202 0.633333 0.012403 0.066667
24 0.606202 0.153333 0.024806 0.066667
22 0.606202 0.393333 0.024806 0.066667
9 0.696124 0.513333 0.012403 0.066667
5 0.696124 0.153333 0.012403 0.066667
11 0.696124 0.393333 0.024806 0.066667
13 0.787597 0.393333 0.024806 0.066667
1 0.787597 0.153333 0.012403 0.066667
1 0.877519 0.633333 0.012403 0.066667
11 0.877519 0.753333 0.024806 0.066667
0 0.877519 0.513333 0.012403 0.066667