28 0.127568 0.153333 0.025946 0.066667
28 0.127568 0.513333 0.025946 0.066667
1 0.212973 0.753333 0.008649 0.066667
19 0.297297 0.633333 0.017297 0.066667
28 0.382703 0.753333 0.025946 0.066667
1 0.468108 0.513333 0.008649 0.066667
22 0.468108 0.393333 0.017297 0.066667
2 0.552432 0.753333 0.008649 0.066667
23 0.637838 0.633333 0.017297 0.066667
21 0.637838 0.153333 0.017297 0.066667
5 0.723243 0.753333 0.008649 0.066667
20 0.723243 0.273333 0.017297 0.066667
7 0.807568 0.633333 0.008649 0.066667
1 0.807568 0.153333 0.008649 0.066667
4 0.892973 0.513333 0.008649 0.066667
11 0.892973 0.633333 0.017297 0.066667