0 0.119804 0.513333 0.009780 0.066667
5 0.119804 0.393333 0.009780 0.066667
3 0.190709 0.513333 0.009780 0.066667
11 0.190709 0.273333 0.019560 0.066667
15 0.190709 0.393333 0.019560 0.066667
5 0.261614 0.633333 0.009780 0.066667
9 0.261614 0.513333 0.009780 0.066667
0 0.333741 0.633333 0.009780 0.066667
0 0.333741 0.393333 0.009780 0.066667
11 0.333741 0.513333 0.019560 0.066667
0 0.404645 0.393333 0.009780 0.066667
12 0.475550 0.753333 0.019560 0.066667
19 0.475550 0.393333 0.019560 0.066667
24 0.547677 0.273333 0.019560 0.066667
3 0.547677 0.153333 0.009780 0.066667
1 0.547677 0.633333 0.009780 0.066667
22 0.618582 0.513333 0.019560 0.066667
12 0.618582 0.633333 0.019560 0.066667
1 0.689487 0.153333 0.009780 0.066667
1 0.689487 0.513333 0.009780 0.066667
6 0.689487 0.393333 0.009780 0.066667
0 0.689487 0.633333 0.009780 0.066667
0 0.761614 0.633333 0.009780 0.066667
14 0.832518 0.513333 0.019560 0.066667
22 0.832518 0.393333 0.019560 0.066667
1 0.903423 0.513333 0.009780 0.066667
17 0.903423 0.633333 0.019560 0.066667
2 0.903423 0.153333 0.009780 0.066667
10 0.903423 0.753333 0.019560 0.066667