6 0.157315 0.273333 0.008016 0.066667
0 0.157315 0.153333 0.008016 0.066667
0 0.274549 0.153333 0.008016 0.066667
19 0.274549 0.513333 0.016032 0.066667
2 0.274549 0.393333 0.008016 0.066667
28 0.391784 0.153333 0.032064 0.066667
18 0.391784 0.393333 0.016032 0.066667
3 0.391784 0.273333 0.008016 0.066667
6 0.391784 0.513333 0.008016 0.066667
18 0.510020 0.513333 0.016032 0.066667
0 0.510020 0.753333 0.008016 0.066667
17 0.627255 0.153333 0.016032 0.066667
7 0.744489 0.153333 0.008016 0.066667
27 0.744990 0.273333 0.007014 0.053333
6 0.744489 0.513333 0.008016 0.066667
28 0.861723 0.753333 0.024048 0.066667
17 0.861723 0.513333 0.016032 0.066667
5 0.861723 0.633333 0.008016 0.066667
3 0.861723 0.273333 0.008016 0.066667