3 0.240822 0.753333 0.011747 0.066667
10 0.240822 0.393333 0.023495 0.066667
4 0.240822 0.513333 0.011747 0.066667
6 0.422907 0.513333 0.011747 0.066667
11 0.422907 0.393333 0.023495 0.066667
7 0.422907 0.153333 0.011747 0.066667
19 0.422907 0.633333 0.023495 0.066667
27 0.605727 0.633333 0.010279 0.053333
15 0.604993 0.273333 0.023495 0.066667
14 0.604993 0.153333 0.023495 0.066667
8 0.787078 0.153333 0.011747 0.066667
0 0.787078 0.513333 0.011747 0.066667
16 0.787078 0.393333 0.023495 0.066667
2 0.787078 0.273333 0.011747 0.066667