17 0.134995 0.753333 0.016615 0.066667
9 0.134995 0.513333 0.008307 0.066667
1 0.228453 0.633333 0.008307 0.066667
4 0.228453 0.513333 0.008307 0.066667
19 0.228453 0.393333 0.016615 0.066667
27 0.228972 0.753333 0.007269 0.053333
0 0.321911 0.153333 0.008307 0.066667
0 0.416407 0.513333 0.008307 0.066667
1 0.416407 0.633333 0.008307 0.066667
28 0.416407 0.273333 0.024922 0.066667
3 0.509865 0.633333 0.008307 0.066667
27 0.510384 0.153333 0.007269 0.053333
0 0.603323 0.273333 0.008307 0.066667
1 0.697819 0.753333 0.008307 0.066667
10 0.697819 0.633333 0.016615 0.066667
4 0.791277 0.513333 0.008307 0.066667
2 0.884735 0.273333 0.008307 0.066667
23 0.884735 0.633333 0.016615 0.066667
0 0.884735 0.153333 0.008307 0.066667