6 0.171184 0.153333 0.011412 0.066667
0 0.285307 0.753333 0.011412 0.066667
8 0.399429 0.273333 0.011412 0.066667
10 0.513552 0.753333 0.022825 0.066667
12 0.513552 0.153333 0.022825 0.066667
11 0.513552 0.273333 0.022825 0.066667
28 0.513552 0.513333 0.034237 0.066667
28 0.627675 0.273333 0.034237 0.066667
11 0.627675 0.393333 0.022825 0.066667
0 0.627675 0.153333 0.011412 0.066667
0 0.627675 0.513333 0.011412 0.066667
19 0.741797 0.753333 0.022825 0.066667
9 0.741797 0.513333 0.011412 0.066667
7 0.741797 0.633333 0.011412 0.066667
0 0.855920 0.393333 0.011412 0.066667