27 0.131008 0.513333 0.010853 0.053333
0 0.201550 0.513333 0.012403 0.066667
8 0.201550 0.153333 0.012403 0.066667
27 0.270543 0.633333 0.010853 0.053333
4 0.341085 0.633333 0.012403 0.066667
7 0.341085 0.753333 0.012403 0.066667
4 0.410853 0.633333 0.012403 0.066667
1 0.480620 0.393333 0.012403 0.066667
20 0.550388 0.753333 0.024806 0.066667
18 0.620155 0.393333 0.024806 0.066667
12 0.689922 0.633333 0.024806 0.066667
14 0.689922 0.273333 0.024806 0.066667
3 0.759690 0.153333 0.012403 0.066667
17 0.829457 0.513333 0.024806 0.066667
13 0.899225 0.633333 0.024806 0.066667