7 0.144628 0.633333 0.008264 0.066667
18 0.144628 0.153333 0.016529 0.066667
10 0.248967 0.273333 0.016529 0.066667
7 0.353306 0.513333 0.008264 0.066667
4 0.457645 0.153333 0.008264 0.066667
11 0.561983 0.273333 0.016529 0.066667
5 0.561983 0.513333 0.008264 0.066667
0 0.561983 0.633333 0.008264 0.066667
0 0.666322 0.633333 0.008264 0.066667
0 0.666322 0.393333 0.008264 0.066667
4 0.666322 0.273333 0.008264 0.066667
6 0.770661 0.753333 0.008264 0.066667
17 0.770661 0.153333 0.016529 0.066667
8 0.770661 0.513333 0.008264 0.066667
1 0.770661 0.273333 0.008264 0.066667
1 0.875000 0.753333 0.008264 0.066667
21 0.875000 0.513333 0.016529 0.066667
3 0.875000 0.153333 0.008264 0.066667