2 0.118609 0.153333 0.008180 0.066667
15 0.197342 0.513333 0.016360 0.066667
5 0.197342 0.153333 0.008180 0.066667
3 0.275051 0.393333 0.008180 0.066667
10 0.275051 0.273333 0.016360 0.066667
11 0.275051 0.513333 0.016360 0.066667
3 0.275051 0.633333 0.008180 0.066667
6 0.353783 0.393333 0.008180 0.066667
7 0.431493 0.393333 0.008180 0.066667
24 0.431493 0.153333 0.016360 0.066667
10 0.431493 0.753333 0.016360 0.066667
4 0.510225 0.753333 0.008180 0.066667
5 0.510225 0.393333 0.008180 0.066667
6 0.587935 0.153333 0.008180 0.066667
2 0.587935 0.393333 0.008180 0.066667
12 0.666667 0.633333 0.016360 0.066667
6 0.744376 0.633333 0.008180 0.066667
24 0.823108 0.513333 0.016360 0.066667
3 0.823108 0.633333 0.008180 0.066667
0 0.900818 0.513333 0.008180 0.066667