6 0.130027 0.633333 0.010724 0.066667
3 0.130027 0.153333 0.010724 0.066667
10 0.130027 0.393333 0.021448 0.066667
1 0.130027 0.273333 0.010724 0.066667
9 0.206434 0.513333 0.010724 0.066667
0 0.206434 0.753333 0.010724 0.066667
5 0.282842 0.633333 0.010724 0.066667
19 0.282842 0.753333 0.021448 0.066667
21 0.359249 0.273333 0.021448 0.066667
5 0.359249 0.513333 0.010724 0.066667
15 0.435657 0.273333 0.021448 0.066667
11 0.435657 0.153333 0.021448 0.066667
28 0.513405 0.753333 0.032172 0.066667
3 0.589812 0.513333 0.010724 0.066667
7 0.666220 0.753333 0.010724 0.066667
1 0.666220 0.513333 0.010724 0.066667
8 0.666220 0.393333 0.010724 0.066667
7 0.666220 0.273333 0.010724 0.066667
12 0.742627 0.393333 0.021448 0.066667
9 0.819035 0.633333 0.010724 0.066667
1 0.895442 0.273333 0.010724 0.066667