1 0.140728 0.513333 0.013245 0.066667
14 0.215232 0.633333 0.026490 0.066667
16 0.215232 0.513333 0.026490 0.066667
7 0.215232 0.753333 0.013245 0.066667
20 0.215232 0.153333 0.026490 0.066667
1 0.291391 0.273333 0.013245 0.066667
4 0.291391 0.153333 0.013245 0.066667
3 0.291391 0.513333 0.013245 0.066667
1 0.291391 0.753333 0.013245 0.066667
0 0.365894 0.633333 0.013245 0.066667
18 0.440397 0.273333 0.026490 0.066667
5 0.516556 0.273333 0.013245 0.066667
6 0.591060 0.273333 0.013245 0.066667
4 0.591060 0.153333 0.013245 0.066667
7 0.591060 0.753333 0.013245 0.066667
22 0.665563 0.753333 0.026490 0.066667
20 0.665563 0.153333 0.026490 0.066667
7 0.741722 0.153333 0.013245 0.066667
27 0.740894 0.393333 0.011589 0.053333
0 0.816225 0.273333 0.013245 0.066667
8 0.816225 0.633333 0.013245 0.066667
11 0.890728 0.273333 0.026490 0.066667
10 0.890728 0.393333 0.026490 0.066667