16 0.158714 0.153333 0.016598 0.066667
5 0.158714 0.393333 0.008299 0.066667
1 0.275934 0.273333 0.008299 0.066667
6 0.275934 0.753333 0.008299 0.066667
5 0.393154 0.753333 0.008299 0.066667
8 0.393154 0.273333 0.008299 0.066667
5 0.393154 0.513333 0.008299 0.066667
4 0.510373 0.753333 0.008299 0.066667
10 0.510373 0.393333 0.016598 0.066667
9 0.627593 0.633333 0.008299 0.066667
3 0.627593 0.753333 0.008299 0.066667
0 0.627593 0.273333 0.008299 0.066667
17 0.744813 0.153333 0.016598 0.066667
23 0.862033 0.273333 0.016598 0.066667
3 0.862033 0.513333 0.008299 0.066667
5 0.862033 0.753333 0.008299 0.066667
8 0.862033 0.393333 0.008299 0.066667