17 0.134715 0.753333 0.016580 0.066667
0 0.134715 0.513333 0.008290 0.066667
19 0.229016 0.393333 0.016580 0.066667
1 0.322280 0.393333 0.008290 0.066667
0 0.416580 0.393333 0.008290 0.066667
14 0.509845 0.393333 0.016580 0.066667
20 0.604145 0.513333 0.016580 0.066667
0 0.604145 0.633333 0.008290 0.066667
4 0.697409 0.633333 0.008290 0.066667
20 0.697409 0.153333 0.016580 0.066667
0 0.697409 0.393333 0.008290 0.066667
3 0.791710 0.273333 0.008290 0.066667
1 0.791710 0.153333 0.008290 0.066667
1 0.884974 0.753333 0.008290 0.066667
16 0.884974 0.633333 0.016580 0.066667
0 0.884974 0.393333 0.008290 0.066667