3 0.118435 0.393333 0.008239 0.066667
0 0.118435 0.153333 0.008239 0.066667
23 0.118435 0.753333 0.016478 0.066667
27 0.118950 0.633333 0.007209 0.053333
1 0.196704 0.393333 0.008239 0.066667
3 0.196704 0.513333 0.008239 0.066667
22 0.196704 0.753333 0.016478 0.066667
2 0.274974 0.153333 0.008239 0.066667
5 0.274974 0.393333 0.008239 0.066667
1 0.353244 0.393333 0.008239 0.066667
18 0.431514 0.633333 0.016478 0.066667
5 0.431514 0.273333 0.008239 0.066667
11 0.509784 0.273333 0.016478 0.066667
9 0.509784 0.153333 0.008239 0.066667
8 0.509784 0.633333 0.008239 0.066667
9 0.509784 0.393333 0.008239 0.066667
3 0.588054 0.273333 0.008239 0.066667
20 0.588054 0.753333 0.016478 0.066667
14 0.666323 0.273333 0.016478 0.066667
28 0.666323 0.753333 0.024717 0.066667
6 0.666323 0.633333 0.008239 0.066667
3 0.744593 0.393333 0.008239 0.066667
5 0.744593 0.753333 0.008239 0.066667
1 0.822863 0.513333 0.008239 0.066667
4 0.822863 0.633333 0.008239 0.066667
3 0.901133 0.633333 0.008239 0.066667
2 0.901133 0.753333 0.008239 0.066667