7 0.160815 0.633333 0.009060 0.066667
12 0.160815 0.153333 0.018120 0.066667
20 0.277463 0.513333 0.018120 0.066667
4 0.394111 0.633333 0.009060 0.066667
2 0.394111 0.753333 0.009060 0.066667
6 0.510759 0.633333 0.009060 0.066667
9 0.510759 0.273333 0.009060 0.066667
7 0.510759 0.393333 0.009060 0.066667
1 0.627407 0.273333 0.009060 0.066667
14 0.627407 0.633333 0.018120 0.066667
0 0.744054 0.393333 0.009060 0.066667
6 0.744054 0.153333 0.009060 0.066667
1 0.744054 0.273333 0.009060 0.066667
4 0.860702 0.393333 0.009060 0.066667