7 0.121920 0.513333 0.010376 0.066667
17 0.121920 0.393333 0.020752 0.066667
23 0.193256 0.273333 0.020752 0.066667
0 0.193256 0.633333 0.010376 0.066667
10 0.264591 0.273333 0.020752 0.066667
9 0.264591 0.633333 0.010376 0.066667
6 0.264591 0.393333 0.010376 0.066667
9 0.334630 0.273333 0.010376 0.066667
8 0.334630 0.513333 0.010376 0.066667
2 0.405966 0.753333 0.010376 0.066667
8 0.405966 0.513333 0.010376 0.066667
2 0.405966 0.153333 0.010376 0.066667
6 0.477302 0.273333 0.010376 0.066667
3 0.547341 0.513333 0.010376 0.066667
9 0.547341 0.273333 0.010376 0.066667
0 0.618677 0.513333 0.010376 0.066667
10 0.690013 0.753333 0.020752 0.066667
3 0.690013 0.273333 0.010376 0.066667
3 0.690013 0.393333 0.010376 0.066667
7 0.760052 0.513333 0.010376 0.066667
4 0.831388 0.753333 0.010376 0.066667
3 0.831388 0.153333 0.010376 0.066667
6 0.831388 0.273333 0.010376 0.066667
0 0.831388 0.633333 0.010376 0.066667
7 0.902724 0.633333 0.010376 0.066667