3 0.121516 0.753333 0.008919 0.066667
4 0.199554 0.513333 0.008919 0.066667
2 0.277592 0.393333 0.008919 0.066667
6 0.355630 0.393333 0.008919 0.066667
7 0.355630 0.273333 0.008919 0.066667
3 0.355630 0.513333 0.008919 0.066667
0 0.432553 0.633333 0.008919 0.066667
3 0.510591 0.273333 0.008919 0.066667
21 0.588629 0.633333 0.017837 0.066667
0 0.588629 0.393333 0.008919 0.066667
12 0.666667 0.153333 0.017837 0.066667
6 0.666667 0.513333 0.008919 0.066667
13 0.743590 0.753333 0.017837 0.066667
9 0.743590 0.153333 0.008919 0.066667
9 0.821628 0.273333 0.008919 0.066667
1 0.821628 0.633333 0.008919 0.066667
2 0.821628 0.153333 0.008919 0.066667
4 0.899666 0.753333 0.008919 0.066667
0 0.899666 0.273333 0.008919 0.066667