7 0.144986 0.273333 0.010840 0.066667
4 0.237127 0.513333 0.010840 0.066667
3 0.237127 0.753333 0.010840 0.066667
28 0.237127 0.153333 0.032520 0.066667
8 0.329268 0.513333 0.010840 0.066667
4 0.329268 0.633333 0.010840 0.066667
20 0.329268 0.393333 0.021680 0.066667
4 0.421409 0.153333 0.010840 0.066667
13 0.421409 0.513333 0.021680 0.066667
23 0.421409 0.753333 0.021680 0.066667
8 0.513550 0.273333 0.010840 0.066667
2 0.513550 0.393333 0.010840 0.066667
1 0.604336 0.153333 0.010840 0.066667
0 0.696477 0.153333 0.010840 0.066667
3 0.696477 0.633333 0.010840 0.066667
3 0.788618 0.153333 0.010840 0.066667
14 0.788618 0.753333 0.021680 0.066667
24 0.880759 0.393333 0.021680 0.066667
14 0.880759 0.753333 0.021680 0.066667
7 0.880759 0.513333 0.010840 0.066667