0 0.133917 0.273333 0.010013 0.066667
11 0.133917 0.633333 0.020025 0.066667
18 0.217772 0.393333 0.020025 0.066667
13 0.217772 0.513333 0.020025 0.066667
9 0.217772 0.153333 0.010013 0.066667
1 0.301627 0.153333 0.010013 0.066667
1 0.301627 0.513333 0.010013 0.066667
2 0.385482 0.393333 0.010013 0.066667
2 0.469337 0.753333 0.010013 0.066667
3 0.554443 0.633333 0.010013 0.066667
10 0.554443 0.513333 0.020025 0.066667
9 0.638298 0.273333 0.010013 0.066667
13 0.722153 0.513333 0.020025 0.066667
0 0.722153 0.393333 0.010013 0.066667
21 0.722153 0.633333 0.020025 0.066667
18 0.806008 0.513333 0.020025 0.066667
5 0.806008 0.393333 0.010013 0.066667
7 0.889862 0.753333 0.010013 0.066667
1 0.889862 0.273333 0.010013 0.066667
28 0.889862 0.513333 0.030038 0.066667
2 0.889862 0.393333 0.010013 0.066667