7 0.179070 0.753333 0.009302 0.066667
8 0.179070 0.633333 0.009302 0.066667
1 0.179070 0.273333 0.009302 0.066667
5 0.311628 0.393333 0.009302 0.066667
8 0.311628 0.273333 0.009302 0.066667
1 0.311628 0.753333 0.009302 0.066667
13 0.444186 0.153333 0.018605 0.066667
2 0.577907 0.633333 0.009302 0.066667
15 0.577907 0.393333 0.018605 0.066667
7 0.577907 0.513333 0.009302 0.066667
10 0.710465 0.753333 0.018605 0.066667
3 0.710465 0.633333 0.009302 0.066667
5 0.710465 0.513333 0.009302 0.066667
6 0.843023 0.153333 0.009302 0.066667