7 0.148472 0.753333 0.011645 0.066667
0 0.240175 0.273333 0.011645 0.066667
20 0.240175 0.153333 0.023290 0.066667
19 0.331878 0.513333 0.023290 0.066667
4 0.331878 0.393333 0.011645 0.066667
1 0.422125 0.753333 0.011645 0.066667
3 0.513828 0.273333 0.011645 0.066667
12 0.605531 0.273333 0.023290 0.066667
3 0.605531 0.393333 0.011645 0.066667
3 0.695779 0.273333 0.011645 0.066667
5 0.695779 0.753333 0.011645 0.066667
10 0.695779 0.393333 0.023290 0.066667
17 0.787482 0.393333 0.023290 0.066667
1 0.879185 0.393333 0.011645 0.066667
8 0.879185 0.753333 0.011645 0.066667
0 0.879185 0.633333 0.011645 0.066667
5 0.879185 0.153333 0.011645 0.066667