2 0.133005 0.153333 0.009852 0.066667
12 0.133005 0.633333 0.019704 0.066667
1 0.216749 0.273333 0.009852 0.066667
4 0.216749 0.753333 0.009852 0.066667
6 0.216749 0.393333 0.009852 0.066667
4 0.216749 0.513333 0.009852 0.066667
4 0.301724 0.513333 0.009852 0.066667
17 0.301724 0.633333 0.019704 0.066667
11 0.385468 0.633333 0.019704 0.066667
0 0.385468 0.153333 0.009852 0.066667
6 0.385468 0.513333 0.009852 0.066667
2 0.469212 0.753333 0.009852 0.066667
2 0.469212 0.393333 0.009852 0.066667
1 0.469212 0.273333 0.009852 0.066667
10 0.554187 0.393333 0.019704 0.066667
0 0.637931 0.393333 0.009852 0.066667
0 0.637931 0.513333 0.009852 0.066667
0 0.721675 0.153333 0.009852 0.066667
14 0.806650 0.513333 0.019704 0.066667
8 0.806650 0.633333 0.009852 0.066667
0 0.806650 0.273333 0.009852 0.066667
11 0.890394 0.513333 0.019704 0.066667
10 0.890394 0.153333 0.019704 0.066667
7 0.890394 0.633333 0.009852 0.066667