3 0.209985 0.153333 0.011747 0.066667
6 0.209985 0.753333 0.011747 0.066667
1 0.209985 0.513333 0.011747 0.066667
0 0.209985 0.393333 0.011747 0.066667
0 0.362702 0.633333 0.011747 0.066667
1 0.362702 0.273333 0.011747 0.066667
22 0.362702 0.753333 0.023495 0.066667
6 0.513950 0.753333 0.011747 0.066667
2 0.666667 0.513333 0.011747 0.066667
17 0.666667 0.153333 0.023495 0.066667
16 0.817915 0.153333 0.023495 0.066667
2 0.817915 0.513333 0.011747 0.066667
16 0.817915 0.633333 0.023495 0.066667
1 0.817915 0.753333 0.011747 0.066667