15 0.121019 0.393333 0.020382 0.066667
1 0.192357 0.513333 0.010191 0.066667
0 0.263694 0.753333 0.010191 0.066667
23 0.263694 0.153333 0.020382 0.066667
24 0.335032 0.633333 0.020382 0.066667
1 0.335032 0.753333 0.010191 0.066667
7 0.405096 0.753333 0.010191 0.066667
10 0.476433 0.153333 0.020382 0.066667
3 0.547771 0.393333 0.010191 0.066667
6 0.619108 0.153333 0.010191 0.066667
9 0.619108 0.393333 0.010191 0.066667
0 0.689172 0.393333 0.010191 0.066667
0 0.760510 0.633333 0.010191 0.066667
1 0.760510 0.513333 0.010191 0.066667
6 0.831847 0.153333 0.010191 0.066667
10 0.903185 0.273333 0.020382 0.066667