11 0.115343 0.273333 0.017410 0.066667
12 0.115343 0.393333 0.017410 0.066667
16 0.187160 0.633333 0.017410 0.066667
3 0.187160 0.513333 0.008705 0.066667
10 0.187160 0.273333 0.017410 0.066667
7 0.187160 0.393333 0.008705 0.066667
2 0.258977 0.753333 0.008705 0.066667
2 0.258977 0.273333 0.008705 0.066667
9 0.330794 0.393333 0.008705 0.066667
27 0.402067 0.273333 0.007617 0.053333
12 0.402612 0.513333 0.017410 0.066667
28 0.402612 0.753333 0.034820 0.066667
14 0.474429 0.513333 0.017410 0.066667
6 0.474429 0.153333 0.008705 0.066667
5 0.546246 0.633333 0.008705 0.066667
3 0.546246 0.513333 0.008705 0.066667
7 0.618063 0.633333 0.008705 0.066667
2 0.618063 0.393333 0.008705 0.066667
5 0.689880 0.753333 0.008705 0.066667
18 0.689880 0.513333 0.017410 0.066667
10 0.689880 0.153333 0.017410 0.066667
12 0.761697 0.273333 0.017410 0.066667
3 0.833515 0.753333 0.008705 0.066667
0 0.905332 0.153333 0.008705 0.066667