19 0.150485 0.753333 0.019417 0.066667
4 0.150485 0.153333 0.009709 0.066667
16 0.253641 0.513333 0.019417 0.066667
12 0.253641 0.393333 0.019417 0.066667
27 0.357403 0.633333 0.008495 0.053333
2 0.356796 0.273333 0.009709 0.066667
3 0.459951 0.273333 0.009709 0.066667
6 0.459951 0.753333 0.009709 0.066667
11 0.563107 0.633333 0.019417 0.066667
3 0.666262 0.753333 0.009709 0.066667
4 0.666262 0.393333 0.009709 0.066667
18 0.769417 0.753333 0.019417 0.066667
2 0.769417 0.273333 0.009709 0.066667
4 0.872573 0.393333 0.009709 0.066667
6 0.872573 0.153333 0.009709 0.066667