0 0.189069 0.153333 0.011817 0.066667
0 0.189069 0.393333 0.011817 0.066667
0 0.189069 0.633333 0.011817 0.066667
2 0.319055 0.273333 0.011817 0.066667
3 0.319055 0.393333 0.011817 0.066667
2 0.319055 0.753333 0.011817 0.066667
13 0.449040 0.513333 0.023634 0.066667
12 0.579025 0.273333 0.023634 0.066667
1 0.579025 0.753333 0.011817 0.066667
5 0.709010 0.513333 0.011817 0.066667
21 0.709010 0.633333 0.023634 0.066667
6 0.709010 0.273333 0.011817 0.066667
6 0.838996 0.273333 0.011817 0.066667
2 0.838996 0.153333 0.011817 0.066667