8 0.129376 0.753333 0.012177 0.066667
7 0.199391 0.393333 0.012177 0.066667
20 0.269406 0.153333 0.024353 0.066667
4 0.269406 0.753333 0.012177 0.066667
2 0.269406 0.513333 0.012177 0.066667
4 0.269406 0.273333 0.012177 0.066667
8 0.339422 0.753333 0.012177 0.066667
3 0.339422 0.153333 0.012177 0.066667
0 0.339422 0.513333 0.012177 0.066667
3 0.409437 0.633333 0.012177 0.066667
0 0.409437 0.753333 0.012177 0.066667
2 0.479452 0.273333 0.012177 0.066667
2 0.479452 0.753333 0.012177 0.066667
28 0.479452 0.153333 0.048706 0.066667
17 0.549467 0.393333 0.024353 0.066667
2 0.619482 0.273333 0.012177 0.066667
1 0.619482 0.633333 0.012177 0.066667
0 0.689498 0.153333 0.012177 0.066667
4 0.689498 0.633333 0.012177 0.066667
9 0.689498 0.753333 0.012177 0.066667
9 0.759513 0.153333 0.012177 0.066667
7 0.829528 0.273333 0.012177 0.066667
20 0.899543 0.393333 0.024353 0.066667