7 0.128713 0.153333 0.008801 0.066667
2 0.213421 0.273333 0.008801 0.066667
0 0.298130 0.393333 0.008801 0.066667
27 0.298680 0.273333 0.007701 0.053333
13 0.298130 0.633333 0.017602 0.066667
14 0.382838 0.153333 0.017602 0.066667
13 0.382838 0.633333 0.017602 0.066667
24 0.467547 0.513333 0.017602 0.066667
13 0.553355 0.153333 0.017602 0.066667
6 0.553355 0.273333 0.008801 0.066667
1 0.638064 0.153333 0.008801 0.066667
6 0.722772 0.753333 0.008801 0.066667
20 0.722772 0.513333 0.017602 0.066667
1 0.807481 0.513333 0.008801 0.066667
1 0.807481 0.753333 0.008801 0.066667
12 0.892189 0.513333 0.017602 0.066667
4 0.892189 0.393333 0.008801 0.066667