0 0.135878 0.753333 0.012214 0.066667
0 0.135878 0.633333 0.012214 0.066667
5 0.135878 0.513333 0.012214 0.066667
18 0.212214 0.393333 0.024427 0.066667
0 0.287023 0.753333 0.012214 0.066667
7 0.363359 0.753333 0.012214 0.066667
4 0.363359 0.393333 0.012214 0.066667
18 0.363359 0.273333 0.024427 0.066667
19 0.438168 0.753333 0.024427 0.066667
27 0.438931 0.153333 0.010687 0.053333
0 0.514504 0.153333 0.012214 0.066667
4 0.514504 0.273333 0.012214 0.066667
2 0.590840 0.513333 0.012214 0.066667
3 0.590840 0.633333 0.012214 0.066667
0 0.590840 0.273333 0.012214 0.066667
5 0.590840 0.393333 0.012214 0.066667
3 0.665649 0.393333 0.012214 0.066667
1 0.665649 0.273333 0.012214 0.066667
5 0.665649 0.513333 0.012214 0.066667
17 0.741985 0.633333 0.024427 0.066667
4 0.741985 0.273333 0.012214 0.066667
6 0.741985 0.153333 0.012214 0.066667
14 0.741985 0.753333 0.024427 0.066667
28 0.816794 0.633333 0.036641 0.066667
8 0.816794 0.753333 0.012214 0.066667
4 0.893130 0.513333 0.012214 0.066667
3 0.893130 0.273333 0.012214 0.066667