3 0.113830 0.513333 0.008511 0.066667
1 0.113830 0.753333 0.008511 0.066667
1 0.186170 0.753333 0.008511 0.066667
18 0.186170 0.393333 0.017021 0.066667
27 0.257979 0.633333 0.007447 0.053333
23 0.258511 0.273333 0.017021 0.066667
3 0.258511 0.513333 0.008511 0.066667
7 0.258511 0.153333 0.008511 0.066667
3 0.329787 0.753333 0.008511 0.066667
2 0.329787 0.273333 0.008511 0.066667
8 0.329787 0.513333 0.008511 0.066667
27 0.401596 0.153333 0.007447 0.053333
6 0.402128 0.753333 0.008511 0.066667
4 0.474468 0.273333 0.008511 0.066667
10 0.474468 0.513333 0.017021 0.066667
0 0.545745 0.753333 0.008511 0.066667
1 0.545745 0.513333 0.008511 0.066667
2 0.545745 0.273333 0.008511 0.066667
0 0.545745 0.153333 0.008511 0.066667
0 0.618085 0.393333 0.008511 0.066667
3 0.690426 0.513333 0.008511 0.066667
1 0.761702 0.753333 0.008511 0.066667
4 0.761702 0.153333 0.008511 0.066667
5 0.761702 0.393333 0.008511 0.066667
7 0.834043 0.393333 0.008511 0.066667
7 0.834043 0.753333 0.008511 0.066667
18 0.906383 0.633333 0.017021 0.066667
23 0.906383 0.273333 0.017021 0.066667
21 0.906383 0.753333 0.017021 0.066667