0 0.132283 0.633333 0.012598 0.066667
6 0.201575 0.153333 0.012598 0.066667
5 0.270866 0.513333 0.012598 0.066667
2 0.270866 0.753333 0.012598 0.066667
0 0.270866 0.153333 0.012598 0.066667
4 0.270866 0.393333 0.012598 0.066667
2 0.340157 0.393333 0.012598 0.066667
5 0.340157 0.633333 0.012598 0.066667
6 0.340157 0.753333 0.012598 0.066667
7 0.340157 0.513333 0.012598 0.066667
5 0.411024 0.153333 0.012598 0.066667
17 0.411024 0.753333 0.025197 0.066667
10 0.480315 0.393333 0.025197 0.066667
8 0.480315 0.753333 0.012598 0.066667
6 0.480315 0.273333 0.012598 0.066667
5 0.549606 0.273333 0.012598 0.066667
0 0.549606 0.633333 0.012598 0.066667
5 0.618898 0.633333 0.012598 0.066667
4 0.689764 0.153333 0.012598 0.066667
6 0.689764 0.633333 0.012598 0.066667
5 0.689764 0.393333 0.012598 0.066667
1 0.759055 0.393333 0.012598 0.066667
24 0.828346 0.393333 0.025197 0.066667
21 0.897638 0.393333 0.025197 0.066667
2 0.897638 0.153333 0.012598 0.066667