7 0.186782 0.633333 0.011494 0.066667
20 0.186782 0.153333 0.022989 0.066667
17 0.317529 0.753333 0.022989 0.066667
3 0.317529 0.633333 0.011494 0.066667
5 0.317529 0.273333 0.011494 0.066667
19 0.448276 0.393333 0.022989 0.066667
0 0.448276 0.153333 0.011494 0.066667
27 0.448994 0.273333 0.010057 0.053333
7 0.579023 0.633333 0.011494 0.066667
12 0.579023 0.153333 0.022989 0.066667
1 0.709770 0.153333 0.011494 0.066667
0 0.709770 0.753333 0.011494 0.066667
28 0.840517 0.633333 0.034483 0.066667
14 0.840517 0.153333 0.022989 0.066667