5 0.191888 0.153333 0.012480 0.066667
6 0.191888 0.273333 0.012480 0.066667
9 0.191888 0.633333 0.012480 0.066667
11 0.321373 0.153333 0.024961 0.066667
4 0.321373 0.633333 0.012480 0.066667
11 0.450858 0.393333 0.024961 0.066667
13 0.450858 0.513333 0.024961 0.066667
3 0.580343 0.633333 0.012480 0.066667
6 0.580343 0.753333 0.012480 0.066667
14 0.709828 0.393333 0.024961 0.066667
13 0.709828 0.633333 0.024961 0.066667
0 0.709828 0.153333 0.012480 0.066667
4 0.839314 0.513333 0.012480 0.066667
17 0.839314 0.753333 0.024961 0.066667
28 0.839314 0.393333 0.037441 0.066667