4 0.153548 0.753333 0.010323 0.066667
4 0.153548 0.633333 0.010323 0.066667
0 0.255484 0.273333 0.010323 0.066667
4 0.358710 0.753333 0.010323 0.066667
10 0.358710 0.513333 0.020645 0.066667
1 0.460645 0.513333 0.010323 0.066667
4 0.460645 0.633333 0.010323 0.066667
0 0.460645 0.753333 0.010323 0.066667
1 0.460645 0.153333 0.010323 0.066667
3 0.563871 0.153333 0.010323 0.066667
5 0.665806 0.753333 0.010323 0.066667
4 0.665806 0.633333 0.010323 0.066667
0 0.769032 0.393333 0.010323 0.066667
9 0.870968 0.513333 0.010323 0.066667
1 0.870968 0.633333 0.010323 0.066667
8 0.870968 0.273333 0.010323 0.066667