16 0.120393 0.393333 0.019656 0.066667
1 0.120393 0.753333 0.009828 0.066667
12 0.120393 0.273333 0.019656 0.066667
19 0.120393 0.153333 0.019656 0.066667
7 0.191646 0.393333 0.009828 0.066667
18 0.191646 0.273333 0.019656 0.066667
21 0.262899 0.633333 0.019656 0.066667
2 0.334152 0.633333 0.009828 0.066667
12 0.334152 0.273333 0.019656 0.066667
18 0.405405 0.273333 0.019656 0.066667
22 0.476658 0.273333 0.019656 0.066667
3 0.476658 0.153333 0.009828 0.066667
3 0.547912 0.393333 0.009828 0.066667
8 0.547912 0.273333 0.009828 0.066667
15 0.619165 0.753333 0.019656 0.066667
5 0.690418 0.753333 0.009828 0.066667
8 0.690418 0.633333 0.009828 0.066667
12 0.690418 0.273333 0.019656 0.066667
27 0.761057 0.753333 0.008600 0.053333
2 0.761671 0.513333 0.009828 0.066667
4 0.761671 0.273333 0.009828 0.066667
0 0.761671 0.393333 0.009828 0.066667
5 0.832924 0.513333 0.009828 0.066667
7 0.832924 0.633333 0.009828 0.066667
3 0.904177 0.633333 0.009828 0.066667