4 0.134788 0.633333 0.010270 0.066667
4 0.134788 0.513333 0.010270 0.066667
11 0.134788 0.753333 0.020539 0.066667
3 0.134788 0.393333 0.010270 0.066667
2 0.218228 0.273333 0.010270 0.066667
28 0.218228 0.153333 0.041078 0.066667
4 0.302953 0.273333 0.010270 0.066667
4 0.386393 0.633333 0.010270 0.066667
5 0.386393 0.393333 0.010270 0.066667
4 0.469833 0.273333 0.010270 0.066667
0 0.469833 0.633333 0.010270 0.066667
27 0.553915 0.393333 0.008986 0.053333
7 0.637997 0.633333 0.010270 0.066667
1 0.721438 0.393333 0.010270 0.066667
7 0.721438 0.513333 0.010270 0.066667
0 0.721438 0.153333 0.010270 0.066667
7 0.806162 0.153333 0.010270 0.066667
5 0.806162 0.753333 0.010270 0.066667
5 0.806162 0.513333 0.010270 0.066667
0 0.889602 0.513333 0.010270 0.066667