20 0.136858 0.513333 0.024883 0.066667
1 0.136858 0.273333 0.012442 0.066667
6 0.136858 0.753333 0.012442 0.066667
21 0.213064 0.753333 0.024883 0.066667
5 0.213064 0.393333 0.012442 0.066667
2 0.213064 0.513333 0.012442 0.066667
6 0.213064 0.273333 0.012442 0.066667
1 0.287714 0.633333 0.012442 0.066667
8 0.287714 0.393333 0.012442 0.066667
18 0.363919 0.273333 0.024883 0.066667
15 0.363919 0.393333 0.024883 0.066667
1 0.363919 0.633333 0.012442 0.066667
0 0.438569 0.753333 0.012442 0.066667
5 0.438569 0.513333 0.012442 0.066667
4 0.514774 0.633333 0.012442 0.066667
3 0.514774 0.393333 0.012442 0.066667
1 0.514774 0.753333 0.012442 0.066667
13 0.590980 0.513333 0.024883 0.066667
2 0.665630 0.153333 0.012442 0.066667
3 0.665630 0.273333 0.012442 0.066667
10 0.741835 0.153333 0.024883 0.066667
22 0.741835 0.513333 0.024883 0.066667
5 0.741835 0.753333 0.012442 0.066667
2 0.816485 0.633333 0.012442 0.066667
24 0.892691 0.633333 0.024883 0.066667