4 0.172363 0.513333 0.011887 0.066667
19 0.172363 0.273333 0.023774 0.066667
3 0.172363 0.153333 0.011887 0.066667
3 0.286776 0.753333 0.011887 0.066667
2 0.286776 0.633333 0.011887 0.066667
12 0.286776 0.273333 0.023774 0.066667
23 0.286776 0.153333 0.023774 0.066667
0 0.399703 0.393333 0.011887 0.066667
4 0.399703 0.753333 0.011887 0.066667
4 0.399703 0.273333 0.011887 0.066667
2 0.399703 0.153333 0.011887 0.066667
5 0.514116 0.513333 0.011887 0.066667
7 0.514116 0.393333 0.011887 0.066667
9 0.514116 0.153333 0.011887 0.066667
6 0.628529 0.273333 0.011887 0.066667
6 0.741456 0.393333 0.011887 0.066667
0 0.741456 0.513333 0.011887 0.066667
6 0.855869 0.513333 0.011887 0.066667