10 0.132686 0.153333 0.025890 0.066667
17 0.132686 0.633333 0.025890 0.066667
9 0.202265 0.513333 0.012945 0.066667
27 0.203074 0.393333 0.011327 0.053333
5 0.271845 0.153333 0.012945 0.066667
1 0.271845 0.273333 0.012945 0.066667
0 0.271845 0.513333 0.012945 0.066667
0 0.341424 0.633333 0.012945 0.066667
1 0.341424 0.753333 0.012945 0.066667
1 0.341424 0.273333 0.012945 0.066667
21 0.341424 0.513333 0.025890 0.066667
4 0.411003 0.153333 0.012945 0.066667
13 0.411003 0.273333 0.025890 0.066667
14 0.411003 0.513333 0.025890 0.066667
2 0.411003 0.393333 0.012945 0.066667
15 0.480583 0.753333 0.025890 0.066667
9 0.480583 0.633333 0.012945 0.066667
2 0.550162 0.513333 0.012945 0.066667
22 0.619741 0.633333 0.025890 0.066667
1 0.619741 0.273333 0.012945 0.066667
0 0.619741 0.393333 0.012945 0.066667
18 0.689320 0.753333 0.025890 0.066667
5 0.689320 0.153333 0.012945 0.066667
6 0.758900 0.273333 0.012945 0.066667
9 0.758900 0.633333 0.012945 0.066667
0 0.758900 0.513333 0.012945 0.066667
4 0.828479 0.153333 0.012945 0.066667
28 0.828479 0.633333 0.038835 0.066667
4 0.828479 0.393333 0.012945 0.066667
5 0.898058 0.753333 0.012945 0.066667
13 0.898058 0.513333 0.025890 0.066667
20 0.898058 0.273333 0.025890 0.066667