19 0.127721 0.513333 0.023222 0.066667
5 0.127721 0.273333 0.011611 0.066667
10 0.197388 0.633333 0.023222 0.066667
18 0.268505 0.633333 0.023222 0.066667
2 0.268505 0.153333 0.011611 0.066667
27 0.338897 0.513333 0.010160 0.053333
9 0.407837 0.273333 0.011611 0.066667
2 0.407837 0.153333 0.011611 0.066667
17 0.407837 0.633333 0.023222 0.066667
9 0.478955 0.153333 0.011611 0.066667
6 0.478955 0.513333 0.011611 0.066667
5 0.548621 0.633333 0.011611 0.066667
0 0.548621 0.753333 0.011611 0.066667
1 0.548621 0.513333 0.011611 0.066667
4 0.619739 0.153333 0.011611 0.066667
8 0.619739 0.273333 0.011611 0.066667
3 0.619739 0.513333 0.011611 0.066667
20 0.689405 0.393333 0.023222 0.066667
22 0.689405 0.513333 0.023222 0.066667
12 0.759071 0.393333 0.023222 0.066667
7 0.759071 0.273333 0.011611 0.066667
24 0.759071 0.153333 0.023222 0.066667
1 0.830189 0.273333 0.011611 0.066667
11 0.830189 0.153333 0.023222 0.066667
24 0.830189 0.753333 0.023222 0.066667
20 0.830189 0.513333 0.023222 0.066667
0 0.899855 0.273333 0.011611 0.066667
22 0.899855 0.753333 0.023222 0.066667