1 0.125000 0.513333 0.008000 0.066667
7 0.210000 0.153333 0.008000 0.066667
14 0.210000 0.393333 0.016000 0.066667
14 0.210000 0.513333 0.016000 0.066667
4 0.296000 0.513333 0.008000 0.066667
11 0.296000 0.633333 0.016000 0.066667
27 0.381500 0.273333 0.007000 0.053333
2 0.381000 0.153333 0.008000 0.066667
6 0.467000 0.753333 0.008000 0.066667
0 0.552000 0.393333 0.008000 0.066667
21 0.552000 0.153333 0.016000 0.066667
2 0.552000 0.753333 0.008000 0.066667
7 0.638000 0.753333 0.008000 0.066667
1 0.723000 0.513333 0.008000 0.066667
7 0.809000 0.393333 0.008000 0.066667
12 0.809000 0.753333 0.016000 0.066667
3 0.809000 0.633333 0.008000 0.066667
5 0.809000 0.513333 0.008000 0.066667
2 0.894000 0.753333 0.008000 0.066667
5 0.894000 0.273333 0.008000 0.066667
13 0.894000 0.633333 0.016000 0.066667