12 0.131469 0.633333 0.022378 0.066667
0 0.131469 0.393333 0.011189 0.066667
8 0.208392 0.753333 0.011189 0.066667
1 0.208392 0.273333 0.011189 0.066667
4 0.283916 0.153333 0.011189 0.066667
3 0.283916 0.513333 0.011189 0.066667
5 0.360839 0.393333 0.011189 0.066667
0 0.436364 0.273333 0.011189 0.066667
2 0.513287 0.513333 0.011189 0.066667
5 0.513287 0.153333 0.011189 0.066667
24 0.590210 0.153333 0.022378 0.066667
3 0.590210 0.513333 0.011189 0.066667
3 0.590210 0.393333 0.011189 0.066667
17 0.665734 0.513333 0.022378 0.066667
3 0.665734 0.393333 0.011189 0.066667
14 0.742657 0.393333 0.022378 0.066667
3 0.742657 0.273333 0.011189 0.066667
4 0.742657 0.633333 0.011189 0.066667
3 0.818182 0.633333 0.011189 0.066667
12 0.895105 0.273333 0.022378 0.066667
0 0.895105 0.153333 0.011189 0.066667
6 0.895105 0.513333 0.011189 0.066667