4 0.130201 0.633333 0.010738 0.066667
0 0.130201 0.393333 0.010738 0.066667
11 0.206711 0.273333 0.021477 0.066667
10 0.206711 0.393333 0.021477 0.066667
0 0.206711 0.153333 0.010738 0.066667
7 0.283221 0.153333 0.010738 0.066667
11 0.359732 0.633333 0.021477 0.066667
28 0.436242 0.513333 0.032215 0.066667
16 0.512752 0.753333 0.021477 0.066667
4 0.512752 0.153333 0.010738 0.066667
0 0.589262 0.153333 0.010738 0.066667
2 0.589262 0.633333 0.010738 0.066667
6 0.589262 0.753333 0.010738 0.066667
23 0.665772 0.753333 0.021477 0.066667
7 0.742282 0.513333 0.010738 0.066667
9 0.742282 0.633333 0.010738 0.066667
13 0.818792 0.153333 0.021477 0.066667
12 0.818792 0.633333 0.021477 0.066667
0 0.818792 0.753333 0.010738 0.066667
5 0.895302 0.513333 0.010738 0.066667
23 0.895302 0.153333 0.021477 0.066667