0 0.152500 0.633333 0.010000 0.066667
3 0.152500 0.273333 0.010000 0.066667
3 0.152500 0.153333 0.010000 0.066667
2 0.152500 0.393333 0.010000 0.066667
11 0.255000 0.153333 0.020000 0.066667
5 0.357500 0.393333 0.010000 0.066667
3 0.357500 0.633333 0.010000 0.066667
12 0.357500 0.513333 0.020000 0.066667
1 0.357500 0.753333 0.010000 0.066667
27 0.460625 0.393333 0.008750 0.053333
12 0.460000 0.753333 0.020000 0.066667
8 0.563750 0.393333 0.010000 0.066667
13 0.666250 0.273333 0.020000 0.066667
8 0.666250 0.753333 0.010000 0.066667
3 0.666250 0.513333 0.010000 0.066667
2 0.768750 0.393333 0.010000 0.066667
12 0.768750 0.753333 0.020000 0.066667
0 0.768750 0.273333 0.010000 0.066667
8 0.871250 0.393333 0.010000 0.066667