8 0.133085 0.513333 0.009950 0.066667
5 0.217662 0.513333 0.009950 0.066667
14 0.217662 0.393333 0.019900 0.066667
2 0.217662 0.273333 0.009950 0.066667
18 0.300995 0.633333 0.019900 0.066667
1 0.300995 0.513333 0.009950 0.066667
0 0.385572 0.153333 0.009950 0.066667
0 0.385572 0.513333 0.009950 0.066667
0 0.385572 0.393333 0.009950 0.066667
18 0.470149 0.633333 0.019900 0.066667
5 0.470149 0.273333 0.009950 0.066667
2 0.470149 0.393333 0.009950 0.066667
7 0.470149 0.513333 0.009950 0.066667
12 0.553483 0.393333 0.019900 0.066667
24 0.553483 0.153333 0.019900 0.066667
21 0.638060 0.753333 0.019900 0.066667
0 0.638060 0.153333 0.009950 0.066667
0 0.722637 0.753333 0.009950 0.066667
19 0.722637 0.633333 0.019900 0.066667
7 0.805970 0.513333 0.009950 0.066667
2 0.890547 0.273333 0.009950 0.066667
2 0.890547 0.753333 0.009950 0.066667