5 0.144192 0.273333 0.010681 0.066667
0 0.144192 0.153333 0.010681 0.066667
8 0.236315 0.633333 0.010681 0.066667
17 0.236315 0.153333 0.021362 0.066667
1 0.236315 0.753333 0.010681 0.066667
18 0.328438 0.393333 0.021362 0.066667
24 0.328438 0.153333 0.021362 0.066667
7 0.328438 0.513333 0.010681 0.066667
24 0.328438 0.753333 0.021362 0.066667
4 0.420561 0.153333 0.010681 0.066667
1 0.512684 0.633333 0.010681 0.066667
2 0.512684 0.273333 0.010681 0.066667
3 0.604806 0.633333 0.010681 0.066667
7 0.696929 0.753333 0.010681 0.066667
5 0.789052 0.393333 0.010681 0.066667
3 0.881175 0.393333 0.010681 0.066667
0 0.881175 0.513333 0.010681 0.066667
0 0.881175 0.633333 0.010681 0.066667