6 0.139168 0.393333 0.011478 0.066667
27 0.139885 0.633333 0.010043 0.053333
2 0.139168 0.273333 0.011478 0.066667
6 0.222382 0.273333 0.011478 0.066667
0 0.222382 0.633333 0.011478 0.066667
1 0.222382 0.393333 0.011478 0.066667
2 0.305595 0.153333 0.011478 0.066667
18 0.388809 0.513333 0.022956 0.066667
0 0.388809 0.633333 0.011478 0.066667
17 0.472023 0.393333 0.022956 0.066667
4 0.472023 0.753333 0.011478 0.066667
15 0.472023 0.633333 0.022956 0.066667
27 0.554519 0.753333 0.010043 0.053333
15 0.555237 0.513333 0.022956 0.066667
12 0.638451 0.513333 0.022956 0.066667
5 0.638451 0.633333 0.011478 0.066667
6 0.638451 0.153333 0.011478 0.066667
3 0.638451 0.273333 0.011478 0.066667
3 0.721664 0.393333 0.011478 0.066667
7 0.804878 0.393333 0.011478 0.066667
19 0.804878 0.633333 0.022956 0.066667
27 0.804161 0.753333 0.010043 0.053333
0 0.888092 0.273333 0.011478 0.066667
27 0.887374 0.393333 0.010043 0.053333
1 0.888092 0.633333 0.011478 0.066667