3 0.140969 0.273333 0.011747 0.066667
0 0.223201 0.633333 0.011747 0.066667
7 0.223201 0.513333 0.011747 0.066667
24 0.223201 0.153333 0.023495 0.066667
22 0.306902 0.273333 0.023495 0.066667
9 0.389134 0.153333 0.011747 0.066667
0 0.389134 0.513333 0.011747 0.066667
6 0.472834 0.513333 0.011747 0.066667
4 0.555066 0.393333 0.011747 0.066667
1 0.555066 0.153333 0.011747 0.066667
5 0.555066 0.513333 0.011747 0.066667
4 0.638767 0.513333 0.011747 0.066667
9 0.720999 0.273333 0.011747 0.066667
2 0.720999 0.393333 0.011747 0.066667
1 0.720999 0.153333 0.011747 0.066667
4 0.720999 0.633333 0.011747 0.066667
4 0.804699 0.273333 0.011747 0.066667
4 0.804699 0.753333 0.011747 0.066667
1 0.886931 0.393333 0.011747 0.066667
23 0.886931 0.153333 0.023495 0.066667