1 0.144882 0.753333 0.012598 0.066667
15 0.144882 0.273333 0.025197 0.066667
7 0.226772 0.393333 0.012598 0.066667
8 0.226772 0.513333 0.012598 0.066667
3 0.226772 0.633333 0.012598 0.066667
3 0.308661 0.633333 0.012598 0.066667
16 0.392126 0.513333 0.025197 0.066667
6 0.392126 0.393333 0.012598 0.066667
12 0.474016 0.393333 0.025197 0.066667
14 0.474016 0.633333 0.025197 0.066667
20 0.555906 0.513333 0.025197 0.066667
0 0.555906 0.753333 0.012598 0.066667
24 0.555906 0.393333 0.025197 0.066667
7 0.637795 0.513333 0.012598 0.066667
5 0.637795 0.273333 0.012598 0.066667
0 0.721260 0.273333 0.012598 0.066667
3 0.721260 0.153333 0.012598 0.066667
5 0.803150 0.513333 0.012598 0.066667
1 0.803150 0.273333 0.012598 0.066667
18 0.803150 0.393333 0.025197 0.066667
3 0.885039 0.393333 0.012598 0.066667
3 0.885039 0.753333 0.012598 0.066667
7 0.885039 0.513333 0.012598 0.066667
8 0.885039 0.633333 0.012598 0.066667