1 0.170940 0.513333 0.011396 0.066667
22 0.170940 0.753333 0.022792 0.066667
12 0.284900 0.153333 0.022792 0.066667
11 0.284900 0.513333 0.022792 0.066667
6 0.284900 0.273333 0.011396 0.066667
6 0.398860 0.633333 0.011396 0.066667
3 0.398860 0.153333 0.011396 0.066667
1 0.398860 0.753333 0.011396 0.066667
28 0.514245 0.393333 0.045584 0.066667
5 0.628205 0.513333 0.011396 0.066667
10 0.742165 0.633333 0.022792 0.066667
2 0.742165 0.273333 0.011396 0.066667
8 0.742165 0.513333 0.011396 0.066667
12 0.856125 0.633333 0.022792 0.066667
1 0.856125 0.393333 0.011396 0.066667
10 0.856125 0.513333 0.022792 0.066667