4 0.134995 0.633333 0.008307 0.066667
7 0.134995 0.753333 0.008307 0.066667
2 0.228453 0.513333 0.008307 0.066667
16 0.228453 0.273333 0.016615 0.066667
24 0.228453 0.753333 0.016615 0.066667
23 0.321911 0.153333 0.016615 0.066667
20 0.321911 0.273333 0.016615 0.066667
10 0.416407 0.273333 0.016615 0.066667
2 0.509865 0.393333 0.008307 0.066667
3 0.509865 0.753333 0.008307 0.066667
18 0.603323 0.753333 0.016615 0.066667
0 0.603323 0.393333 0.008307 0.066667
5 0.603323 0.513333 0.008307 0.066667
15 0.603323 0.633333 0.016615 0.066667
1 0.697819 0.273333 0.008307 0.066667
17 0.791277 0.393333 0.016615 0.066667
8 0.791277 0.273333 0.008307 0.066667
6 0.791277 0.633333 0.008307 0.066667
4 0.884735 0.393333 0.008307 0.066667