4 0.170732 0.753333 0.011478 0.066667
12 0.170732 0.513333 0.022956 0.066667
5 0.170732 0.393333 0.011478 0.066667
0 0.170732 0.633333 0.011478 0.066667
10 0.285509 0.513333 0.022956 0.066667
0 0.398852 0.633333 0.011478 0.066667
1 0.513630 0.513333 0.011478 0.066667
4 0.513630 0.393333 0.011478 0.066667
0 0.628407 0.273333 0.011478 0.066667
12 0.628407 0.633333 0.022956 0.066667
11 0.741750 0.753333 0.022956 0.066667
11 0.741750 0.513333 0.022956 0.066667
7 0.741750 0.153333 0.011478 0.066667
0 0.856528 0.393333 0.011478 0.066667
7 0.856528 0.753333 0.011478 0.066667
8 0.856528 0.633333 0.011478 0.066667