0 0.138978 0.273333 0.012780 0.066667
5 0.138978 0.393333 0.012780 0.066667
3 0.138978 0.513333 0.012780 0.066667
2 0.214058 0.753333 0.012780 0.066667
0 0.214058 0.513333 0.012780 0.066667
24 0.214058 0.153333 0.025559 0.066667
20 0.289137 0.753333 0.025559 0.066667
12 0.364217 0.153333 0.025559 0.066667
22 0.439297 0.273333 0.025559 0.066667
20 0.515974 0.393333 0.025559 0.066667
11 0.515974 0.153333 0.025559 0.066667
15 0.591054 0.633333 0.025559 0.066667
27 0.665335 0.513333 0.011182 0.053333
8 0.741214 0.753333 0.012780 0.066667
1 0.741214 0.393333 0.012780 0.066667
16 0.816294 0.513333 0.025559 0.066667
5 0.816294 0.153333 0.012780 0.066667
27 0.817093 0.633333 0.011182 0.053333
3 0.891374 0.273333 0.012780 0.066667
3 0.891374 0.513333 0.012780 0.066667