0 0.147942 0.153333 0.008899 0.066667
15 0.251390 0.273333 0.017798 0.066667
27 0.250834 0.753333 0.007786 0.053333
5 0.251390 0.393333 0.008899 0.066667
13 0.251390 0.513333 0.017798 0.066667
4 0.354839 0.513333 0.008899 0.066667
20 0.458287 0.513333 0.017798 0.066667
5 0.458287 0.393333 0.008899 0.066667
23 0.562848 0.633333 0.017798 0.066667
4 0.562848 0.273333 0.008899 0.066667
5 0.562848 0.753333 0.008899 0.066667
0 0.666296 0.393333 0.008899 0.066667
2 0.666296 0.273333 0.008899 0.066667
0 0.666296 0.753333 0.008899 0.066667
0 0.769744 0.273333 0.008899 0.066667
3 0.769744 0.513333 0.008899 0.066667
11 0.873192 0.273333 0.017798 0.066667
1 0.873192 0.513333 0.008899 0.066667
19 0.873192 0.633333 0.017798 0.066667