4 0.161816 0.393333 0.009313 0.066667
19 0.161816 0.513333 0.018626 0.066667
1 0.161816 0.633333 0.009313 0.066667
21 0.278231 0.153333 0.018626 0.066667
19 0.278231 0.753333 0.018626 0.066667
4 0.278231 0.633333 0.009313 0.066667
5 0.394645 0.753333 0.009313 0.066667
13 0.511059 0.393333 0.018626 0.066667
10 0.511059 0.633333 0.018626 0.066667
3 0.627474 0.753333 0.009313 0.066667
7 0.743888 0.273333 0.009313 0.066667
27 0.743306 0.753333 0.008149 0.053333
28 0.860303 0.753333 0.027939 0.066667
0 0.860303 0.393333 0.009313 0.066667