3 0.144654 0.393333 0.012579 0.066667
24 0.226415 0.153333 0.025157 0.066667
4 0.226415 0.753333 0.012579 0.066667
2 0.309748 0.153333 0.012579 0.066667
3 0.309748 0.753333 0.012579 0.066667
8 0.309748 0.273333 0.012579 0.066667
15 0.309748 0.393333 0.025157 0.066667
5 0.391509 0.273333 0.012579 0.066667
14 0.391509 0.393333 0.025157 0.066667
7 0.473270 0.393333 0.012579 0.066667
3 0.473270 0.753333 0.012579 0.066667
4 0.473270 0.153333 0.012579 0.066667
3 0.556604 0.513333 0.012579 0.066667
17 0.556604 0.393333 0.025157 0.066667
5 0.638365 0.153333 0.012579 0.066667
16 0.720126 0.393333 0.025157 0.066667
1 0.720126 0.633333 0.012579 0.066667
2 0.803459 0.273333 0.012579 0.066667
5 0.803459 0.153333 0.012579 0.066667
7 0.803459 0.633333 0.012579 0.066667
7 0.885220 0.633333 0.012579 0.066667
11 0.885220 0.153333 0.025157 0.066667