3 0.146141 0.633333 0.013136 0.066667
12 0.146141 0.153333 0.026273 0.066667
17 0.146141 0.273333 0.026273 0.066667
2 0.228243 0.633333 0.013136 0.066667
27 0.229064 0.513333 0.011494 0.053333
9 0.310345 0.753333 0.013136 0.066667
8 0.310345 0.513333 0.013136 0.066667
1 0.310345 0.153333 0.013136 0.066667
7 0.392447 0.753333 0.013136 0.066667
5 0.392447 0.633333 0.013136 0.066667
21 0.392447 0.273333 0.026273 0.066667
7 0.474548 0.153333 0.013136 0.066667
6 0.474548 0.753333 0.013136 0.066667
5 0.556650 0.273333 0.013136 0.066667
3 0.556650 0.633333 0.013136 0.066667
7 0.556650 0.393333 0.013136 0.066667
0 0.556650 0.513333 0.013136 0.066667
2 0.638752 0.393333 0.013136 0.066667
15 0.720854 0.753333 0.026273 0.066667
28 0.802956 0.273333 0.052545 0.066667
7 0.802956 0.393333 0.013136 0.066667
5 0.885057 0.393333 0.013136 0.066667
3 0.885057 0.153333 0.013136 0.066667
1 0.885057 0.753333 0.013136 0.066667