11 0.157447 0.153333 0.022695 0.066667
0 0.157447 0.633333 0.011348 0.066667
3 0.157447 0.753333 0.011348 0.066667
3 0.157447 0.273333 0.011348 0.066667
11 0.259574 0.633333 0.022695 0.066667
28 0.259574 0.273333 0.034043 0.066667
2 0.259574 0.393333 0.011348 0.066667
6 0.361702 0.753333 0.011348 0.066667
3 0.361702 0.153333 0.011348 0.066667
6 0.361702 0.633333 0.011348 0.066667
2 0.361702 0.393333 0.011348 0.066667
19 0.462411 0.393333 0.022695 0.066667
9 0.564539 0.513333 0.011348 0.066667
11 0.666667 0.393333 0.022695 0.066667
11 0.666667 0.753333 0.022695 0.066667
4 0.767376 0.513333 0.011348 0.066667
13 0.767376 0.273333 0.022695 0.066667
11 0.767376 0.753333 0.022695 0.066667
4 0.869504 0.393333 0.011348 0.066667