20 0.134443 0.633333 0.020487 0.066667
2 0.134443 0.753333 0.010243 0.066667
11 0.134443 0.513333 0.020487 0.066667
22 0.134443 0.153333 0.020487 0.066667
8 0.218950 0.753333 0.010243 0.066667
0 0.218950 0.153333 0.010243 0.066667
1 0.302177 0.153333 0.010243 0.066667
10 0.302177 0.753333 0.020487 0.066667
3 0.386684 0.273333 0.010243 0.066667
24 0.386684 0.393333 0.020487 0.066667
3 0.386684 0.153333 0.010243 0.066667
1 0.469910 0.273333 0.010243 0.066667
9 0.469910 0.633333 0.010243 0.066667
2 0.554417 0.513333 0.010243 0.066667
6 0.554417 0.753333 0.010243 0.066667
5 0.637644 0.633333 0.010243 0.066667
8 0.637644 0.153333 0.010243 0.066667
7 0.722151 0.753333 0.010243 0.066667
12 0.722151 0.633333 0.020487 0.066667
2 0.722151 0.393333 0.010243 0.066667
1 0.805378 0.753333 0.010243 0.066667
6 0.889885 0.273333 0.010243 0.066667
10 0.889885 0.513333 0.020487 0.066667
8 0.889885 0.153333 0.010243 0.066667
13 0.889885 0.753333 0.020487 0.066667