3 0.121827 0.273333 0.010152 0.066667
1 0.121827 0.513333 0.010152 0.066667
5 0.192893 0.273333 0.010152 0.066667
16 0.192893 0.633333 0.020305 0.066667
5 0.192893 0.393333 0.010152 0.066667
0 0.192893 0.753333 0.010152 0.066667
28 0.263959 0.153333 0.040609 0.066667
4 0.335025 0.153333 0.010152 0.066667
5 0.406091 0.273333 0.010152 0.066667
2 0.477157 0.393333 0.010152 0.066667
11 0.477157 0.513333 0.020305 0.066667
3 0.477157 0.633333 0.010152 0.066667
3 0.548223 0.273333 0.010152 0.066667
3 0.548223 0.153333 0.010152 0.066667
3 0.548223 0.393333 0.010152 0.066667
7 0.619289 0.153333 0.010152 0.066667
15 0.619289 0.273333 0.020305 0.066667
3 0.619289 0.393333 0.010152 0.066667
0 0.619289 0.633333 0.010152 0.066667
3 0.690355 0.633333 0.010152 0.066667
3 0.761421 0.513333 0.010152 0.066667
7 0.832487 0.753333 0.010152 0.066667
2 0.832487 0.513333 0.010152 0.066667
3 0.832487 0.393333 0.010152 0.066667
4 0.832487 0.153333 0.010152 0.066667
4 0.903553 0.153333 0.010152 0.066667
2 0.903553 0.753333 0.010152 0.066667
7 0.903553 0.513333 0.010152 0.066667