9 0.138090 0.513333 0.009206 0.066667
11 0.138090 0.393333 0.018412 0.066667
5 0.138090 0.633333 0.009206 0.066667
4 0.231300 0.633333 0.009206 0.066667
3 0.231300 0.273333 0.009206 0.066667
18 0.231300 0.153333 0.018412 0.066667
2 0.324511 0.273333 0.009206 0.066667
5 0.324511 0.513333 0.009206 0.066667
23 0.417722 0.273333 0.018412 0.066667
0 0.417722 0.753333 0.009206 0.066667
0 0.417722 0.393333 0.009206 0.066667
4 0.417722 0.633333 0.009206 0.066667
0 0.510932 0.153333 0.009206 0.066667
11 0.510932 0.273333 0.018412 0.066667
1 0.510932 0.753333 0.009206 0.066667
21 0.510932 0.513333 0.018412 0.066667
18 0.604143 0.753333 0.018412 0.066667
1 0.604143 0.393333 0.009206 0.066667
9 0.697353 0.393333 0.009206 0.066667
9 0.790564 0.393333 0.009206 0.066667
2 0.790564 0.753333 0.009206 0.066667
12 0.883774 0.393333 0.018412 0.066667
11 0.883774 0.633333 0.018412 0.066667