21 0.129333 0.153333 0.021333 0.066667
24 0.129333 0.753333 0.021333 0.066667
17 0.206667 0.273333 0.021333 0.066667
15 0.282667 0.513333 0.021333 0.066667
8 0.282667 0.153333 0.010667 0.066667
11 0.282667 0.393333 0.021333 0.066667
8 0.360000 0.513333 0.010667 0.066667
13 0.360000 0.633333 0.021333 0.066667
10 0.360000 0.153333 0.021333 0.066667
0 0.436000 0.393333 0.010667 0.066667
9 0.436000 0.753333 0.010667 0.066667
8 0.436000 0.153333 0.010667 0.066667
2 0.513333 0.633333 0.010667 0.066667
7 0.513333 0.513333 0.010667 0.066667
11 0.589333 0.633333 0.021333 0.066667
28 0.589333 0.393333 0.042667 0.066667
10 0.666667 0.273333 0.021333 0.066667
1 0.666667 0.153333 0.010667 0.066667
9 0.742667 0.633333 0.010667 0.066667
5 0.742667 0.273333 0.010667 0.066667
1 0.742667 0.393333 0.010667 0.066667
0 0.820000 0.153333 0.010667 0.066667
0 0.820000 0.513333 0.010667 0.066667
8 0.896000 0.633333 0.010667 0.066667
14 0.896000 0.273333 0.021333 0.066667
0 0.896000 0.393333 0.010667 0.066667