11 0.136414 0.633333 0.017602 0.066667
18 0.229923 0.633333 0.017602 0.066667
5 0.229923 0.273333 0.008801 0.066667
5 0.323432 0.153333 0.008801 0.066667
19 0.323432 0.633333 0.017602 0.066667
3 0.323432 0.753333 0.008801 0.066667
1 0.416942 0.393333 0.008801 0.066667
11 0.416942 0.153333 0.017602 0.066667
13 0.416942 0.513333 0.017602 0.066667
20 0.510451 0.633333 0.017602 0.066667
2 0.510451 0.153333 0.008801 0.066667
0 0.510451 0.393333 0.008801 0.066667
2 0.603960 0.633333 0.008801 0.066667
3 0.603960 0.273333 0.008801 0.066667
0 0.603960 0.153333 0.008801 0.066667
3 0.697470 0.153333 0.008801 0.066667
4 0.697470 0.513333 0.008801 0.066667
0 0.697470 0.273333 0.008801 0.066667
5 0.790979 0.513333 0.008801 0.066667
2 0.884488 0.513333 0.008801 0.066667
28 0.884488 0.633333 0.035204 0.066667