0 0.121212 0.393333 0.010101 0.066667
7 0.191919 0.753333 0.010101 0.066667
5 0.191919 0.513333 0.010101 0.066667
3 0.262626 0.753333 0.010101 0.066667
9 0.262626 0.273333 0.010101 0.066667
1 0.334596 0.513333 0.010101 0.066667
22 0.334596 0.633333 0.020202 0.066667
14 0.334596 0.273333 0.020202 0.066667
0 0.334596 0.153333 0.010101 0.066667
3 0.405303 0.153333 0.010101 0.066667
4 0.476010 0.273333 0.010101 0.066667
4 0.476010 0.513333 0.010101 0.066667
18 0.476010 0.633333 0.020202 0.066667
0 0.547980 0.513333 0.010101 0.066667
13 0.547980 0.153333 0.020202 0.066667
1 0.618687 0.633333 0.010101 0.066667
5 0.618687 0.753333 0.010101 0.066667
12 0.618687 0.393333 0.020202 0.066667
6 0.689394 0.273333 0.010101 0.066667
1 0.689394 0.633333 0.010101 0.066667
11 0.689394 0.513333 0.020202 0.066667
14 0.689394 0.393333 0.020202 0.066667
2 0.761364 0.513333 0.010101 0.066667
12 0.761364 0.633333 0.020202 0.066667
14 0.761364 0.153333 0.020202 0.066667
14 0.761364 0.393333 0.020202 0.066667
10 0.832071 0.153333 0.020202 0.066667
14 0.832071 0.273333 0.020202 0.066667
4 0.832071 0.633333 0.010101 0.066667
6 0.832071 0.393333 0.010101 0.066667
27 0.903409 0.753333 0.008838 0.053333
11 0.902778 0.513333 0.020202 0.066667
2 0.902778 0.153333 0.010101 0.066667