2 0.152516 0.633333 0.012579 0.066667
0 0.152516 0.513333 0.012579 0.066667
6 0.243711 0.393333 0.012579 0.066667
6 0.243711 0.513333 0.012579 0.066667
10 0.243711 0.753333 0.025157 0.066667
1 0.333333 0.153333 0.012579 0.066667
6 0.424528 0.513333 0.012579 0.066667
3 0.424528 0.753333 0.012579 0.066667
3 0.424528 0.393333 0.012579 0.066667
0 0.515723 0.633333 0.012579 0.066667
20 0.605346 0.633333 0.025157 0.066667
5 0.605346 0.273333 0.012579 0.066667
21 0.696541 0.633333 0.025157 0.066667
0 0.696541 0.753333 0.012579 0.066667
1 0.786164 0.753333 0.012579 0.066667
14 0.786164 0.393333 0.025157 0.066667
8 0.877358 0.153333 0.012579 0.066667
1 0.877358 0.633333 0.012579 0.066667