8 0.118998 0.393333 0.008351 0.066667
11 0.118998 0.153333 0.016701 0.066667
23 0.197286 0.153333 0.016701 0.066667
8 0.197286 0.753333 0.008351 0.066667
5 0.197286 0.273333 0.008351 0.066667
4 0.197286 0.633333 0.008351 0.066667
0 0.275574 0.393333 0.008351 0.066667
6 0.353862 0.633333 0.008351 0.066667
3 0.353862 0.513333 0.008351 0.066667
10 0.432150 0.513333 0.016701 0.066667
6 0.432150 0.273333 0.008351 0.066667
13 0.510438 0.633333 0.016701 0.066667
0 0.587683 0.153333 0.008351 0.066667
3 0.587683 0.393333 0.008351 0.066667
28 0.665971 0.153333 0.025052 0.066667
6 0.665971 0.633333 0.008351 0.066667
12 0.665971 0.753333 0.016701 0.066667
7 0.744259 0.513333 0.008351 0.066667
1 0.744259 0.273333 0.008351 0.066667
4 0.822547 0.393333 0.008351 0.066667
1 0.822547 0.273333 0.008351 0.066667
7 0.822547 0.153333 0.008351 0.066667
9 0.900835 0.393333 0.008351 0.066667