7 0.112920 0.633333 0.008138 0.066667
6 0.112920 0.273333 0.008138 0.066667
1 0.185148 0.513333 0.008138 0.066667
0 0.185148 0.393333 0.008138 0.066667
0 0.185148 0.273333 0.008138 0.066667
3 0.257375 0.753333 0.008138 0.066667
4 0.257375 0.513333 0.008138 0.066667
0 0.257375 0.633333 0.008138 0.066667
1 0.329603 0.753333 0.008138 0.066667
12 0.401831 0.753333 0.016277 0.066667
0 0.401831 0.633333 0.008138 0.066667
4 0.474059 0.513333 0.008138 0.066667
0 0.546287 0.273333 0.008138 0.066667
6 0.618515 0.753333 0.008138 0.066667
0 0.618515 0.513333 0.008138 0.066667
12 0.690743 0.153333 0.016277 0.066667
4 0.762970 0.753333 0.008138 0.066667
2 0.835198 0.153333 0.008138 0.066667
9 0.835198 0.513333 0.008138 0.066667
2 0.835198 0.633333 0.008138 0.066667
27 0.906918 0.513333 0.007121 0.053333