1 0.132208 0.393333 0.011252 0.066667
7 0.132208 0.153333 0.011252 0.066667
8 0.132208 0.273333 0.011252 0.066667
1 0.208158 0.513333 0.011252 0.066667
3 0.284107 0.273333 0.011252 0.066667
2 0.284107 0.153333 0.011252 0.066667
18 0.361463 0.513333 0.022504 0.066667
2 0.361463 0.273333 0.011252 0.066667
12 0.361463 0.753333 0.022504 0.066667
0 0.437412 0.273333 0.011252 0.066667
6 0.437412 0.513333 0.011252 0.066667
23 0.513361 0.753333 0.022504 0.066667
27 0.514065 0.273333 0.009845 0.053333
0 0.589311 0.513333 0.011252 0.066667
1 0.589311 0.153333 0.011252 0.066667
27 0.665963 0.753333 0.009845 0.053333
11 0.666667 0.513333 0.022504 0.066667
16 0.666667 0.273333 0.022504 0.066667
7 0.742616 0.393333 0.011252 0.066667
0 0.818565 0.393333 0.011252 0.066667
20 0.818565 0.633333 0.022504 0.066667
11 0.894515 0.633333 0.022504 0.066667
27 0.895218 0.273333 0.009845 0.053333