3 0.137224 0.273333 0.012618 0.066667
14 0.212934 0.153333 0.025237 0.066667
20 0.212934 0.753333 0.025237 0.066667
1 0.288644 0.393333 0.012618 0.066667
12 0.288644 0.633333 0.025237 0.066667
19 0.288644 0.153333 0.025237 0.066667
1 0.288644 0.753333 0.012618 0.066667
3 0.364353 0.153333 0.012618 0.066667
24 0.364353 0.273333 0.025237 0.066667
4 0.364353 0.753333 0.012618 0.066667
10 0.440063 0.393333 0.025237 0.066667
13 0.440063 0.513333 0.025237 0.066667
28 0.440063 0.153333 0.050473 0.066667
4 0.515773 0.513333 0.012618 0.066667
0 0.589905 0.273333 0.012618 0.066667
16 0.589905 0.753333 0.025237 0.066667
3 0.665615 0.153333 0.012618 0.066667
3 0.665615 0.513333 0.012618 0.066667
2 0.741325 0.153333 0.012618 0.066667
11 0.741325 0.393333 0.025237 0.066667
20 0.817035 0.153333 0.025237 0.066667
10 0.892744 0.393333 0.025237 0.066667
3 0.892744 0.513333 0.012618 0.066667