23 0.151515 0.393333 0.024242 0.066667
10 0.151515 0.513333 0.024242 0.066667
3 0.242424 0.393333 0.012121 0.066667
2 0.242424 0.633333 0.012121 0.066667
7 0.242424 0.753333 0.012121 0.066667
2 0.242424 0.513333 0.012121 0.066667
1 0.333333 0.273333 0.012121 0.066667
14 0.333333 0.153333 0.024242 0.066667
3 0.333333 0.513333 0.012121 0.066667
2 0.424242 0.153333 0.012121 0.066667
4 0.424242 0.393333 0.012121 0.066667
1 0.515152 0.393333 0.012121 0.066667
1 0.515152 0.273333 0.012121 0.066667
6 0.606061 0.393333 0.012121 0.066667
3 0.696970 0.273333 0.012121 0.066667
11 0.696970 0.153333 0.024242 0.066667
2 0.787879 0.633333 0.012121 0.066667
17 0.878788 0.153333 0.024242 0.066667