2 0.115092 0.273333 0.008686 0.066667
1 0.115092 0.393333 0.008686 0.066667
7 0.186754 0.513333 0.008686 0.066667
3 0.258415 0.633333 0.008686 0.066667
10 0.258415 0.513333 0.017372 0.066667
0 0.330076 0.513333 0.008686 0.066667
1 0.330076 0.393333 0.008686 0.066667
22 0.402823 0.153333 0.017372 0.066667
19 0.474484 0.153333 0.017372 0.066667
3 0.474484 0.393333 0.008686 0.066667
6 0.474484 0.753333 0.008686 0.066667
7 0.546145 0.273333 0.008686 0.066667
11 0.617807 0.753333 0.017372 0.066667
5 0.690554 0.753333 0.008686 0.066667
0 0.762215 0.273333 0.008686 0.066667
8 0.762215 0.513333 0.008686 0.066667
3 0.833876 0.633333 0.008686 0.066667
4 0.833876 0.753333 0.008686 0.066667
27 0.834419 0.153333 0.007600 0.053333
3 0.905537 0.153333 0.008686 0.066667
21 0.905537 0.513333 0.017372 0.066667
27 0.906080 0.393333 0.007600 0.053333