8 0.176535 0.393333 0.008772 0.066667
6 0.176535 0.513333 0.008772 0.066667
2 0.310307 0.273333 0.008772 0.066667
9 0.444079 0.393333 0.008772 0.066667
1 0.444079 0.753333 0.008772 0.066667
12 0.576754 0.633333 0.017544 0.066667
4 0.576754 0.753333 0.008772 0.066667
4 0.710526 0.753333 0.008772 0.066667
4 0.710526 0.513333 0.008772 0.066667
3 0.710526 0.633333 0.008772 0.066667
5 0.844298 0.393333 0.008772 0.066667
7 0.844298 0.753333 0.008772 0.066667
3 0.844298 0.273333 0.008772 0.066667
3 0.844298 0.633333 0.008772 0.066667