0 0.133838 0.753333 0.010101 0.066667
0 0.133838 0.153333 0.010101 0.066667
9 0.218434 0.273333 0.010101 0.066667
6 0.301768 0.753333 0.010101 0.066667
11 0.301768 0.273333 0.020202 0.066667
0 0.386364 0.153333 0.010101 0.066667
9 0.386364 0.513333 0.010101 0.066667
3 0.386364 0.393333 0.010101 0.066667
9 0.386364 0.753333 0.010101 0.066667
18 0.469697 0.273333 0.020202 0.066667
28 0.469697 0.753333 0.030303 0.066667
0 0.554293 0.393333 0.010101 0.066667
4 0.637626 0.393333 0.010101 0.066667
10 0.637626 0.633333 0.020202 0.066667
5 0.722222 0.153333 0.010101 0.066667
9 0.722222 0.513333 0.010101 0.066667
5 0.722222 0.393333 0.010101 0.066667
1 0.722222 0.753333 0.010101 0.066667
4 0.805556 0.153333 0.010101 0.066667
0 0.805556 0.393333 0.010101 0.066667
21 0.805556 0.633333 0.020202 0.066667
4 0.890152 0.393333 0.010101 0.066667
0 0.890152 0.633333 0.010101 0.066667