0 0.125773 0.393333 0.008247 0.066667
1 0.211340 0.273333 0.008247 0.066667
24 0.211340 0.393333 0.016495 0.066667
0 0.211340 0.753333 0.008247 0.066667
1 0.211340 0.153333 0.008247 0.066667
13 0.296907 0.273333 0.016495 0.066667
3 0.381443 0.273333 0.008247 0.066667
27 0.381959 0.393333 0.007216 0.053333
5 0.467010 0.273333 0.008247 0.066667
1 0.467010 0.153333 0.008247 0.066667
1 0.467010 0.633333 0.008247 0.066667
3 0.552577 0.153333 0.008247 0.066667
0 0.552577 0.273333 0.008247 0.066667
6 0.552577 0.513333 0.008247 0.066667
12 0.638144 0.513333 0.016495 0.066667
6 0.638144 0.393333 0.008247 0.066667
2 0.722680 0.273333 0.008247 0.066667
1 0.722680 0.393333 0.008247 0.066667
24 0.722680 0.753333 0.016495 0.066667
5 0.808247 0.633333 0.008247 0.066667
23 0.808247 0.753333 0.016495 0.066667
0 0.893814 0.393333 0.008247 0.066667
27 0.893299 0.273333 0.007216 0.053333