12 0.118679 0.753333 0.016512 0.066667
4 0.118679 0.633333 0.008256 0.066667
6 0.197110 0.153333 0.008256 0.066667
28 0.197110 0.513333 0.024768 0.066667
20 0.197110 0.633333 0.016512 0.066667
23 0.275542 0.273333 0.016512 0.066667
0 0.353973 0.153333 0.008256 0.066667
11 0.353973 0.633333 0.016512 0.066667
8 0.431373 0.393333 0.008256 0.066667
0 0.509804 0.273333 0.008256 0.066667
24 0.509804 0.753333 0.016512 0.066667
0 0.509804 0.393333 0.008256 0.066667
7 0.588235 0.153333 0.008256 0.066667
21 0.588235 0.393333 0.016512 0.066667
7 0.666667 0.393333 0.008256 0.066667
2 0.666667 0.633333 0.008256 0.066667
2 0.744066 0.753333 0.008256 0.066667
24 0.744066 0.393333 0.016512 0.066667
23 0.822497 0.513333 0.016512 0.066667
2 0.822497 0.753333 0.008256 0.066667
0 0.822497 0.273333 0.008256 0.066667
6 0.900929 0.393333 0.008256 0.066667
22 0.900929 0.633333 0.016512 0.066667