1 0.128540 0.393333 0.008715 0.066667
2 0.128540 0.513333 0.008715 0.066667
0 0.213508 0.753333 0.008715 0.066667
27 0.297930 0.153333 0.007625 0.053333
1 0.298475 0.513333 0.008715 0.066667
22 0.298475 0.273333 0.017429 0.066667
15 0.298475 0.393333 0.017429 0.066667
0 0.383442 0.153333 0.008715 0.066667
15 0.383442 0.273333 0.017429 0.066667
2 0.468410 0.753333 0.008715 0.066667
21 0.468410 0.273333 0.017429 0.066667
0 0.468410 0.513333 0.008715 0.066667
0 0.468410 0.153333 0.008715 0.066667
0 0.553377 0.753333 0.008715 0.066667
8 0.553377 0.273333 0.008715 0.066667
13 0.638344 0.633333 0.017429 0.066667
21 0.638344 0.753333 0.017429 0.066667
3 0.723312 0.273333 0.008715 0.066667
0 0.723312 0.753333 0.008715 0.066667
0 0.723312 0.153333 0.008715 0.066667
0 0.808279 0.513333 0.008715 0.066667
1 0.893246 0.393333 0.008715 0.066667
4 0.893246 0.273333 0.008715 0.066667