2 0.128778 0.513333 0.010512 0.066667
11 0.128778 0.273333 0.021025 0.066667
1 0.128778 0.753333 0.010512 0.066667
2 0.128778 0.153333 0.010512 0.066667
1 0.204993 0.393333 0.010512 0.066667
3 0.204993 0.513333 0.010512 0.066667
10 0.204993 0.633333 0.021025 0.066667
1 0.282523 0.393333 0.010512 0.066667
19 0.282523 0.753333 0.021025 0.066667
18 0.282523 0.513333 0.021025 0.066667
0 0.282523 0.633333 0.010512 0.066667
6 0.358739 0.153333 0.010512 0.066667
3 0.358739 0.753333 0.010512 0.066667
1 0.358739 0.633333 0.010512 0.066667
11 0.436268 0.393333 0.021025 0.066667
0 0.436268 0.273333 0.010512 0.066667
3 0.512484 0.513333 0.010512 0.066667
14 0.588699 0.513333 0.021025 0.066667
5 0.666229 0.393333 0.010512 0.066667
2 0.666229 0.753333 0.010512 0.066667
6 0.666229 0.513333 0.010512 0.066667
6 0.742444 0.153333 0.010512 0.066667
6 0.819974 0.153333 0.010512 0.066667
5 0.819974 0.273333 0.010512 0.066667
1 0.896189 0.633333 0.010512 0.066667