7 0.129320 0.753333 0.008919 0.066667
21 0.129320 0.393333 0.017837 0.066667
3 0.129320 0.513333 0.008919 0.066667
4 0.129320 0.153333 0.008919 0.066667
0 0.214047 0.393333 0.008919 0.066667
6 0.298774 0.153333 0.008919 0.066667
9 0.298774 0.393333 0.008919 0.066667
3 0.298774 0.753333 0.008919 0.066667
28 0.298774 0.513333 0.026756 0.066667
3 0.383501 0.633333 0.008919 0.066667
4 0.383501 0.393333 0.008919 0.066667
11 0.383501 0.513333 0.017837 0.066667
0 0.468227 0.513333 0.008919 0.066667
8 0.468227 0.753333 0.008919 0.066667
12 0.552954 0.273333 0.017837 0.066667
5 0.552954 0.633333 0.008919 0.066667
11 0.552954 0.513333 0.017837 0.066667
9 0.637681 0.633333 0.008919 0.066667
3 0.637681 0.393333 0.008919 0.066667
10 0.637681 0.153333 0.017837 0.066667
6 0.722408 0.633333 0.008919 0.066667
23 0.722408 0.273333 0.017837 0.066667
18 0.722408 0.513333 0.017837 0.066667
20 0.807135 0.633333 0.017837 0.066667
0 0.807135 0.513333 0.008919 0.066667
14 0.891862 0.633333 0.017837 0.066667