6 0.114754 0.393333 0.008743 0.066667
11 0.114754 0.273333 0.017486 0.066667
9 0.186885 0.273333 0.008743 0.066667
3 0.259016 0.393333 0.008743 0.066667
3 0.259016 0.633333 0.008743 0.066667
6 0.259016 0.513333 0.008743 0.066667
3 0.331148 0.633333 0.008743 0.066667
13 0.331148 0.513333 0.017486 0.066667
2 0.331148 0.153333 0.008743 0.066667
3 0.331148 0.393333 0.008743 0.066667
3 0.402186 0.513333 0.008743 0.066667
4 0.474317 0.393333 0.008743 0.066667
2 0.474317 0.753333 0.008743 0.066667
10 0.474317 0.513333 0.017486 0.066667
18 0.474317 0.273333 0.017486 0.066667
11 0.546448 0.513333 0.017486 0.066667
24 0.618579 0.153333 0.017486 0.066667
4 0.618579 0.513333 0.008743 0.066667
1 0.689617 0.513333 0.008743 0.066667
8 0.689617 0.753333 0.008743 0.066667
5 0.689617 0.393333 0.008743 0.066667
3 0.689617 0.153333 0.008743 0.066667
14 0.761749 0.633333 0.017486 0.066667
1 0.833880 0.393333 0.008743 0.066667
13 0.833880 0.633333 0.017486 0.066667
4 0.906011 0.753333 0.008743 0.066667