6 0.163724 0.633333 0.012841 0.066667
28 0.264848 0.513333 0.038523 0.066667
10 0.264848 0.393333 0.025682 0.066667
0 0.264848 0.633333 0.012841 0.066667
1 0.364366 0.753333 0.012841 0.066667
27 0.365169 0.273333 0.011236 0.053333
27 0.365169 0.153333 0.011236 0.053333
24 0.465490 0.633333 0.025682 0.066667
19 0.465490 0.273333 0.025682 0.066667
3 0.565008 0.513333 0.012841 0.066667
5 0.666132 0.393333 0.012841 0.066667
6 0.765650 0.513333 0.012841 0.066667
4 0.765650 0.153333 0.012841 0.066667
13 0.866774 0.153333 0.025682 0.066667
11 0.866774 0.393333 0.025682 0.066667