2 0.165597 0.513333 0.010270 0.066667
17 0.281130 0.273333 0.020539 0.066667
19 0.396662 0.273333 0.020539 0.066667
2 0.396662 0.513333 0.010270 0.066667
8 0.512195 0.393333 0.010270 0.066667
3 0.512195 0.153333 0.010270 0.066667
4 0.627728 0.753333 0.010270 0.066667
1 0.743261 0.273333 0.010270 0.066667
12 0.743261 0.633333 0.020539 0.066667
24 0.743261 0.513333 0.020539 0.066667
11 0.858793 0.273333 0.020539 0.066667
2 0.858793 0.753333 0.010270 0.066667
0 0.858793 0.513333 0.010270 0.066667
4 0.858793 0.633333 0.010270 0.066667