7 0.127409 0.273333 0.008565 0.066667
13 0.127409 0.753333 0.017131 0.066667
3 0.211991 0.153333 0.008565 0.066667
2 0.211991 0.273333 0.008565 0.066667
5 0.297645 0.393333 0.008565 0.066667
19 0.382227 0.393333 0.017131 0.066667
4 0.382227 0.153333 0.008565 0.066667
4 0.382227 0.753333 0.008565 0.066667
0 0.382227 0.273333 0.008565 0.066667
6 0.467880 0.513333 0.008565 0.066667
2 0.467880 0.153333 0.008565 0.066667
20 0.467880 0.393333 0.017131 0.066667
0 0.467880 0.633333 0.008565 0.066667
4 0.552463 0.753333 0.008565 0.066667
3 0.552463 0.393333 0.008565 0.066667
0 0.638116 0.753333 0.008565 0.066667
22 0.722698 0.633333 0.017131 0.066667
0 0.722698 0.273333 0.008565 0.066667
5 0.808351 0.753333 0.008565 0.066667
4 0.892934 0.153333 0.008565 0.066667
1 0.892934 0.273333 0.008565 0.066667