19 0.133929 0.513333 0.020408 0.066667
20 0.218112 0.153333 0.020408 0.066667
9 0.302296 0.153333 0.010204 0.066667
13 0.302296 0.753333 0.020408 0.066667
15 0.302296 0.393333 0.020408 0.066667
7 0.302296 0.513333 0.010204 0.066667
0 0.386480 0.633333 0.010204 0.066667
22 0.386480 0.153333 0.020408 0.066667
6 0.386480 0.753333 0.010204 0.066667
1 0.470663 0.273333 0.010204 0.066667
15 0.470663 0.153333 0.020408 0.066667
0 0.553571 0.633333 0.010204 0.066667
0 0.637755 0.753333 0.010204 0.066667
24 0.721939 0.633333 0.020408 0.066667
8 0.721939 0.153333 0.010204 0.066667
18 0.721939 0.393333 0.020408 0.066667
8 0.806122 0.153333 0.010204 0.066667
4 0.890306 0.273333 0.010204 0.066667