3 0.150920 0.273333 0.009816 0.066667
4 0.150920 0.153333 0.009816 0.066667
0 0.253988 0.153333 0.009816 0.066667
13 0.253988 0.273333 0.019632 0.066667
8 0.253988 0.513333 0.009816 0.066667
19 0.357055 0.153333 0.019632 0.066667
0 0.357055 0.393333 0.009816 0.066667
2 0.357055 0.513333 0.009816 0.066667
1 0.460123 0.513333 0.009816 0.066667
11 0.563190 0.393333 0.019632 0.066667
15 0.563190 0.753333 0.019632 0.066667
4 0.563190 0.153333 0.009816 0.066667
24 0.666258 0.633333 0.019632 0.066667
8 0.666258 0.153333 0.009816 0.066667
13 0.666258 0.513333 0.019632 0.066667
0 0.666258 0.393333 0.009816 0.066667
7 0.769325 0.273333 0.009816 0.066667
1 0.769325 0.753333 0.009816 0.066667
9 0.872393 0.393333 0.009816 0.066667
8 0.872393 0.633333 0.009816 0.066667
3 0.872393 0.153333 0.009816 0.066667