7 0.157303 0.393333 0.008172 0.066667
27 0.157814 0.513333 0.007150 0.053333
11 0.274770 0.633333 0.016343 0.066667
2 0.392237 0.513333 0.008172 0.066667
1 0.509704 0.393333 0.008172 0.066667
9 0.509704 0.273333 0.008172 0.066667
2 0.509704 0.153333 0.008172 0.066667
0 0.627171 0.633333 0.008172 0.066667
28 0.627171 0.273333 0.024515 0.066667
28 0.627171 0.513333 0.032686 0.066667
0 0.744637 0.273333 0.008172 0.066667
2 0.744637 0.633333 0.008172 0.066667
2 0.862104 0.633333 0.008172 0.066667
12 0.862104 0.753333 0.016343 0.066667
23 0.862104 0.273333 0.016343 0.066667