4 0.163724 0.513333 0.012841 0.066667
14 0.264848 0.393333 0.025682 0.066667
4 0.364366 0.273333 0.012841 0.066667
4 0.465490 0.753333 0.012841 0.066667
24 0.465490 0.273333 0.025682 0.066667
10 0.565008 0.393333 0.025682 0.066667
19 0.565008 0.753333 0.025682 0.066667
6 0.565008 0.273333 0.012841 0.066667
20 0.666132 0.753333 0.025682 0.066667
5 0.765650 0.753333 0.012841 0.066667
4 0.765650 0.273333 0.012841 0.066667
6 0.866774 0.513333 0.012841 0.066667
5 0.866774 0.153333 0.012841 0.066667
0 0.866774 0.273333 0.012841 0.066667