28 0.133527 0.393333 0.046444 0.066667
28 0.208999 0.633333 0.046444 0.066667
0 0.208999 0.393333 0.011611 0.066667
5 0.285922 0.753333 0.011611 0.066667
9 0.285922 0.393333 0.011611 0.066667
3 0.361393 0.513333 0.011611 0.066667
10 0.361393 0.153333 0.023222 0.066667
0 0.438316 0.153333 0.011611 0.066667
0 0.513788 0.633333 0.011611 0.066667
4 0.589260 0.393333 0.011611 0.066667
0 0.589260 0.753333 0.011611 0.066667
13 0.666183 0.633333 0.023222 0.066667
3 0.666183 0.753333 0.011611 0.066667
21 0.741655 0.513333 0.023222 0.066667
13 0.741655 0.273333 0.023222 0.066667
0 0.818578 0.513333 0.011611 0.066667
7 0.894049 0.513333 0.011611 0.066667
4 0.894049 0.393333 0.011611 0.066667