10 0.134283 0.153333 0.016277 0.066667
22 0.134283 0.753333 0.016277 0.066667
5 0.134283 0.513333 0.008138 0.066667
2 0.227874 0.393333 0.008138 0.066667
5 0.321465 0.273333 0.008138 0.066667
5 0.416073 0.393333 0.008138 0.066667
12 0.416073 0.513333 0.016277 0.066667
4 0.416073 0.753333 0.008138 0.066667
17 0.509664 0.393333 0.016277 0.066667
3 0.509664 0.633333 0.008138 0.066667
7 0.509664 0.273333 0.008138 0.066667
21 0.509664 0.153333 0.016277 0.066667
22 0.603255 0.753333 0.016277 0.066667
3 0.603255 0.513333 0.008138 0.066667
4 0.697864 0.273333 0.008138 0.066667
8 0.697864 0.753333 0.008138 0.066667
0 0.791455 0.633333 0.008138 0.066667
7 0.791455 0.273333 0.008138 0.066667
7 0.885046 0.633333 0.008138 0.066667
5 0.885046 0.153333 0.008138 0.066667
10 0.885046 0.393333 0.016277 0.066667