27 0.175868 0.633333 0.011041 0.053333
13 0.175079 0.393333 0.025237 0.066667
10 0.175079 0.153333 0.025237 0.066667
0 0.288644 0.273333 0.012618 0.066667
4 0.288644 0.633333 0.012618 0.066667
0 0.288644 0.513333 0.012618 0.066667
6 0.402208 0.153333 0.012618 0.066667
6 0.515773 0.153333 0.012618 0.066667
9 0.515773 0.393333 0.012618 0.066667
16 0.627760 0.753333 0.025237 0.066667
1 0.627760 0.273333 0.012618 0.066667
5 0.741325 0.753333 0.012618 0.066667
5 0.741325 0.153333 0.012618 0.066667
28 0.854890 0.273333 0.050473 0.066667
4 0.854890 0.753333 0.012618 0.066667
3 0.854890 0.513333 0.012618 0.066667