3 0.119077 0.513333 0.009721 0.066667
28 0.119077 0.633333 0.029162 0.066667
0 0.119077 0.393333 0.009721 0.066667
0 0.190765 0.273333 0.009721 0.066667
0 0.262454 0.153333 0.009721 0.066667
23 0.332928 0.273333 0.019441 0.066667
1 0.332928 0.633333 0.009721 0.066667
0 0.332928 0.753333 0.009721 0.066667
11 0.332928 0.153333 0.019441 0.066667
7 0.404617 0.753333 0.009721 0.066667
4 0.476306 0.753333 0.009721 0.066667
0 0.546780 0.393333 0.009721 0.066667
21 0.546780 0.513333 0.019441 0.066667
8 0.546780 0.753333 0.009721 0.066667
2 0.618469 0.513333 0.009721 0.066667
3 0.690158 0.393333 0.009721 0.066667
12 0.690158 0.633333 0.019441 0.066667
0 0.690158 0.153333 0.009721 0.066667
5 0.690158 0.513333 0.009721 0.066667
22 0.760632 0.513333 0.019441 0.066667
0 0.760632 0.633333 0.009721 0.066667
3 0.832321 0.753333 0.009721 0.066667
3 0.832321 0.393333 0.009721 0.066667
23 0.832321 0.513333 0.019441 0.066667
1 0.904010 0.393333 0.009721 0.066667
4 0.904010 0.153333 0.009721 0.066667