1 0.126241 0.633333 0.011348 0.066667
8 0.126241 0.513333 0.011348 0.066667
7 0.126241 0.153333 0.011348 0.066667
0 0.197163 0.153333 0.011348 0.066667
0 0.197163 0.393333 0.011348 0.066667
9 0.197163 0.513333 0.011348 0.066667
0 0.266667 0.273333 0.011348 0.066667
2 0.337589 0.633333 0.011348 0.066667
6 0.337589 0.273333 0.011348 0.066667
2 0.337589 0.513333 0.011348 0.066667
11 0.408511 0.393333 0.022695 0.066667
1 0.408511 0.273333 0.011348 0.066667
4 0.408511 0.753333 0.011348 0.066667
2 0.478014 0.153333 0.011348 0.066667
2 0.478014 0.633333 0.011348 0.066667
2 0.548936 0.153333 0.011348 0.066667
10 0.548936 0.753333 0.022695 0.066667
20 0.548936 0.393333 0.022695 0.066667
10 0.618440 0.513333 0.022695 0.066667
13 0.689362 0.753333 0.022695 0.066667
10 0.760284 0.273333 0.022695 0.066667
9 0.829787 0.513333 0.011348 0.066667
0 0.829787 0.633333 0.011348 0.066667
10 0.900709 0.513333 0.022695 0.066667
8 0.900709 0.393333 0.011348 0.066667