0 0.145094 0.273333 0.008351 0.066667
11 0.145094 0.753333 0.016701 0.066667
5 0.145094 0.393333 0.008351 0.066667
2 0.249478 0.753333 0.008351 0.066667
6 0.249478 0.393333 0.008351 0.066667
12 0.353862 0.273333 0.016701 0.066667
5 0.353862 0.153333 0.008351 0.066667
1 0.458246 0.753333 0.008351 0.066667
2 0.458246 0.513333 0.008351 0.066667
28 0.458246 0.153333 0.025052 0.066667
3 0.561587 0.513333 0.008351 0.066667
27 0.562109 0.153333 0.007307 0.053333
9 0.561587 0.753333 0.008351 0.066667
0 0.561587 0.633333 0.008351 0.066667
3 0.665971 0.393333 0.008351 0.066667
7 0.665971 0.513333 0.008351 0.066667
2 0.770355 0.153333 0.008351 0.066667
2 0.874739 0.513333 0.008351 0.066667
6 0.874739 0.153333 0.008351 0.066667