4 0.126984 0.753333 0.008466 0.066667
3 0.126984 0.513333 0.008466 0.066667
5 0.126984 0.393333 0.008466 0.066667
28 0.211640 0.273333 0.033862 0.066667
1 0.211640 0.393333 0.008466 0.066667
12 0.297354 0.633333 0.016931 0.066667
0 0.297354 0.153333 0.008466 0.066667
2 0.297354 0.513333 0.008466 0.066667
8 0.382011 0.633333 0.008466 0.066667
2 0.467725 0.633333 0.008466 0.066667
13 0.552381 0.513333 0.016931 0.066667
2 0.552381 0.633333 0.008466 0.066667
0 0.552381 0.273333 0.008466 0.066667
9 0.552381 0.153333 0.008466 0.066667
7 0.638095 0.273333 0.008466 0.066667
24 0.638095 0.753333 0.016931 0.066667
15 0.722751 0.513333 0.016931 0.066667
0 0.722751 0.273333 0.008466 0.066667
4 0.722751 0.393333 0.008466 0.066667
1 0.722751 0.153333 0.008466 0.066667
8 0.808466 0.393333 0.008466 0.066667
0 0.808466 0.753333 0.008466 0.066667
1 0.893122 0.153333 0.008466 0.066667
9 0.893122 0.633333 0.008466 0.066667