2 0.143293 0.633333 0.012195 0.066667
1 0.143293 0.153333 0.012195 0.066667
9 0.225610 0.273333 0.012195 0.066667
15 0.225610 0.633333 0.024390 0.066667
8 0.225610 0.513333 0.012195 0.066667
2 0.307927 0.513333 0.012195 0.066667
24 0.307927 0.753333 0.024390 0.066667
10 0.390244 0.513333 0.024390 0.066667
7 0.390244 0.753333 0.012195 0.066667
1 0.472561 0.393333 0.012195 0.066667
10 0.556402 0.753333 0.024390 0.066667
24 0.556402 0.393333 0.024390 0.066667
8 0.638720 0.153333 0.012195 0.066667
5 0.638720 0.393333 0.012195 0.066667
0 0.721037 0.273333 0.012195 0.066667
7 0.721037 0.153333 0.012195 0.066667
3 0.721037 0.393333 0.012195 0.066667
7 0.721037 0.633333 0.012195 0.066667
1 0.803354 0.153333 0.012195 0.066667
28 0.885671 0.513333 0.036585 0.066667
20 0.885671 0.633333 0.024390 0.066667
0 0.885671 0.273333 0.012195 0.066667