1 0.146211 0.513333 0.008538 0.066667
9 0.146211 0.273333 0.008538 0.066667
5 0.249733 0.393333 0.008538 0.066667
5 0.354322 0.513333 0.008538 0.066667
8 0.457844 0.633333 0.008538 0.066667
13 0.562433 0.753333 0.017076 0.066667
28 0.562433 0.633333 0.025614 0.066667
19 0.562433 0.393333 0.017076 0.066667
4 0.665955 0.633333 0.008538 0.066667
5 0.770544 0.633333 0.008538 0.066667
7 0.770544 0.513333 0.008538 0.066667
14 0.770544 0.153333 0.017076 0.066667
3 0.874066 0.393333 0.008538 0.066667
4 0.874066 0.633333 0.008538 0.066667
4 0.874066 0.513333 0.008538 0.066667