0 0.118874 0.393333 0.008342 0.066667
4 0.118874 0.153333 0.008342 0.066667
4 0.118874 0.633333 0.008342 0.066667
15 0.118874 0.513333 0.016684 0.066667
16 0.197080 0.153333 0.016684 0.066667
22 0.275287 0.273333 0.016684 0.066667
12 0.275287 0.513333 0.016684 0.066667
3 0.275287 0.753333 0.008342 0.066667
7 0.353493 0.393333 0.008342 0.066667
5 0.353493 0.513333 0.008342 0.066667
6 0.353493 0.633333 0.008342 0.066667
11 0.431700 0.753333 0.016684 0.066667
1 0.509906 0.513333 0.008342 0.066667
0 0.588113 0.633333 0.008342 0.066667
0 0.666319 0.393333 0.008342 0.066667
5 0.666319 0.753333 0.008342 0.066667
3 0.666319 0.153333 0.008342 0.066667
12 0.666319 0.513333 0.016684 0.066667
5 0.744526 0.633333 0.008342 0.066667
3 0.744526 0.753333 0.008342 0.066667
3 0.822732 0.753333 0.008342 0.066667
5 0.900938 0.513333 0.008342 0.066667
24 0.900938 0.393333 0.016684 0.066667