5 0.123360 0.153333 0.010499 0.066667
11 0.123360 0.393333 0.020997 0.066667
5 0.194226 0.393333 0.010499 0.066667
24 0.194226 0.513333 0.020997 0.066667
2 0.265092 0.153333 0.010499 0.066667
8 0.335958 0.753333 0.010499 0.066667
1 0.406824 0.273333 0.010499 0.066667
8 0.406824 0.153333 0.010499 0.066667
5 0.406824 0.513333 0.010499 0.066667
4 0.477690 0.153333 0.010499 0.066667
4 0.548556 0.273333 0.010499 0.066667
11 0.619423 0.273333 0.020997 0.066667
10 0.619423 0.153333 0.020997 0.066667
27 0.689633 0.513333 0.009186 0.053333
11 0.690289 0.393333 0.020997 0.066667
5 0.761155 0.633333 0.010499 0.066667
3 0.761155 0.753333 0.010499 0.066667
13 0.761155 0.393333 0.020997 0.066667
3 0.832021 0.633333 0.010499 0.066667
24 0.832021 0.273333 0.020997 0.066667
8 0.832021 0.753333 0.010499 0.066667
10 0.902887 0.393333 0.020997 0.066667