18 0.134359 0.153333 0.016410 0.066667
6 0.134359 0.633333 0.008205 0.066667
2 0.228718 0.513333 0.008205 0.066667
5 0.228718 0.393333 0.008205 0.066667
19 0.322051 0.753333 0.016410 0.066667
9 0.322051 0.513333 0.008205 0.066667
5 0.322051 0.393333 0.008205 0.066667
16 0.416410 0.753333 0.016410 0.066667
0 0.416410 0.393333 0.008205 0.066667
3 0.416410 0.633333 0.008205 0.066667
5 0.416410 0.273333 0.008205 0.066667
12 0.509744 0.393333 0.016410 0.066667
2 0.604103 0.633333 0.008205 0.066667
27 0.603590 0.513333 0.007179 0.053333
5 0.697436 0.633333 0.008205 0.066667
6 0.697436 0.153333 0.008205 0.066667
14 0.791795 0.393333 0.016410 0.066667
28 0.791795 0.153333 0.024615 0.066667
8 0.885128 0.153333 0.008205 0.066667