9 0.147309 0.393333 0.011331 0.066667
27 0.148017 0.633333 0.009915 0.053333
14 0.147309 0.273333 0.022663 0.066667
3 0.239377 0.753333 0.011331 0.066667
12 0.239377 0.633333 0.022663 0.066667
7 0.239377 0.273333 0.011331 0.066667
11 0.330028 0.273333 0.022663 0.066667
10 0.330028 0.393333 0.022663 0.066667
8 0.330028 0.633333 0.011331 0.066667
3 0.422096 0.513333 0.011331 0.066667
0 0.422096 0.633333 0.011331 0.066667
2 0.514164 0.513333 0.011331 0.066667
0 0.514164 0.633333 0.011331 0.066667
11 0.604816 0.153333 0.022663 0.066667
3 0.604816 0.513333 0.011331 0.066667
4 0.604816 0.273333 0.011331 0.066667
3 0.696884 0.633333 0.011331 0.066667
9 0.696884 0.393333 0.011331 0.066667
3 0.787535 0.753333 0.011331 0.066667
6 0.879603 0.273333 0.011331 0.066667
6 0.879603 0.513333 0.011331 0.066667
0 0.879603 0.753333 0.011331 0.066667