10 0.139671 0.153333 0.018779 0.066667
13 0.232394 0.633333 0.018779 0.066667
4 0.232394 0.153333 0.009390 0.066667
3 0.232394 0.513333 0.009390 0.066667
23 0.232394 0.273333 0.018779 0.066667
6 0.325117 0.513333 0.009390 0.066667
9 0.325117 0.273333 0.009390 0.066667
4 0.417840 0.153333 0.009390 0.066667
14 0.417840 0.753333 0.018779 0.066667
6 0.417840 0.393333 0.009390 0.066667
14 0.511737 0.393333 0.018779 0.066667
21 0.511737 0.633333 0.018779 0.066667
0 0.511737 0.153333 0.009390 0.066667
0 0.604460 0.753333 0.009390 0.066667
0 0.697183 0.273333 0.009390 0.066667
2 0.789906 0.633333 0.009390 0.066667
28 0.789906 0.153333 0.028169 0.066667
0 0.882629 0.513333 0.009390 0.066667
11 0.882629 0.633333 0.018779 0.066667
28 0.882629 0.153333 0.028169 0.066667