11 0.124324 0.153333 0.021622 0.066667
12 0.124324 0.273333 0.021622 0.066667
0 0.124324 0.513333 0.010811 0.066667
20 0.124324 0.393333 0.021622 0.066667
11 0.194595 0.153333 0.021622 0.066667
21 0.194595 0.513333 0.021622 0.066667
1 0.264865 0.273333 0.010811 0.066667
3 0.264865 0.513333 0.010811 0.066667
1 0.336486 0.393333 0.010811 0.066667
8 0.406757 0.753333 0.010811 0.066667
3 0.406757 0.513333 0.010811 0.066667
8 0.406757 0.273333 0.010811 0.066667
15 0.477027 0.513333 0.021622 0.066667
12 0.477027 0.753333 0.021622 0.066667
9 0.548649 0.273333 0.010811 0.066667
4 0.548649 0.393333 0.010811 0.066667
5 0.548649 0.153333 0.010811 0.066667
4 0.618919 0.513333 0.010811 0.066667
0 0.689189 0.753333 0.010811 0.066667
1 0.760811 0.273333 0.010811 0.066667
3 0.760811 0.513333 0.010811 0.066667
4 0.760811 0.153333 0.010811 0.066667
11 0.760811 0.753333 0.021622 0.066667
16 0.831081 0.153333 0.021622 0.066667
12 0.831081 0.513333 0.021622 0.066667
5 0.831081 0.633333 0.010811 0.066667
13 0.901351 0.513333 0.021622 0.066667
4 0.901351 0.753333 0.010811 0.066667
3 0.901351 0.153333 0.010811 0.066667