5 0.134855 0.633333 0.008299 0.066667
11 0.134855 0.273333 0.016598 0.066667
19 0.228216 0.633333 0.016598 0.066667
3 0.322614 0.753333 0.008299 0.066667
19 0.322614 0.153333 0.016598 0.066667
0 0.322614 0.513333 0.008299 0.066667
0 0.322614 0.633333 0.008299 0.066667
27 0.416494 0.273333 0.007261 0.053333
6 0.415975 0.633333 0.008299 0.066667
3 0.415975 0.753333 0.008299 0.066667
5 0.510373 0.273333 0.008299 0.066667
12 0.603734 0.513333 0.016598 0.066667
0 0.697095 0.393333 0.008299 0.066667
13 0.697095 0.273333 0.016598 0.066667
2 0.791494 0.513333 0.008299 0.066667
3 0.791494 0.753333 0.008299 0.066667
6 0.884855 0.513333 0.008299 0.066667
17 0.884855 0.633333 0.016598 0.066667