10 0.125000 0.753333 0.021978 0.066667
4 0.125000 0.153333 0.010989 0.066667
0 0.195055 0.393333 0.010989 0.066667
13 0.266484 0.753333 0.021978 0.066667
7 0.266484 0.513333 0.010989 0.066667
6 0.266484 0.273333 0.010989 0.066667
4 0.336538 0.393333 0.010989 0.066667
24 0.336538 0.513333 0.021978 0.066667
17 0.406593 0.513333 0.021978 0.066667
1 0.478022 0.633333 0.010989 0.066667
2 0.548077 0.513333 0.010989 0.066667
8 0.548077 0.393333 0.010989 0.066667
3 0.548077 0.633333 0.010989 0.066667
6 0.619505 0.633333 0.010989 0.066667
6 0.619505 0.153333 0.010989 0.066667
0 0.689560 0.273333 0.010989 0.066667
0 0.759615 0.513333 0.010989 0.066667
1 0.759615 0.153333 0.010989 0.066667
1 0.831044 0.393333 0.010989 0.066667
5 0.901099 0.633333 0.010989 0.066667