19 0.134146 0.393333 0.016260 0.066667
16 0.134146 0.153333 0.016260 0.066667
1 0.134146 0.513333 0.008130 0.066667
23 0.227642 0.513333 0.016260 0.066667
7 0.227642 0.273333 0.008130 0.066667
9 0.227642 0.393333 0.008130 0.066667
2 0.322154 0.633333 0.008130 0.066667
13 0.415650 0.513333 0.016260 0.066667
6 0.415650 0.153333 0.008130 0.066667
0 0.415650 0.633333 0.008130 0.066667
1 0.415650 0.753333 0.008130 0.066667
0 0.510163 0.753333 0.008130 0.066667
0 0.603659 0.273333 0.008130 0.066667
2 0.603659 0.513333 0.008130 0.066667
4 0.697154 0.153333 0.008130 0.066667
6 0.697154 0.753333 0.008130 0.066667
8 0.697154 0.513333 0.008130 0.066667
24 0.697154 0.273333 0.016260 0.066667
4 0.791667 0.393333 0.008130 0.066667
0 0.885163 0.513333 0.008130 0.066667
9 0.885163 0.273333 0.008130 0.066667