10 0.163658 0.393333 0.019254 0.066667
15 0.279182 0.633333 0.019254 0.066667
0 0.279182 0.153333 0.009627 0.066667
0 0.395909 0.513333 0.009627 0.066667
1 0.395909 0.273333 0.009627 0.066667
1 0.395909 0.753333 0.009627 0.066667
0 0.511432 0.513333 0.009627 0.066667
5 0.626955 0.393333 0.009627 0.066667
5 0.626955 0.633333 0.009627 0.066667
4 0.626955 0.273333 0.009627 0.066667
3 0.626955 0.153333 0.009627 0.066667
22 0.743682 0.393333 0.019254 0.066667
5 0.859206 0.753333 0.009627 0.066667
7 0.859206 0.273333 0.009627 0.066667
28 0.859206 0.513333 0.028881 0.066667