1 0.151775 0.633333 0.009792 0.066667
12 0.254590 0.633333 0.019584 0.066667
5 0.254590 0.273333 0.009792 0.066667
21 0.357405 0.153333 0.019584 0.066667
6 0.357405 0.273333 0.009792 0.066667
3 0.357405 0.633333 0.009792 0.066667
11 0.357405 0.513333 0.019584 0.066667
1 0.460220 0.633333 0.009792 0.066667
2 0.460220 0.393333 0.009792 0.066667
1 0.563035 0.753333 0.009792 0.066667
20 0.563035 0.273333 0.019584 0.066667
3 0.665851 0.153333 0.009792 0.066667
16 0.768666 0.753333 0.019584 0.066667
6 0.871481 0.153333 0.009792 0.066667
4 0.871481 0.273333 0.009792 0.066667
7 0.871481 0.753333 0.009792 0.066667
21 0.871481 0.393333 0.019584 0.066667