7 0.113326 0.153333 0.008395 0.066667
13 0.113326 0.513333 0.016789 0.066667
1 0.113326 0.633333 0.008395 0.066667
3 0.185729 0.513333 0.008395 0.066667
4 0.258132 0.513333 0.008395 0.066667
11 0.258132 0.153333 0.016789 0.066667
19 0.329486 0.273333 0.016789 0.066667
9 0.401889 0.753333 0.008395 0.066667
24 0.401889 0.153333 0.016789 0.066667
0 0.474292 0.153333 0.008395 0.066667
2 0.474292 0.513333 0.008395 0.066667
7 0.545645 0.633333 0.008395 0.066667
1 0.545645 0.393333 0.008395 0.066667
3 0.618048 0.633333 0.008395 0.066667
8 0.618048 0.513333 0.008395 0.066667
16 0.690451 0.153333 0.016789 0.066667
11 0.690451 0.633333 0.016789 0.066667
2 0.761805 0.753333 0.008395 0.066667
9 0.761805 0.633333 0.008395 0.066667
28 0.761805 0.513333 0.033578 0.066667
19 0.761805 0.153333 0.016789 0.066667
23 0.834208 0.633333 0.016789 0.066667
10 0.834208 0.153333 0.016789 0.066667
11 0.834208 0.273333 0.016789 0.066667
10 0.906611 0.753333 0.016789 0.066667
0 0.906611 0.633333 0.008395 0.066667
21 0.906611 0.393333 0.016789 0.066667