24 0.128989 0.513333 0.021277 0.066667
23 0.128989 0.633333 0.021277 0.066667
0 0.128989 0.753333 0.010638 0.066667
12 0.206117 0.153333 0.021277 0.066667
7 0.206117 0.393333 0.010638 0.066667
27 0.205452 0.753333 0.009309 0.053333
0 0.283245 0.393333 0.010638 0.066667
4 0.359043 0.153333 0.010638 0.066667
16 0.359043 0.513333 0.021277 0.066667
28 0.436170 0.513333 0.031915 0.066667
8 0.513298 0.153333 0.010638 0.066667
2 0.513298 0.513333 0.010638 0.066667
28 0.513298 0.273333 0.031915 0.066667
3 0.589096 0.753333 0.010638 0.066667
6 0.666223 0.393333 0.010638 0.066667
3 0.666223 0.753333 0.010638 0.066667
0 0.743351 0.753333 0.010638 0.066667
6 0.743351 0.633333 0.010638 0.066667
6 0.743351 0.513333 0.010638 0.066667
7 0.819149 0.153333 0.010638 0.066667
1 0.819149 0.513333 0.010638 0.066667
0 0.896277 0.633333 0.010638 0.066667
4 0.896277 0.153333 0.010638 0.066667
7 0.896277 0.393333 0.010638 0.066667
18 0.896277 0.753333 0.021277 0.066667