0 0.131579 0.513333 0.012384 0.066667
13 0.131579 0.153333 0.024768 0.066667
1 0.131579 0.753333 0.012384 0.066667
4 0.201238 0.153333 0.012384 0.066667
0 0.270898 0.393333 0.012384 0.066667
3 0.270898 0.633333 0.012384 0.066667
8 0.340557 0.753333 0.012384 0.066667
1 0.340557 0.633333 0.012384 0.066667
7 0.340557 0.393333 0.012384 0.066667
28 0.410217 0.153333 0.037152 0.066667
1 0.410217 0.753333 0.012384 0.066667
3 0.410217 0.633333 0.012384 0.066667
0 0.479876 0.753333 0.012384 0.066667
10 0.479876 0.393333 0.024768 0.066667
5 0.479876 0.633333 0.012384 0.066667
14 0.549536 0.393333 0.024768 0.066667
7 0.549536 0.513333 0.012384 0.066667
2 0.619195 0.513333 0.012384 0.066667
19 0.619195 0.633333 0.024768 0.066667
9 0.688854 0.153333 0.012384 0.066667
7 0.758514 0.753333 0.012384 0.066667
16 0.828173 0.513333 0.024768 0.066667
9 0.828173 0.273333 0.012384 0.066667
3 0.897833 0.393333 0.012384 0.066667