28 0.120948 0.153333 0.029925 0.066667
0 0.120948 0.753333 0.009975 0.066667
14 0.120948 0.513333 0.019950 0.066667
27 0.191397 0.513333 0.008728 0.053333
0 0.192020 0.153333 0.009975 0.066667
5 0.192020 0.393333 0.009975 0.066667
5 0.263092 0.273333 0.009975 0.066667
0 0.334165 0.393333 0.009975 0.066667
7 0.334165 0.153333 0.009975 0.066667
0 0.405237 0.753333 0.009975 0.066667
6 0.476309 0.753333 0.009975 0.066667
18 0.476309 0.513333 0.019950 0.066667
1 0.547382 0.633333 0.009975 0.066667
9 0.547382 0.273333 0.009975 0.066667
8 0.547382 0.153333 0.009975 0.066667
20 0.618454 0.273333 0.019950 0.066667
3 0.689526 0.153333 0.009975 0.066667
5 0.689526 0.633333 0.009975 0.066667
6 0.689526 0.513333 0.009975 0.066667
0 0.689526 0.273333 0.009975 0.066667
1 0.760599 0.393333 0.009975 0.066667
0 0.760599 0.153333 0.009975 0.066667
9 0.831671 0.513333 0.009975 0.066667
3 0.902743 0.633333 0.009975 0.066667
0 0.902743 0.513333 0.009975 0.066667
8 0.902743 0.153333 0.009975 0.066667