1 0.123414 0.753333 0.009227 0.066667
1 0.200692 0.153333 0.009227 0.066667
8 0.277970 0.513333 0.009227 0.066667
7 0.277970 0.393333 0.009227 0.066667
27 0.355825 0.633333 0.008074 0.053333
22 0.356401 0.753333 0.018454 0.066667
8 0.356401 0.153333 0.009227 0.066667
19 0.356401 0.513333 0.018454 0.066667
23 0.433679 0.513333 0.018454 0.066667
5 0.433679 0.393333 0.009227 0.066667
13 0.433679 0.633333 0.018454 0.066667
0 0.433679 0.753333 0.009227 0.066667
5 0.510957 0.153333 0.009227 0.066667
10 0.510957 0.393333 0.018454 0.066667
17 0.510957 0.513333 0.018454 0.066667
5 0.510957 0.753333 0.009227 0.066667
10 0.588235 0.153333 0.018454 0.066667
10 0.588235 0.753333 0.018454 0.066667
0 0.588235 0.513333 0.009227 0.066667
8 0.666667 0.273333 0.009227 0.066667
5 0.743945 0.753333 0.009227 0.066667
3 0.743945 0.153333 0.009227 0.066667
23 0.743945 0.633333 0.018454 0.066667
2 0.821223 0.753333 0.009227 0.066667
5 0.821223 0.153333 0.009227 0.066667
17 0.821223 0.633333 0.018454 0.066667
4 0.821223 0.393333 0.009227 0.066667
2 0.898501 0.633333 0.009227 0.066667
1 0.898501 0.273333 0.009227 0.066667
2 0.898501 0.393333 0.009227 0.066667