7 0.137584 0.513333 0.008949 0.066667
3 0.230425 0.633333 0.008949 0.066667
4 0.324385 0.513333 0.008949 0.066667
5 0.417226 0.393333 0.008949 0.066667
4 0.511186 0.153333 0.008949 0.066667
11 0.511186 0.753333 0.017897 0.066667
9 0.604027 0.273333 0.008949 0.066667
0 0.604027 0.633333 0.008949 0.066667
14 0.696868 0.153333 0.017897 0.066667
1 0.696868 0.753333 0.008949 0.066667
1 0.790828 0.153333 0.008949 0.066667
3 0.883669 0.153333 0.008949 0.066667
14 0.883669 0.393333 0.017897 0.066667
1 0.883669 0.633333 0.008949 0.066667