0 0.132075 0.633333 0.012579 0.066667
6 0.132075 0.153333 0.012579 0.066667
9 0.201258 0.753333 0.012579 0.066667
0 0.201258 0.273333 0.012579 0.066667
3 0.270440 0.273333 0.012579 0.066667
13 0.341195 0.633333 0.025157 0.066667
0 0.341195 0.753333 0.012579 0.066667
4 0.410377 0.633333 0.012579 0.066667
0 0.410377 0.153333 0.012579 0.066667
14 0.479560 0.633333 0.025157 0.066667
12 0.479560 0.273333 0.025157 0.066667
2 0.550314 0.633333 0.012579 0.066667
1 0.619497 0.153333 0.012579 0.066667
12 0.619497 0.753333 0.025157 0.066667
0 0.688679 0.273333 0.012579 0.066667
0 0.688679 0.633333 0.012579 0.066667
7 0.688679 0.513333 0.012579 0.066667
2 0.759434 0.153333 0.012579 0.066667
13 0.759434 0.273333 0.025157 0.066667
11 0.828616 0.633333 0.025157 0.066667
12 0.828616 0.273333 0.025157 0.066667
1 0.828616 0.393333 0.012579 0.066667
1 0.897799 0.393333 0.012579 0.066667
5 0.897799 0.153333 0.012579 0.066667