10 0.118661 0.273333 0.016227 0.066667
0 0.118661 0.513333 0.008114 0.066667
1 0.196755 0.393333 0.008114 0.066667
4 0.274848 0.753333 0.008114 0.066667
7 0.274848 0.633333 0.008114 0.066667
2 0.274848 0.393333 0.008114 0.066667
11 0.352941 0.753333 0.016227 0.066667
1 0.352941 0.273333 0.008114 0.066667
21 0.431034 0.273333 0.016227 0.066667
8 0.431034 0.153333 0.008114 0.066667
5 0.431034 0.753333 0.008114 0.066667
0 0.431034 0.633333 0.008114 0.066667
0 0.510142 0.633333 0.008114 0.066667
12 0.588235 0.393333 0.016227 0.066667
0 0.666329 0.633333 0.008114 0.066667
28 0.666329 0.513333 0.024341 0.066667
2 0.666329 0.273333 0.008114 0.066667
0 0.666329 0.153333 0.008114 0.066667
4 0.744422 0.393333 0.008114 0.066667
4 0.744422 0.633333 0.008114 0.066667
4 0.822515 0.753333 0.008114 0.066667
2 0.822515 0.513333 0.008114 0.066667
3 0.822515 0.633333 0.008114 0.066667
2 0.900609 0.273333 0.008114 0.066667
1 0.900609 0.753333 0.008114 0.066667
23 0.900609 0.153333 0.016227 0.066667