1 0.144192 0.633333 0.010681 0.066667
27 0.144860 0.273333 0.009346 0.053333
16 0.236315 0.753333 0.021362 0.066667
6 0.236315 0.153333 0.010681 0.066667
4 0.328438 0.753333 0.010681 0.066667
15 0.328438 0.393333 0.021362 0.066667
2 0.328438 0.153333 0.010681 0.066667
1 0.420561 0.393333 0.010681 0.066667
5 0.420561 0.153333 0.010681 0.066667
27 0.513351 0.753333 0.009346 0.053333
0 0.604806 0.393333 0.010681 0.066667
5 0.604806 0.153333 0.010681 0.066667
7 0.696929 0.273333 0.010681 0.066667
5 0.696929 0.753333 0.010681 0.066667
1 0.696929 0.633333 0.010681 0.066667
1 0.789052 0.393333 0.010681 0.066667
6 0.881175 0.393333 0.010681 0.066667
0 0.881175 0.153333 0.010681 0.066667