6 0.117509 0.633333 0.009401 0.066667
5 0.189189 0.393333 0.009401 0.066667
3 0.260870 0.393333 0.009401 0.066667
1 0.332550 0.513333 0.009401 0.066667
9 0.404230 0.393333 0.009401 0.066667
3 0.404230 0.513333 0.009401 0.066667
4 0.404230 0.273333 0.009401 0.066667
0 0.404230 0.753333 0.009401 0.066667
5 0.475911 0.633333 0.009401 0.066667
1 0.475911 0.753333 0.009401 0.066667
28 0.546416 0.153333 0.037603 0.066667
9 0.546416 0.633333 0.009401 0.066667
20 0.546416 0.513333 0.018801 0.066667
13 0.618096 0.513333 0.018801 0.066667
5 0.618096 0.633333 0.009401 0.066667
18 0.689777 0.393333 0.018801 0.066667
1 0.761457 0.633333 0.009401 0.066667
0 0.833137 0.393333 0.009401 0.066667
0 0.904818 0.393333 0.009401 0.066667