5 0.159057 0.753333 0.011782 0.066667
2 0.159057 0.393333 0.011782 0.066667
7 0.260677 0.633333 0.011782 0.066667
8 0.260677 0.153333 0.011782 0.066667
5 0.260677 0.273333 0.011782 0.066667
24 0.260677 0.753333 0.023564 0.066667
0 0.362297 0.153333 0.011782 0.066667
3 0.463918 0.153333 0.011782 0.066667
0 0.564065 0.633333 0.011782 0.066667
9 0.564065 0.753333 0.011782 0.066667
13 0.564065 0.513333 0.023564 0.066667
17 0.665685 0.513333 0.023564 0.066667
3 0.767305 0.153333 0.011782 0.066667
11 0.767305 0.513333 0.023564 0.066667
3 0.767305 0.393333 0.011782 0.066667
21 0.767305 0.633333 0.023564 0.066667
5 0.868925 0.513333 0.011782 0.066667