1 0.145246 0.633333 0.008359 0.066667
11 0.249739 0.153333 0.016719 0.066667
1 0.249739 0.393333 0.008359 0.066667
3 0.249739 0.273333 0.008359 0.066667
11 0.249739 0.753333 0.016719 0.066667
2 0.354232 0.153333 0.008359 0.066667
21 0.354232 0.273333 0.016719 0.066667
10 0.354232 0.393333 0.016719 0.066667
5 0.457680 0.153333 0.008359 0.066667
10 0.562173 0.153333 0.016719 0.066667
5 0.562173 0.513333 0.008359 0.066667
10 0.666667 0.633333 0.016719 0.066667
27 0.666144 0.153333 0.007315 0.053333
6 0.666667 0.273333 0.008359 0.066667
7 0.666667 0.513333 0.008359 0.066667
4 0.770115 0.153333 0.008359 0.066667
4 0.770115 0.393333 0.008359 0.066667
3 0.874608 0.153333 0.008359 0.066667
5 0.874608 0.273333 0.008359 0.066667