20 0.158501 0.513333 0.023055 0.066667
3 0.158501 0.273333 0.011527 0.066667
21 0.259366 0.153333 0.023055 0.066667
6 0.259366 0.633333 0.011527 0.066667
0 0.259366 0.273333 0.011527 0.066667
8 0.361671 0.153333 0.011527 0.066667
4 0.361671 0.633333 0.011527 0.066667
5 0.462536 0.513333 0.011527 0.066667
24 0.462536 0.273333 0.023055 0.066667
2 0.462536 0.633333 0.011527 0.066667
6 0.564841 0.393333 0.011527 0.066667
19 0.564841 0.753333 0.023055 0.066667
20 0.564841 0.153333 0.023055 0.066667
4 0.665706 0.753333 0.011527 0.066667
5 0.768012 0.273333 0.011527 0.066667
1 0.768012 0.633333 0.011527 0.066667
0 0.868876 0.513333 0.011527 0.066667