6 0.139384 0.273333 0.012966 0.066667
4 0.139384 0.393333 0.012966 0.066667
4 0.213938 0.153333 0.012966 0.066667
6 0.290113 0.513333 0.012966 0.066667
2 0.290113 0.153333 0.012966 0.066667
18 0.290113 0.273333 0.025932 0.066667
7 0.290113 0.633333 0.012966 0.066667
9 0.364668 0.153333 0.012966 0.066667
22 0.364668 0.273333 0.025932 0.066667
11 0.440843 0.393333 0.025932 0.066667
19 0.440843 0.153333 0.025932 0.066667
10 0.515397 0.393333 0.025932 0.066667
22 0.515397 0.633333 0.025932 0.066667
4 0.589951 0.393333 0.012966 0.066667
14 0.666126 0.393333 0.025932 0.066667
8 0.666126 0.753333 0.012966 0.066667
7 0.666126 0.633333 0.012966 0.066667
28 0.740681 0.753333 0.038898 0.066667
10 0.740681 0.393333 0.025932 0.066667
15 0.740681 0.513333 0.025932 0.066667
2 0.816856 0.393333 0.012966 0.066667
6 0.891410 0.153333 0.012966 0.066667