28 0.139803 0.633333 0.039474 0.066667
6 0.139803 0.753333 0.013158 0.066667
6 0.139803 0.393333 0.013158 0.066667
8 0.215461 0.273333 0.013158 0.066667
28 0.215461 0.753333 0.052632 0.066667
10 0.215461 0.393333 0.026316 0.066667
2 0.291118 0.153333 0.013158 0.066667
7 0.291118 0.753333 0.013158 0.066667
8 0.365132 0.273333 0.013158 0.066667
0 0.440789 0.273333 0.013158 0.066667
8 0.440789 0.753333 0.013158 0.066667
3 0.440789 0.393333 0.013158 0.066667
4 0.516447 0.273333 0.013158 0.066667
9 0.590461 0.393333 0.013158 0.066667
10 0.590461 0.633333 0.026316 0.066667
3 0.590461 0.153333 0.013158 0.066667
24 0.666118 0.153333 0.026316 0.066667
5 0.666118 0.753333 0.013158 0.066667
1 0.741776 0.273333 0.013158 0.066667
5 0.741776 0.513333 0.013158 0.066667
28 0.815789 0.633333 0.039474 0.066667
0 0.815789 0.153333 0.013158 0.066667
3 0.891447 0.633333 0.013158 0.066667
17 0.891447 0.153333 0.026316 0.066667
22 0.891447 0.393333 0.026316 0.066667