6 0.132911 0.273333 0.012658 0.066667
21 0.202532 0.513333 0.025316 0.066667
6 0.202532 0.153333 0.012658 0.066667
5 0.202532 0.273333 0.012658 0.066667
6 0.272152 0.153333 0.012658 0.066667
10 0.272152 0.393333 0.025316 0.066667
1 0.272152 0.633333 0.012658 0.066667
23 0.272152 0.753333 0.025316 0.066667
7 0.341772 0.153333 0.012658 0.066667
8 0.341772 0.513333 0.012658 0.066667
6 0.341772 0.393333 0.012658 0.066667
0 0.341772 0.273333 0.012658 0.066667
6 0.411392 0.513333 0.012658 0.066667
6 0.411392 0.153333 0.012658 0.066667
11 0.411392 0.273333 0.025316 0.066667
10 0.481013 0.633333 0.025316 0.066667
9 0.481013 0.273333 0.012658 0.066667
17 0.550633 0.153333 0.025316 0.066667
3 0.550633 0.633333 0.012658 0.066667
6 0.550633 0.273333 0.012658 0.066667
1 0.620253 0.753333 0.012658 0.066667
2 0.620253 0.153333 0.012658 0.066667
6 0.689873 0.153333 0.012658 0.066667
8 0.759494 0.393333 0.012658 0.066667
13 0.759494 0.633333 0.025316 0.066667
15 0.759494 0.273333 0.025316 0.066667
13 0.759494 0.753333 0.025316 0.066667
9 0.829114 0.633333 0.012658 0.066667
5 0.898734 0.153333 0.012658 0.066667
3 0.898734 0.393333 0.012658 0.066667