1 0.190923 0.153333 0.012520 0.066667
7 0.320814 0.393333 0.012520 0.066667
5 0.320814 0.513333 0.012520 0.066667
8 0.320814 0.753333 0.012520 0.066667
0 0.450704 0.153333 0.012520 0.066667
28 0.450704 0.393333 0.037559 0.066667
19 0.450704 0.513333 0.025039 0.066667
2 0.579030 0.633333 0.012520 0.066667
6 0.579030 0.753333 0.012520 0.066667
0 0.708920 0.393333 0.012520 0.066667
0 0.708920 0.513333 0.012520 0.066667
8 0.838811 0.753333 0.012520 0.066667
3 0.838811 0.273333 0.012520 0.066667
6 0.838811 0.393333 0.012520 0.066667