0 0.147018 0.273333 0.011096 0.066667
7 0.147018 0.513333 0.011096 0.066667
0 0.238558 0.753333 0.011096 0.066667
2 0.238558 0.513333 0.011096 0.066667
7 0.330097 0.633333 0.011096 0.066667
5 0.330097 0.153333 0.011096 0.066667
3 0.421637 0.393333 0.011096 0.066667
1 0.513176 0.513333 0.011096 0.066667
6 0.604716 0.273333 0.011096 0.066667
22 0.604716 0.513333 0.022191 0.066667
6 0.604716 0.753333 0.011096 0.066667
16 0.696255 0.153333 0.022191 0.066667
3 0.787795 0.753333 0.011096 0.066667
2 0.787795 0.393333 0.011096 0.066667
12 0.879334 0.393333 0.022191 0.066667
12 0.879334 0.273333 0.022191 0.066667
3 0.879334 0.513333 0.011096 0.066667