10 0.161916 0.633333 0.018244 0.066667
20 0.161916 0.273333 0.018244 0.066667
1 0.161916 0.753333 0.009122 0.066667
11 0.278221 0.513333 0.018244 0.066667
14 0.278221 0.393333 0.018244 0.066667
24 0.278221 0.153333 0.018244 0.066667
10 0.394527 0.273333 0.018244 0.066667
16 0.394527 0.393333 0.018244 0.066667
5 0.510832 0.273333 0.009122 0.066667
13 0.510832 0.753333 0.018244 0.066667
28 0.627138 0.393333 0.027366 0.066667
4 0.627138 0.273333 0.009122 0.066667
1 0.743444 0.633333 0.009122 0.066667
7 0.859749 0.633333 0.009122 0.066667