3 0.121145 0.753333 0.008811 0.066667
7 0.121145 0.393333 0.008811 0.066667
4 0.121145 0.273333 0.008811 0.066667
4 0.199339 0.153333 0.008811 0.066667
4 0.277533 0.153333 0.008811 0.066667
2 0.277533 0.393333 0.008811 0.066667
3 0.277533 0.273333 0.008811 0.066667
6 0.277533 0.753333 0.008811 0.066667
5 0.354626 0.273333 0.008811 0.066667
5 0.354626 0.393333 0.008811 0.066667
23 0.354626 0.753333 0.017621 0.066667
7 0.354626 0.633333 0.008811 0.066667
4 0.432819 0.393333 0.008811 0.066667
2 0.432819 0.153333 0.008811 0.066667
6 0.432819 0.273333 0.008811 0.066667
11 0.511013 0.513333 0.017621 0.066667
3 0.511013 0.633333 0.008811 0.066667
10 0.588106 0.393333 0.017621 0.066667
9 0.666300 0.273333 0.008811 0.066667
4 0.744493 0.153333 0.008811 0.066667
11 0.744493 0.513333 0.017621 0.066667
3 0.821586 0.633333 0.008811 0.066667
8 0.821586 0.153333 0.008811 0.066667
0 0.821586 0.393333 0.008811 0.066667
2 0.899780 0.393333 0.008811 0.066667
10 0.899780 0.513333 0.017621 0.066667
1 0.899780 0.273333 0.008811 0.066667
3 0.899780 0.153333 0.008811 0.066667