4 0.125174 0.153333 0.011127 0.066667
7 0.125174 0.513333 0.011127 0.066667
28 0.196106 0.513333 0.033380 0.066667
2 0.196106 0.633333 0.011127 0.066667
2 0.267038 0.633333 0.011127 0.066667
7 0.336579 0.513333 0.011127 0.066667
16 0.336579 0.273333 0.022253 0.066667
3 0.407510 0.273333 0.011127 0.066667
2 0.407510 0.633333 0.011127 0.066667
10 0.478442 0.513333 0.022253 0.066667
3 0.478442 0.633333 0.011127 0.066667
7 0.478442 0.393333 0.011127 0.066667
12 0.547983 0.153333 0.022253 0.066667
4 0.618915 0.513333 0.011127 0.066667
2 0.689847 0.153333 0.011127 0.066667
20 0.689847 0.273333 0.022253 0.066667
22 0.689847 0.753333 0.022253 0.066667
11 0.759388 0.393333 0.022253 0.066667
28 0.830320 0.273333 0.044506 0.066667
14 0.830320 0.393333 0.022253 0.066667
10 0.830320 0.753333 0.022253 0.066667
0 0.901252 0.273333 0.011127 0.066667