0 0.133668 0.753333 0.008040 0.066667
2 0.133668 0.393333 0.008040 0.066667
3 0.228141 0.633333 0.008040 0.066667
20 0.321608 0.753333 0.016080 0.066667
5 0.321608 0.633333 0.008040 0.066667
2 0.416080 0.153333 0.008040 0.066667
23 0.416080 0.753333 0.016080 0.066667
10 0.416080 0.513333 0.016080 0.066667
3 0.509548 0.633333 0.008040 0.066667
7 0.604020 0.633333 0.008040 0.066667
2 0.604020 0.753333 0.008040 0.066667
5 0.604020 0.153333 0.008040 0.066667
27 0.697990 0.393333 0.007035 0.053333
4 0.791960 0.753333 0.008040 0.066667
1 0.885427 0.753333 0.008040 0.066667
5 0.885427 0.393333 0.008040 0.066667