5 0.147740 0.153333 0.008820 0.066667
9 0.147740 0.513333 0.008820 0.066667
21 0.147740 0.393333 0.017641 0.066667
1 0.251378 0.753333 0.008820 0.066667
3 0.355017 0.513333 0.008820 0.066667
8 0.355017 0.633333 0.008820 0.066667
24 0.355017 0.273333 0.017641 0.066667
10 0.355017 0.753333 0.017641 0.066667
4 0.458655 0.513333 0.008820 0.066667
2 0.458655 0.633333 0.008820 0.066667
24 0.458655 0.753333 0.017641 0.066667
22 0.458655 0.393333 0.017641 0.066667
2 0.562293 0.513333 0.008820 0.066667
4 0.562293 0.753333 0.008820 0.066667
2 0.562293 0.153333 0.008820 0.066667
1 0.665932 0.753333 0.008820 0.066667
22 0.665932 0.633333 0.017641 0.066667
10 0.665932 0.273333 0.017641 0.066667
6 0.769570 0.273333 0.008820 0.066667
2 0.769570 0.153333 0.008820 0.066667
6 0.873208 0.153333 0.008820 0.066667
28 0.873208 0.273333 0.035281 0.066667