7 0.148912 0.513333 0.009164 0.066667
3 0.252005 0.753333 0.009164 0.066667
0 0.252005 0.153333 0.009164 0.066667
4 0.356243 0.513333 0.009164 0.066667
3 0.356243 0.393333 0.009164 0.066667
22 0.356243 0.153333 0.018328 0.066667
0 0.356243 0.753333 0.009164 0.066667
12 0.459336 0.633333 0.018328 0.066667
9 0.459336 0.273333 0.009164 0.066667
5 0.459336 0.753333 0.009164 0.066667
4 0.459336 0.393333 0.009164 0.066667
1 0.562428 0.153333 0.009164 0.066667
3 0.666667 0.393333 0.009164 0.066667
21 0.666667 0.753333 0.018328 0.066667
1 0.769759 0.153333 0.009164 0.066667
0 0.769759 0.393333 0.009164 0.066667
0 0.872852 0.273333 0.009164 0.066667