1 0.147778 0.393333 0.008889 0.066667
5 0.251111 0.753333 0.008889 0.066667
4 0.355556 0.153333 0.008889 0.066667
4 0.355556 0.633333 0.008889 0.066667
19 0.355556 0.393333 0.017778 0.066667
2 0.458889 0.393333 0.008889 0.066667
13 0.562222 0.393333 0.017778 0.066667
5 0.562222 0.633333 0.008889 0.066667
28 0.666667 0.753333 0.026667 0.066667
5 0.666667 0.633333 0.008889 0.066667
3 0.770000 0.633333 0.008889 0.066667
9 0.770000 0.393333 0.008889 0.066667
11 0.770000 0.273333 0.017778 0.066667
0 0.770000 0.513333 0.008889 0.066667
5 0.873333 0.513333 0.008889 0.066667
0 0.873333 0.753333 0.008889 0.066667
2 0.873333 0.153333 0.008889 0.066667