6 0.174220 0.513333 0.008056 0.066667
10 0.174220 0.273333 0.016113 0.066667
0 0.174220 0.633333 0.008056 0.066667
21 0.308157 0.273333 0.016113 0.066667
7 0.308157 0.633333 0.008056 0.066667
2 0.308157 0.393333 0.008056 0.066667
3 0.442095 0.753333 0.008056 0.066667
12 0.442095 0.153333 0.016113 0.066667
12 0.577039 0.633333 0.016113 0.066667
6 0.577039 0.753333 0.008056 0.066667
9 0.710977 0.633333 0.008056 0.066667
1 0.710977 0.753333 0.008056 0.066667
6 0.710977 0.513333 0.008056 0.066667
0 0.710977 0.153333 0.008056 0.066667
24 0.844914 0.393333 0.016113 0.066667
1 0.844914 0.753333 0.008056 0.066667
20 0.844914 0.633333 0.016113 0.066667