7 0.149588 0.273333 0.009423 0.066667
6 0.149588 0.753333 0.009423 0.066667
1 0.253239 0.153333 0.009423 0.066667
3 0.253239 0.753333 0.009423 0.066667
9 0.356890 0.273333 0.009423 0.066667
15 0.356890 0.513333 0.018846 0.066667
8 0.356890 0.153333 0.009423 0.066667
5 0.356890 0.633333 0.009423 0.066667
10 0.459364 0.153333 0.018846 0.066667
27 0.459953 0.753333 0.008245 0.053333
5 0.563015 0.753333 0.009423 0.066667
9 0.563015 0.273333 0.009423 0.066667
3 0.666667 0.153333 0.009423 0.066667
2 0.666667 0.633333 0.009423 0.066667
4 0.769140 0.753333 0.009423 0.066667
7 0.769140 0.153333 0.009423 0.066667
3 0.769140 0.273333 0.009423 0.066667
19 0.769140 0.393333 0.018846 0.066667
0 0.872792 0.633333 0.009423 0.066667
1 0.872792 0.513333 0.009423 0.066667