6 0.132800 0.513333 0.012800 0.066667
5 0.132800 0.753333 0.012800 0.066667
3 0.201600 0.393333 0.012800 0.066667
3 0.201600 0.513333 0.012800 0.066667
13 0.272000 0.393333 0.025600 0.066667
18 0.272000 0.513333 0.025600 0.066667
0 0.272000 0.753333 0.012800 0.066667
21 0.272000 0.273333 0.025600 0.066667
1 0.340800 0.153333 0.012800 0.066667
23 0.340800 0.513333 0.025600 0.066667
3 0.340800 0.753333 0.012800 0.066667
0 0.411200 0.153333 0.012800 0.066667
0 0.411200 0.633333 0.012800 0.066667
5 0.480000 0.633333 0.012800 0.066667
10 0.480000 0.753333 0.025600 0.066667
11 0.480000 0.393333 0.025600 0.066667
0 0.550400 0.753333 0.012800 0.066667
24 0.619200 0.153333 0.025600 0.066667
1 0.619200 0.633333 0.012800 0.066667
14 0.619200 0.513333 0.025600 0.066667
9 0.689600 0.513333 0.012800 0.066667
10 0.689600 0.753333 0.025600 0.066667
1 0.758400 0.273333 0.012800 0.066667
8 0.758400 0.633333 0.012800 0.066667
28 0.758400 0.153333 0.038400 0.066667
13 0.828800 0.273333 0.025600 0.066667
3 0.828800 0.633333 0.012800 0.066667
12 0.828800 0.153333 0.025600 0.066667
4 0.897600 0.513333 0.012800 0.066667
7 0.897600 0.633333 0.012800 0.066667