2 0.178161 0.753333 0.009195 0.066667
4 0.178161 0.513333 0.009195 0.066667
13 0.178161 0.393333 0.018391 0.066667
3 0.311494 0.153333 0.009195 0.066667
5 0.311494 0.273333 0.009195 0.066667
21 0.444828 0.633333 0.018391 0.066667
3 0.577011 0.393333 0.009195 0.066667
2 0.577011 0.273333 0.009195 0.066667
12 0.577011 0.513333 0.018391 0.066667
15 0.710345 0.393333 0.018391 0.066667
9 0.710345 0.153333 0.009195 0.066667
1 0.710345 0.273333 0.009195 0.066667
5 0.710345 0.633333 0.009195 0.066667
24 0.843678 0.153333 0.018391 0.066667