4 0.117376 0.513333 0.009206 0.066667
6 0.117376 0.633333 0.009206 0.066667
7 0.188723 0.513333 0.009206 0.066667
9 0.260069 0.513333 0.009206 0.066667
9 0.260069 0.153333 0.009206 0.066667
8 0.260069 0.753333 0.009206 0.066667
0 0.331415 0.633333 0.009206 0.066667
0 0.331415 0.393333 0.009206 0.066667
24 0.403913 0.753333 0.018412 0.066667
12 0.403913 0.633333 0.018412 0.066667
0 0.475259 0.513333 0.009206 0.066667
12 0.475259 0.273333 0.018412 0.066667
0 0.546605 0.273333 0.009206 0.066667
2 0.546605 0.633333 0.009206 0.066667
4 0.617952 0.633333 0.009206 0.066667
23 0.617952 0.753333 0.018412 0.066667
10 0.617952 0.513333 0.018412 0.066667
10 0.617952 0.153333 0.018412 0.066667
2 0.690449 0.753333 0.009206 0.066667
2 0.761795 0.633333 0.009206 0.066667
2 0.761795 0.273333 0.009206 0.066667
9 0.761795 0.513333 0.009206 0.066667
2 0.833142 0.633333 0.009206 0.066667
2 0.833142 0.393333 0.009206 0.066667
14 0.833142 0.753333 0.018412 0.066667
6 0.904488 0.153333 0.009206 0.066667
3 0.904488 0.513333 0.009206 0.066667