6 0.135884 0.753333 0.010554 0.066667
0 0.135884 0.273333 0.010554 0.066667
4 0.135884 0.153333 0.010554 0.066667
6 0.218997 0.273333 0.010554 0.066667
17 0.218997 0.513333 0.021108 0.066667
14 0.303430 0.753333 0.021108 0.066667
3 0.303430 0.513333 0.010554 0.066667
0 0.386544 0.273333 0.010554 0.066667
23 0.386544 0.153333 0.021108 0.066667
1 0.386544 0.513333 0.010554 0.066667
13 0.470976 0.633333 0.021108 0.066667
5 0.470976 0.153333 0.010554 0.066667
7 0.554090 0.393333 0.010554 0.066667
9 0.554090 0.753333 0.010554 0.066667
2 0.554090 0.153333 0.010554 0.066667
11 0.638522 0.273333 0.021108 0.066667
28 0.638522 0.393333 0.042216 0.066667
0 0.638522 0.153333 0.010554 0.066667
10 0.721636 0.753333 0.021108 0.066667
3 0.806069 0.273333 0.010554 0.066667
24 0.806069 0.393333 0.021108 0.066667
5 0.889182 0.753333 0.010554 0.066667
1 0.889182 0.633333 0.010554 0.066667