0 0.120198 0.753333 0.009913 0.066667
6 0.190830 0.753333 0.009913 0.066667
8 0.262701 0.753333 0.009913 0.066667
11 0.333333 0.273333 0.019827 0.066667
14 0.333333 0.513333 0.019827 0.066667
3 0.333333 0.393333 0.009913 0.066667
28 0.333333 0.633333 0.029740 0.066667
2 0.405204 0.753333 0.009913 0.066667
10 0.405204 0.153333 0.019827 0.066667
1 0.475836 0.633333 0.009913 0.066667
20 0.547708 0.273333 0.019827 0.066667
28 0.547708 0.153333 0.029740 0.066667
9 0.618340 0.633333 0.009913 0.066667
14 0.618340 0.273333 0.019827 0.066667
0 0.690211 0.753333 0.009913 0.066667
17 0.760843 0.513333 0.019827 0.066667
6 0.832714 0.153333 0.009913 0.066667
14 0.903346 0.513333 0.019827 0.066667
6 0.903346 0.393333 0.009913 0.066667