17 0.134343 0.753333 0.016162 0.066667
5 0.228283 0.393333 0.008081 0.066667
3 0.322222 0.153333 0.008081 0.066667
4 0.322222 0.513333 0.008081 0.066667
3 0.416162 0.633333 0.008081 0.066667
3 0.416162 0.513333 0.008081 0.066667
0 0.416162 0.753333 0.008081 0.066667
27 0.509596 0.513333 0.007071 0.053333
18 0.510101 0.153333 0.016162 0.066667
6 0.510101 0.393333 0.008081 0.066667
9 0.510101 0.273333 0.008081 0.066667
9 0.604040 0.153333 0.008081 0.066667
6 0.604040 0.393333 0.008081 0.066667
13 0.697980 0.633333 0.016162 0.066667
9 0.791919 0.753333 0.008081 0.066667
2 0.791919 0.513333 0.008081 0.066667
3 0.885859 0.513333 0.008081 0.066667