6 0.131265 0.753333 0.009547 0.066667
0 0.131265 0.393333 0.009547 0.066667
15 0.131265 0.513333 0.019093 0.066667
24 0.215990 0.273333 0.019093 0.066667
27 0.215394 0.393333 0.008353 0.053333
28 0.300716 0.273333 0.028640 0.066667
17 0.300716 0.753333 0.019093 0.066667
5 0.384248 0.753333 0.009547 0.066667
28 0.384248 0.513333 0.028640 0.066667
3 0.384248 0.633333 0.009547 0.066667
2 0.468974 0.153333 0.009547 0.066667
3 0.553699 0.393333 0.009547 0.066667
8 0.553699 0.153333 0.009547 0.066667
0 0.638425 0.633333 0.009547 0.066667
28 0.638425 0.393333 0.038186 0.066667
4 0.638425 0.513333 0.009547 0.066667
1 0.721957 0.153333 0.009547 0.066667
8 0.721957 0.393333 0.009547 0.066667
8 0.806683 0.513333 0.009547 0.066667
28 0.806683 0.753333 0.028640 0.066667
5 0.891408 0.633333 0.009547 0.066667
8 0.891408 0.153333 0.009547 0.066667
14 0.891408 0.273333 0.019093 0.066667