11 0.129545 0.513333 0.018182 0.066667
6 0.129545 0.393333 0.009091 0.066667
28 0.129545 0.273333 0.027273 0.066667
0 0.214773 0.153333 0.009091 0.066667
10 0.214773 0.633333 0.018182 0.066667
6 0.214773 0.753333 0.009091 0.066667
6 0.298864 0.393333 0.009091 0.066667
6 0.298864 0.153333 0.009091 0.066667
0 0.384091 0.513333 0.009091 0.066667
3 0.384091 0.273333 0.009091 0.066667
8 0.468182 0.513333 0.009091 0.066667
2 0.468182 0.153333 0.009091 0.066667
0 0.553409 0.633333 0.009091 0.066667
10 0.553409 0.153333 0.018182 0.066667
6 0.637500 0.273333 0.009091 0.066667
7 0.637500 0.393333 0.009091 0.066667
0 0.722727 0.753333 0.009091 0.066667
0 0.806818 0.393333 0.009091 0.066667
2 0.806818 0.753333 0.009091 0.066667
2 0.892045 0.513333 0.009091 0.066667
5 0.892045 0.753333 0.009091 0.066667
0 0.892045 0.153333 0.009091 0.066667
6 0.892045 0.393333 0.009091 0.066667