27 0.163710 0.753333 0.011290 0.053333
23 0.164516 0.513333 0.025806 0.066667
2 0.264516 0.753333 0.012903 0.066667
11 0.264516 0.633333 0.025806 0.066667
6 0.364516 0.513333 0.012903 0.066667
0 0.364516 0.153333 0.012903 0.066667
1 0.364516 0.633333 0.012903 0.066667
0 0.464516 0.513333 0.012903 0.066667
9 0.464516 0.153333 0.012903 0.066667
0 0.566129 0.633333 0.012903 0.066667
15 0.666129 0.393333 0.025806 0.066667
6 0.666129 0.513333 0.012903 0.066667
4 0.666129 0.633333 0.012903 0.066667
24 0.766129 0.753333 0.025806 0.066667
1 0.766129 0.273333 0.012903 0.066667
2 0.866129 0.273333 0.012903 0.066667
12 0.866129 0.393333 0.025806 0.066667