0 0.143223 0.273333 0.010230 0.066667
3 0.143223 0.393333 0.010230 0.066667
2 0.235294 0.633333 0.010230 0.066667
5 0.327366 0.753333 0.010230 0.066667
0 0.327366 0.513333 0.010230 0.066667
0 0.419437 0.633333 0.010230 0.066667
21 0.512788 0.633333 0.020460 0.066667
3 0.604859 0.513333 0.010230 0.066667
13 0.604859 0.153333 0.020460 0.066667
22 0.696931 0.633333 0.020460 0.066667
3 0.696931 0.273333 0.010230 0.066667
0 0.696931 0.513333 0.010230 0.066667
0 0.789003 0.153333 0.010230 0.066667
2 0.789003 0.633333 0.010230 0.066667
7 0.881074 0.273333 0.010230 0.066667
3 0.881074 0.393333 0.010230 0.066667