28 0.182754 0.513333 0.030888 0.066667
12 0.182754 0.153333 0.020592 0.066667
2 0.314028 0.513333 0.010296 0.066667
11 0.314028 0.393333 0.020592 0.066667
0 0.446589 0.153333 0.010296 0.066667
5 0.446589 0.633333 0.010296 0.066667
15 0.577864 0.753333 0.020592 0.066667
2 0.577864 0.153333 0.010296 0.066667
28 0.577864 0.393333 0.030888 0.066667
2 0.577864 0.273333 0.010296 0.066667
0 0.710425 0.153333 0.010296 0.066667
23 0.841699 0.753333 0.020592 0.066667
8 0.841699 0.633333 0.010296 0.066667
23 0.841699 0.513333 0.020592 0.066667