3 0.145405 0.753333 0.010974 0.066667
24 0.145405 0.633333 0.021948 0.066667
12 0.237311 0.153333 0.021948 0.066667
0 0.329218 0.273333 0.010974 0.066667
21 0.329218 0.753333 0.021948 0.066667
7 0.421125 0.513333 0.010974 0.066667
6 0.421125 0.393333 0.010974 0.066667
12 0.513032 0.273333 0.021948 0.066667
1 0.513032 0.513333 0.010974 0.066667
2 0.604938 0.273333 0.010974 0.066667
7 0.696845 0.513333 0.010974 0.066667
24 0.788752 0.393333 0.021948 0.066667
6 0.880658 0.633333 0.010974 0.066667
2 0.880658 0.273333 0.010974 0.066667