10 0.176279 0.513333 0.017410 0.066667
17 0.176279 0.633333 0.017410 0.066667
6 0.176279 0.273333 0.008705 0.066667
4 0.176279 0.393333 0.008705 0.066667
1 0.310120 0.153333 0.008705 0.066667
8 0.310120 0.273333 0.008705 0.066667
9 0.310120 0.393333 0.008705 0.066667
6 0.443961 0.633333 0.008705 0.066667
6 0.443961 0.273333 0.008705 0.066667
12 0.576714 0.393333 0.017410 0.066667
12 0.576714 0.753333 0.017410 0.066667
5 0.576714 0.513333 0.008705 0.066667
9 0.576714 0.153333 0.008705 0.066667
0 0.710555 0.513333 0.008705 0.066667
3 0.844396 0.393333 0.008705 0.066667
0 0.844396 0.753333 0.008705 0.066667
5 0.844396 0.633333 0.008705 0.066667