10 0.140794 0.513333 0.019254 0.066667
27 0.140193 0.633333 0.008424 0.053333
1 0.233454 0.633333 0.009627 0.066667
27 0.232852 0.393333 0.008424 0.053333
12 0.326113 0.753333 0.019254 0.066667
17 0.326113 0.633333 0.019254 0.066667
1 0.326113 0.153333 0.009627 0.066667
28 0.418773 0.153333 0.038508 0.066667
0 0.418773 0.753333 0.009627 0.066667
4 0.511432 0.273333 0.009627 0.066667
13 0.511432 0.513333 0.019254 0.066667
1 0.604091 0.633333 0.009627 0.066667
4 0.604091 0.393333 0.009627 0.066667
1 0.604091 0.153333 0.009627 0.066667
0 0.696751 0.393333 0.009627 0.066667
2 0.789410 0.513333 0.009627 0.066667
1 0.789410 0.753333 0.009627 0.066667
27 0.882671 0.153333 0.008424 0.053333
5 0.882070 0.513333 0.009627 0.066667
8 0.882070 0.633333 0.009627 0.066667
0 0.882070 0.273333 0.009627 0.066667