6 0.159483 0.633333 0.008621 0.066667
24 0.276940 0.273333 0.017241 0.066667
14 0.276940 0.513333 0.017241 0.066667
1 0.276940 0.153333 0.008621 0.066667
0 0.276940 0.753333 0.008621 0.066667
2 0.393319 0.273333 0.008621 0.066667
15 0.393319 0.393333 0.017241 0.066667
27 0.510237 0.633333 0.007543 0.053333
4 0.510776 0.513333 0.008621 0.066667
0 0.627155 0.513333 0.008621 0.066667
4 0.744612 0.153333 0.008621 0.066667
3 0.744612 0.513333 0.008621 0.066667
5 0.744612 0.393333 0.008621 0.066667
13 0.744612 0.633333 0.017241 0.066667
3 0.860991 0.153333 0.008621 0.066667
13 0.860991 0.753333 0.017241 0.066667