2 0.163200 0.753333 0.012800 0.066667
7 0.264000 0.753333 0.012800 0.066667
6 0.364800 0.633333 0.012800 0.066667
0 0.364800 0.513333 0.012800 0.066667
13 0.465600 0.513333 0.025600 0.066667
2 0.564800 0.753333 0.012800 0.066667
18 0.564800 0.513333 0.025600 0.066667
7 0.564800 0.273333 0.012800 0.066667
0 0.665600 0.513333 0.012800 0.066667
3 0.665600 0.393333 0.012800 0.066667
2 0.766400 0.393333 0.012800 0.066667
19 0.766400 0.153333 0.025600 0.066667
5 0.766400 0.633333 0.012800 0.066667
7 0.867200 0.273333 0.012800 0.066667
0 0.867200 0.153333 0.012800 0.066667
8 0.867200 0.513333 0.012800 0.066667