11 0.122853 0.513333 0.021136 0.066667
14 0.122853 0.153333 0.021136 0.066667
21 0.194188 0.153333 0.021136 0.066667
10 0.194188 0.273333 0.021136 0.066667
2 0.194188 0.393333 0.010568 0.066667
7 0.264201 0.513333 0.010568 0.066667
3 0.335535 0.513333 0.010568 0.066667
13 0.335535 0.393333 0.021136 0.066667
0 0.406869 0.153333 0.010568 0.066667
5 0.406869 0.513333 0.010568 0.066667
0 0.406869 0.633333 0.010568 0.066667
0 0.476882 0.393333 0.010568 0.066667
1 0.476882 0.273333 0.010568 0.066667
2 0.548217 0.393333 0.010568 0.066667
0 0.548217 0.273333 0.010568 0.066667
0 0.618230 0.153333 0.010568 0.066667
1 0.618230 0.393333 0.010568 0.066667
4 0.618230 0.513333 0.010568 0.066667
8 0.618230 0.633333 0.010568 0.066667
5 0.689564 0.753333 0.010568 0.066667
1 0.760898 0.753333 0.010568 0.066667
0 0.760898 0.633333 0.010568 0.066667
0 0.760898 0.513333 0.010568 0.066667
16 0.830911 0.753333 0.021136 0.066667
15 0.830911 0.273333 0.021136 0.066667
0 0.830911 0.393333 0.010568 0.066667
8 0.902246 0.753333 0.010568 0.066667
2 0.902246 0.393333 0.010568 0.066667