1 0.134367 0.153333 0.010336 0.066667
11 0.134367 0.633333 0.020672 0.066667
15 0.218346 0.753333 0.020672 0.066667
13 0.218346 0.513333 0.020672 0.066667
2 0.218346 0.273333 0.010336 0.066667
2 0.302326 0.753333 0.010336 0.066667
11 0.302326 0.513333 0.020672 0.066667
2 0.302326 0.393333 0.010336 0.066667
0 0.386305 0.273333 0.010336 0.066667
3 0.386305 0.633333 0.010336 0.066667
7 0.386305 0.513333 0.010336 0.066667
0 0.470284 0.273333 0.010336 0.066667
3 0.554264 0.633333 0.010336 0.066667
2 0.638243 0.393333 0.010336 0.066667
22 0.638243 0.153333 0.020672 0.066667
5 0.722222 0.273333 0.010336 0.066667
20 0.722222 0.393333 0.020672 0.066667
12 0.722222 0.633333 0.020672 0.066667
1 0.806202 0.393333 0.010336 0.066667
5 0.806202 0.633333 0.010336 0.066667
0 0.890181 0.393333 0.010336 0.066667