5 0.155372 0.273333 0.013223 0.066667
0 0.155372 0.393333 0.013223 0.066667
6 0.246281 0.753333 0.013223 0.066667
0 0.246281 0.153333 0.013223 0.066667
0 0.335537 0.273333 0.013223 0.066667
6 0.335537 0.513333 0.013223 0.066667
1 0.335537 0.633333 0.013223 0.066667
2 0.426446 0.153333 0.013223 0.066667
5 0.515702 0.153333 0.013223 0.066667
4 0.515702 0.513333 0.013223 0.066667
18 0.515702 0.393333 0.026446 0.066667
11 0.606612 0.393333 0.026446 0.066667
1 0.606612 0.273333 0.013223 0.066667
20 0.606612 0.753333 0.026446 0.066667
1 0.695868 0.753333 0.013223 0.066667
11 0.695868 0.273333 0.026446 0.066667
6 0.695868 0.513333 0.013223 0.066667
11 0.786777 0.393333 0.026446 0.066667
1 0.786777 0.753333 0.013223 0.066667
27 0.785950 0.513333 0.011570 0.053333
3 0.876033 0.513333 0.013223 0.066667