0 0.125000 0.153333 0.010989 0.066667
6 0.125000 0.393333 0.010989 0.066667
2 0.195055 0.633333 0.010989 0.066667
8 0.195055 0.513333 0.010989 0.066667
5 0.266484 0.153333 0.010989 0.066667
20 0.266484 0.753333 0.021978 0.066667
9 0.266484 0.513333 0.010989 0.066667
1 0.336538 0.393333 0.010989 0.066667
8 0.406593 0.633333 0.010989 0.066667
9 0.406593 0.153333 0.010989 0.066667
5 0.478022 0.633333 0.010989 0.066667
28 0.548077 0.273333 0.032967 0.066667
24 0.548077 0.633333 0.021978 0.066667
3 0.619505 0.753333 0.010989 0.066667
3 0.619505 0.273333 0.010989 0.066667
22 0.689560 0.633333 0.021978 0.066667
21 0.689560 0.393333 0.021978 0.066667
4 0.689560 0.273333 0.010989 0.066667
17 0.759615 0.153333 0.021978 0.066667
28 0.759615 0.513333 0.032967 0.066667
27 0.830357 0.153333 0.009615 0.053333
15 0.831044 0.273333 0.021978 0.066667
4 0.831044 0.633333 0.010989 0.066667
16 0.901099 0.753333 0.021978 0.066667