1 0.127119 0.633333 0.008475 0.066667
10 0.211864 0.633333 0.016949 0.066667
1 0.211864 0.153333 0.008475 0.066667
1 0.211864 0.753333 0.008475 0.066667
0 0.297669 0.753333 0.008475 0.066667
0 0.297669 0.513333 0.008475 0.066667
14 0.297669 0.273333 0.016949 0.066667
27 0.381886 0.633333 0.007415 0.053333
17 0.467161 0.393333 0.016949 0.066667
4 0.552966 0.753333 0.008475 0.066667
6 0.552966 0.393333 0.008475 0.066667
15 0.637712 0.153333 0.016949 0.066667
24 0.637712 0.753333 0.016949 0.066667
0 0.722458 0.153333 0.008475 0.066667
5 0.722458 0.273333 0.008475 0.066667
28 0.722458 0.393333 0.033898 0.066667
9 0.808263 0.753333 0.008475 0.066667
27 0.893538 0.273333 0.007415 0.053333