5 0.185539 0.153333 0.010914 0.066667
10 0.316508 0.633333 0.021828 0.066667
2 0.447476 0.753333 0.010914 0.066667
2 0.447476 0.513333 0.010914 0.066667
9 0.447476 0.393333 0.010914 0.066667
11 0.578445 0.273333 0.021828 0.066667
2 0.578445 0.513333 0.010914 0.066667
7 0.709413 0.633333 0.010914 0.066667
20 0.709413 0.153333 0.021828 0.066667
14 0.709413 0.513333 0.021828 0.066667
6 0.709413 0.393333 0.010914 0.066667
13 0.840382 0.513333 0.021828 0.066667
4 0.840382 0.273333 0.010914 0.066667
1 0.840382 0.633333 0.010914 0.066667