28 0.121279 0.393333 0.026461 0.066667
4 0.199559 0.393333 0.008820 0.066667
12 0.199559 0.633333 0.017641 0.066667
22 0.276736 0.753333 0.017641 0.066667
1 0.276736 0.393333 0.008820 0.066667
13 0.276736 0.153333 0.017641 0.066667
5 0.276736 0.633333 0.008820 0.066667
1 0.355017 0.393333 0.008820 0.066667
3 0.355017 0.753333 0.008820 0.066667
2 0.355017 0.273333 0.008820 0.066667
0 0.432194 0.753333 0.008820 0.066667
24 0.432194 0.153333 0.017641 0.066667
9 0.432194 0.633333 0.008820 0.066667
3 0.432194 0.273333 0.008820 0.066667
2 0.510474 0.753333 0.008820 0.066667
2 0.510474 0.513333 0.008820 0.066667
8 0.588754 0.513333 0.008820 0.066667
1 0.588754 0.393333 0.008820 0.066667
4 0.665932 0.393333 0.008820 0.066667
13 0.744212 0.393333 0.017641 0.066667
28 0.744212 0.753333 0.026461 0.066667
8 0.744212 0.513333 0.008820 0.066667
15 0.744212 0.273333 0.017641 0.066667
3 0.821389 0.513333 0.008820 0.066667
3 0.821389 0.633333 0.008820 0.066667
0 0.899669 0.273333 0.008820 0.066667
0 0.899669 0.393333 0.008820 0.066667