0 0.130699 0.273333 0.012158 0.066667
7 0.200608 0.513333 0.012158 0.066667
16 0.200608 0.153333 0.024316 0.066667
8 0.270517 0.633333 0.012158 0.066667
0 0.270517 0.153333 0.012158 0.066667
0 0.340426 0.513333 0.012158 0.066667
7 0.410334 0.153333 0.012158 0.066667
4 0.410334 0.633333 0.012158 0.066667
2 0.410334 0.753333 0.012158 0.066667
23 0.410334 0.393333 0.024316 0.066667
3 0.480243 0.633333 0.012158 0.066667
4 0.480243 0.513333 0.012158 0.066667
4 0.480243 0.753333 0.012158 0.066667
5 0.550152 0.393333 0.012158 0.066667
2 0.620061 0.393333 0.012158 0.066667
2 0.620061 0.753333 0.012158 0.066667
0 0.689970 0.393333 0.012158 0.066667
22 0.689970 0.753333 0.024316 0.066667
1 0.689970 0.513333 0.012158 0.066667
5 0.759878 0.633333 0.012158 0.066667
12 0.759878 0.153333 0.024316 0.066667
4 0.829787 0.513333 0.012158 0.066667
3 0.899696 0.513333 0.012158 0.066667