16 0.118421 0.273333 0.016194 0.066667
6 0.196356 0.633333 0.008097 0.066667
4 0.196356 0.513333 0.008097 0.066667
1 0.275304 0.513333 0.008097 0.066667
5 0.275304 0.753333 0.008097 0.066667
3 0.353239 0.153333 0.008097 0.066667
4 0.431174 0.153333 0.008097 0.066667
1 0.510121 0.633333 0.008097 0.066667
4 0.588057 0.633333 0.008097 0.066667
0 0.588057 0.393333 0.008097 0.066667
10 0.665992 0.273333 0.016194 0.066667
5 0.665992 0.393333 0.008097 0.066667
2 0.744939 0.633333 0.008097 0.066667
20 0.744939 0.393333 0.016194 0.066667
17 0.744939 0.753333 0.016194 0.066667
15 0.744939 0.153333 0.016194 0.066667
28 0.822874 0.393333 0.024291 0.066667
28 0.900810 0.513333 0.024291 0.066667
5 0.900810 0.153333 0.008097 0.066667