0 0.133267 0.633333 0.008016 0.066667
1 0.133267 0.753333 0.008016 0.066667
0 0.227455 0.153333 0.008016 0.066667
0 0.227455 0.273333 0.008016 0.066667
6 0.227455 0.513333 0.008016 0.066667
0 0.321643 0.393333 0.008016 0.066667
7 0.321643 0.513333 0.008016 0.066667
4 0.321643 0.273333 0.008016 0.066667
28 0.415832 0.393333 0.024048 0.066667
0 0.415832 0.753333 0.008016 0.066667
13 0.510020 0.273333 0.016032 0.066667
2 0.510020 0.513333 0.008016 0.066667
7 0.510020 0.633333 0.008016 0.066667
6 0.603206 0.153333 0.008016 0.066667
0 0.697395 0.273333 0.008016 0.066667
4 0.697395 0.753333 0.008016 0.066667
9 0.791583 0.633333 0.008016 0.066667
0 0.885772 0.513333 0.008016 0.066667
0 0.885772 0.753333 0.008016 0.066667