4 0.161787 0.753333 0.012327 0.066667
3 0.261941 0.633333 0.012327 0.066667
27 0.262712 0.153333 0.010786 0.053333
12 0.261941 0.753333 0.024653 0.066667
24 0.363636 0.513333 0.024653 0.066667
1 0.363636 0.633333 0.012327 0.066667
28 0.463790 0.513333 0.036980 0.066667
1 0.463790 0.153333 0.012327 0.066667
1 0.565485 0.753333 0.012327 0.066667
0 0.565485 0.393333 0.012327 0.066667
27 0.666410 0.513333 0.010786 0.053333
3 0.665639 0.633333 0.012327 0.066667
7 0.767334 0.393333 0.012327 0.066667
4 0.867488 0.393333 0.012327 0.066667
6 0.867488 0.753333 0.012327 0.066667
2 0.867488 0.273333 0.012327 0.066667
6 0.867488 0.633333 0.012327 0.066667