3 0.127273 0.393333 0.008556 0.066667
7 0.127273 0.753333 0.008556 0.066667
0 0.127273 0.513333 0.008556 0.066667
27 0.127807 0.273333 0.007487 0.053333
2 0.212834 0.393333 0.008556 0.066667
9 0.212834 0.153333 0.008556 0.066667
5 0.297326 0.273333 0.008556 0.066667
20 0.297326 0.153333 0.017112 0.066667
18 0.382888 0.633333 0.017112 0.066667
6 0.382888 0.393333 0.008556 0.066667
13 0.467380 0.153333 0.017112 0.066667
2 0.467380 0.753333 0.008556 0.066667
7 0.552941 0.513333 0.008556 0.066667
7 0.552941 0.273333 0.008556 0.066667
5 0.552941 0.633333 0.008556 0.066667
8 0.552941 0.753333 0.008556 0.066667
10 0.637433 0.513333 0.017112 0.066667
3 0.722995 0.273333 0.008556 0.066667
7 0.722995 0.393333 0.008556 0.066667
11 0.722995 0.753333 0.017112 0.066667
0 0.807487 0.273333 0.008556 0.066667
9 0.807487 0.633333 0.008556 0.066667
19 0.893048 0.273333 0.017112 0.066667