3 0.157001 0.273333 0.011315 0.066667
0 0.258840 0.273333 0.011315 0.066667
5 0.258840 0.393333 0.011315 0.066667
28 0.258840 0.753333 0.033946 0.066667
10 0.360679 0.513333 0.022631 0.066667
3 0.360679 0.753333 0.011315 0.066667
0 0.360679 0.153333 0.011315 0.066667
9 0.462518 0.273333 0.011315 0.066667
0 0.462518 0.633333 0.011315 0.066667
1 0.564356 0.513333 0.011315 0.066667
14 0.564356 0.273333 0.022631 0.066667
10 0.564356 0.153333 0.022631 0.066667
2 0.564356 0.633333 0.011315 0.066667
5 0.666195 0.393333 0.011315 0.066667
14 0.666195 0.153333 0.022631 0.066667
7 0.768034 0.153333 0.011315 0.066667
2 0.768034 0.753333 0.011315 0.066667
1 0.768034 0.273333 0.011315 0.066667
9 0.768034 0.513333 0.011315 0.066667
0 0.869873 0.753333 0.011315 0.066667
0 0.869873 0.633333 0.011315 0.066667