0 0.133013 0.393333 0.012821 0.066667
2 0.201923 0.153333 0.012821 0.066667
9 0.201923 0.393333 0.012821 0.066667
5 0.201923 0.753333 0.012821 0.066667
0 0.201923 0.273333 0.012821 0.066667
8 0.272436 0.633333 0.012821 0.066667
5 0.272436 0.393333 0.012821 0.066667
7 0.341346 0.513333 0.012821 0.066667
1 0.341346 0.273333 0.012821 0.066667
2 0.341346 0.753333 0.012821 0.066667
3 0.410256 0.513333 0.012821 0.066667
13 0.480769 0.753333 0.025641 0.066667
11 0.480769 0.273333 0.025641 0.066667
19 0.480769 0.513333 0.025641 0.066667
3 0.480769 0.153333 0.012821 0.066667
12 0.549679 0.273333 0.025641 0.066667
4 0.620192 0.633333 0.012821 0.066667
6 0.620192 0.753333 0.012821 0.066667
9 0.620192 0.153333 0.012821 0.066667
2 0.689103 0.633333 0.012821 0.066667
11 0.758013 0.393333 0.025641 0.066667
2 0.758013 0.273333 0.012821 0.066667
9 0.828526 0.753333 0.012821 0.066667
6 0.828526 0.273333 0.012821 0.066667
8 0.897436 0.633333 0.012821 0.066667