17 0.174312 0.153333 0.016310 0.066667
3 0.174312 0.753333 0.008155 0.066667
3 0.174312 0.513333 0.008155 0.066667
1 0.174312 0.633333 0.008155 0.066667
1 0.308869 0.393333 0.008155 0.066667
0 0.308869 0.153333 0.008155 0.066667
4 0.308869 0.633333 0.008155 0.066667
20 0.308869 0.513333 0.016310 0.066667
24 0.442406 0.513333 0.016310 0.066667
5 0.442406 0.393333 0.008155 0.066667
3 0.576962 0.513333 0.008155 0.066667
8 0.576962 0.633333 0.008155 0.066667
2 0.576962 0.393333 0.008155 0.066667
8 0.710499 0.273333 0.008155 0.066667
11 0.710499 0.153333 0.016310 0.066667
19 0.845056 0.393333 0.016310 0.066667