9 0.125150 0.753333 0.009627 0.066667
3 0.125150 0.393333 0.009627 0.066667
3 0.125150 0.513333 0.009627 0.066667
5 0.125150 0.633333 0.009627 0.066667
12 0.202166 0.753333 0.019254 0.066667
27 0.279783 0.633333 0.008424 0.053333
5 0.357401 0.513333 0.009627 0.066667
1 0.434416 0.513333 0.009627 0.066667
8 0.434416 0.753333 0.009627 0.066667
3 0.511432 0.513333 0.009627 0.066667
3 0.511432 0.633333 0.009627 0.066667
0 0.588448 0.393333 0.009627 0.066667
8 0.588448 0.513333 0.009627 0.066667
0 0.666667 0.273333 0.009627 0.066667
23 0.666667 0.633333 0.019254 0.066667
14 0.743682 0.273333 0.019254 0.066667
4 0.743682 0.393333 0.009627 0.066667
12 0.820698 0.393333 0.019254 0.066667
5 0.820698 0.153333 0.009627 0.066667
24 0.897714 0.753333 0.019254 0.066667
9 0.897714 0.153333 0.009627 0.066667
4 0.897714 0.393333 0.009627 0.066667