9 0.179976 0.393333 0.009535 0.066667
1 0.179976 0.633333 0.009535 0.066667
7 0.312277 0.273333 0.009535 0.066667
16 0.312277 0.393333 0.019070 0.066667
10 0.312277 0.153333 0.019070 0.066667
11 0.312277 0.753333 0.019070 0.066667
28 0.444577 0.153333 0.028605 0.066667
7 0.444577 0.753333 0.009535 0.066667
11 0.578069 0.393333 0.019070 0.066667
2 0.578069 0.273333 0.009535 0.066667
7 0.710369 0.633333 0.009535 0.066667
22 0.710369 0.273333 0.019070 0.066667
6 0.710369 0.393333 0.009535 0.066667
23 0.710369 0.753333 0.019070 0.066667
28 0.842670 0.273333 0.028605 0.066667
6 0.842670 0.753333 0.009535 0.066667
10 0.842670 0.513333 0.019070 0.066667