7 0.175532 0.153333 0.008511 0.066667
2 0.175532 0.393333 0.008511 0.066667
3 0.175532 0.753333 0.008511 0.066667
8 0.309574 0.153333 0.008511 0.066667
21 0.309574 0.393333 0.017021 0.066667
21 0.443617 0.273333 0.017021 0.066667
0 0.443617 0.633333 0.008511 0.066667
13 0.443617 0.753333 0.017021 0.066667
23 0.576596 0.513333 0.017021 0.066667
0 0.576596 0.273333 0.008511 0.066667
6 0.576596 0.153333 0.008511 0.066667
2 0.710638 0.753333 0.008511 0.066667
3 0.710638 0.273333 0.008511 0.066667
3 0.710638 0.633333 0.008511 0.066667
13 0.844681 0.153333 0.017021 0.066667
3 0.844681 0.393333 0.008511 0.066667
11 0.844681 0.633333 0.017021 0.066667