23 0.136659 0.753333 0.017354 0.066667
9 0.229935 0.393333 0.008677 0.066667
3 0.229935 0.153333 0.008677 0.066667
2 0.229935 0.273333 0.008677 0.066667
8 0.229935 0.753333 0.008677 0.066667
3 0.323210 0.273333 0.008677 0.066667
4 0.323210 0.513333 0.008677 0.066667
0 0.416486 0.393333 0.008677 0.066667
22 0.510846 0.513333 0.017354 0.066667
27 0.510304 0.753333 0.007592 0.053333
21 0.510846 0.153333 0.017354 0.066667
1 0.604121 0.513333 0.008677 0.066667
2 0.604121 0.153333 0.008677 0.066667
2 0.697397 0.753333 0.008677 0.066667
0 0.697397 0.513333 0.008677 0.066667
18 0.790672 0.273333 0.017354 0.066667
1 0.883948 0.273333 0.008677 0.066667
8 0.883948 0.153333 0.008677 0.066667