8 0.149275 0.753333 0.011594 0.066667
3 0.149275 0.513333 0.011594 0.066667
4 0.240580 0.273333 0.011594 0.066667
27 0.239855 0.753333 0.010145 0.053333
27 0.331159 0.393333 0.010145 0.053333
7 0.331884 0.153333 0.011594 0.066667
23 0.423188 0.753333 0.023188 0.066667
22 0.423188 0.393333 0.023188 0.066667
9 0.514493 0.513333 0.011594 0.066667
2 0.514493 0.753333 0.011594 0.066667
10 0.514493 0.273333 0.023188 0.066667
13 0.605797 0.633333 0.023188 0.066667
19 0.605797 0.153333 0.023188 0.066667
3 0.605797 0.393333 0.011594 0.066667
22 0.697101 0.753333 0.023188 0.066667
12 0.697101 0.633333 0.023188 0.066667
5 0.788406 0.513333 0.011594 0.066667
0 0.788406 0.633333 0.011594 0.066667
13 0.788406 0.153333 0.023188 0.066667
5 0.788406 0.393333 0.011594 0.066667
11 0.879710 0.393333 0.023188 0.066667