4 0.140580 0.153333 0.011594 0.066667
11 0.140580 0.513333 0.023188 0.066667
17 0.223188 0.153333 0.023188 0.066667
3 0.223188 0.753333 0.011594 0.066667
19 0.223188 0.393333 0.023188 0.066667
4 0.305797 0.753333 0.011594 0.066667
24 0.389855 0.513333 0.023188 0.066667
5 0.389855 0.633333 0.011594 0.066667
0 0.389855 0.753333 0.011594 0.066667
0 0.472464 0.753333 0.011594 0.066667
0 0.472464 0.273333 0.011594 0.066667
3 0.555072 0.273333 0.011594 0.066667
1 0.637681 0.753333 0.011594 0.066667
18 0.637681 0.393333 0.023188 0.066667
3 0.637681 0.153333 0.011594 0.066667
5 0.721739 0.153333 0.011594 0.066667
6 0.721739 0.273333 0.011594 0.066667
16 0.804348 0.633333 0.023188 0.066667
0 0.804348 0.273333 0.011594 0.066667
0 0.804348 0.393333 0.011594 0.066667
5 0.886957 0.753333 0.011594 0.066667
14 0.886957 0.513333 0.023188 0.066667
0 0.886957 0.633333 0.011594 0.066667
2 0.886957 0.393333 0.011594 0.066667