7 0.139181 0.513333 0.009357 0.066667
4 0.139181 0.273333 0.009357 0.066667
5 0.139181 0.153333 0.009357 0.066667
28 0.232749 0.393333 0.028070 0.066667
3 0.325146 0.753333 0.009357 0.066667
1 0.325146 0.273333 0.009357 0.066667
5 0.418713 0.753333 0.009357 0.066667
9 0.511111 0.513333 0.009357 0.066667
11 0.511111 0.753333 0.018713 0.066667
22 0.604678 0.513333 0.018713 0.066667
9 0.604678 0.273333 0.009357 0.066667
19 0.697076 0.393333 0.018713 0.066667
10 0.697076 0.633333 0.018713 0.066667
27 0.697661 0.153333 0.008187 0.053333
9 0.790643 0.513333 0.009357 0.066667
21 0.790643 0.753333 0.018713 0.066667
1 0.790643 0.633333 0.009357 0.066667
8 0.790643 0.153333 0.009357 0.066667
2 0.883041 0.153333 0.009357 0.066667
2 0.883041 0.273333 0.009357 0.066667