5 0.120603 0.273333 0.010050 0.066667
7 0.120603 0.633333 0.010050 0.066667
0 0.192211 0.633333 0.010050 0.066667
19 0.192211 0.513333 0.020101 0.066667
28 0.262563 0.633333 0.030151 0.066667
10 0.334171 0.513333 0.020101 0.066667
10 0.334171 0.753333 0.020101 0.066667
7 0.405779 0.393333 0.010050 0.066667
19 0.405779 0.153333 0.020101 0.066667
1 0.476131 0.153333 0.010050 0.066667
2 0.476131 0.513333 0.010050 0.066667
2 0.547739 0.393333 0.010050 0.066667
11 0.547739 0.273333 0.020101 0.066667
0 0.547739 0.633333 0.010050 0.066667
1 0.547739 0.513333 0.010050 0.066667
24 0.618090 0.753333 0.020101 0.066667
2 0.618090 0.633333 0.010050 0.066667
11 0.689698 0.273333 0.020101 0.066667
2 0.689698 0.633333 0.010050 0.066667
18 0.689698 0.153333 0.020101 0.066667
4 0.689698 0.393333 0.010050 0.066667
5 0.761307 0.633333 0.010050 0.066667
2 0.761307 0.513333 0.010050 0.066667
13 0.761307 0.393333 0.020101 0.066667
4 0.831658 0.153333 0.010050 0.066667
8 0.903266 0.753333 0.010050 0.066667