0 0.126241 0.273333 0.011348 0.066667
1 0.126241 0.393333 0.011348 0.066667
10 0.126241 0.753333 0.022695 0.066667
4 0.126241 0.513333 0.011348 0.066667
1 0.197163 0.153333 0.011348 0.066667
21 0.197163 0.393333 0.022695 0.066667
12 0.266667 0.393333 0.022695 0.066667
6 0.337589 0.153333 0.011348 0.066667
2 0.337589 0.273333 0.011348 0.066667
0 0.337589 0.633333 0.011348 0.066667
11 0.337589 0.513333 0.022695 0.066667
2 0.408511 0.513333 0.011348 0.066667
0 0.408511 0.393333 0.011348 0.066667
28 0.478014 0.633333 0.034043 0.066667
3 0.548936 0.393333 0.011348 0.066667
3 0.548936 0.633333 0.011348 0.066667
16 0.618440 0.633333 0.022695 0.066667
0 0.689362 0.393333 0.011348 0.066667
0 0.760284 0.753333 0.011348 0.066667
9 0.760284 0.273333 0.011348 0.066667
23 0.760284 0.393333 0.022695 0.066667
8 0.829787 0.393333 0.011348 0.066667
8 0.829787 0.753333 0.011348 0.066667
1 0.829787 0.513333 0.011348 0.066667
8 0.900709 0.273333 0.011348 0.066667
0 0.900709 0.513333 0.011348 0.066667