4 0.137892 0.633333 0.008969 0.066667
4 0.230942 0.513333 0.008969 0.066667
13 0.230942 0.273333 0.017937 0.066667
8 0.323991 0.753333 0.008969 0.066667
20 0.323991 0.393333 0.017937 0.066667
1 0.323991 0.153333 0.008969 0.066667
7 0.417040 0.393333 0.008969 0.066667
11 0.417040 0.153333 0.017937 0.066667
18 0.511211 0.153333 0.017937 0.066667
1 0.604260 0.633333 0.008969 0.066667
9 0.604260 0.393333 0.008969 0.066667
8 0.604260 0.153333 0.008969 0.066667
17 0.604260 0.753333 0.017937 0.066667
0 0.697309 0.393333 0.008969 0.066667
2 0.697309 0.633333 0.008969 0.066667
6 0.697309 0.153333 0.008969 0.066667
5 0.790359 0.273333 0.008969 0.066667
4 0.883408 0.273333 0.008969 0.066667