1 0.147219 0.633333 0.008724 0.066667
6 0.250818 0.513333 0.008724 0.066667
13 0.250818 0.393333 0.017448 0.066667
2 0.250818 0.153333 0.008724 0.066667
2 0.354417 0.513333 0.008724 0.066667
10 0.354417 0.153333 0.017448 0.066667
0 0.354417 0.273333 0.008724 0.066667
3 0.354417 0.393333 0.008724 0.066667
3 0.458015 0.393333 0.008724 0.066667
2 0.458015 0.513333 0.008724 0.066667
1 0.562704 0.513333 0.008724 0.066667
3 0.562704 0.273333 0.008724 0.066667
10 0.562704 0.393333 0.017448 0.066667
21 0.666303 0.393333 0.017448 0.066667
10 0.666303 0.633333 0.017448 0.066667
2 0.769902 0.393333 0.008724 0.066667
9 0.873501 0.393333 0.008724 0.066667