28 0.136170 0.633333 0.025532 0.066667
1 0.136170 0.513333 0.008511 0.066667
4 0.229787 0.513333 0.008511 0.066667
2 0.229787 0.153333 0.008511 0.066667
3 0.229787 0.753333 0.008511 0.066667
3 0.323404 0.513333 0.008511 0.066667
1 0.417021 0.153333 0.008511 0.066667
10 0.417021 0.393333 0.017021 0.066667
7 0.417021 0.753333 0.008511 0.066667
0 0.510638 0.513333 0.008511 0.066667
2 0.510638 0.753333 0.008511 0.066667
0 0.510638 0.153333 0.008511 0.066667
15 0.604255 0.153333 0.017021 0.066667
15 0.604255 0.273333 0.017021 0.066667
20 0.604255 0.513333 0.017021 0.066667
5 0.697872 0.513333 0.008511 0.066667
10 0.697872 0.753333 0.017021 0.066667
8 0.697872 0.393333 0.008511 0.066667
13 0.791489 0.633333 0.017021 0.066667
9 0.791489 0.753333 0.008511 0.066667
18 0.791489 0.153333 0.017021 0.066667
24 0.885106 0.753333 0.017021 0.066667
0 0.885106 0.513333 0.008511 0.066667
20 0.885106 0.273333 0.017021 0.066667