2 0.134995 0.393333 0.008307 0.066667
27 0.134476 0.633333 0.007269 0.053333
4 0.228453 0.513333 0.008307 0.066667
0 0.228453 0.753333 0.008307 0.066667
11 0.228453 0.393333 0.016615 0.066667
18 0.321911 0.513333 0.016615 0.066667
20 0.321911 0.393333 0.016615 0.066667
5 0.416407 0.513333 0.008307 0.066667
3 0.416407 0.153333 0.008307 0.066667
2 0.416407 0.633333 0.008307 0.066667
1 0.509865 0.513333 0.008307 0.066667
4 0.509865 0.393333 0.008307 0.066667
0 0.509865 0.633333 0.008307 0.066667
18 0.603323 0.513333 0.016615 0.066667
4 0.603323 0.393333 0.008307 0.066667
0 0.697819 0.633333 0.008307 0.066667
2 0.697819 0.153333 0.008307 0.066667
2 0.791277 0.393333 0.008307 0.066667
9 0.791277 0.153333 0.008307 0.066667
3 0.791277 0.273333 0.008307 0.066667
12 0.884735 0.393333 0.016615 0.066667
16 0.884735 0.273333 0.016615 0.066667