0 0.138533 0.633333 0.009313 0.066667
17 0.138533 0.513333 0.018626 0.066667
6 0.138533 0.273333 0.009313 0.066667
11 0.231665 0.633333 0.018626 0.066667
8 0.231665 0.393333 0.009313 0.066667
3 0.324796 0.393333 0.009313 0.066667
3 0.324796 0.753333 0.009313 0.066667
3 0.324796 0.153333 0.009313 0.066667
1 0.417928 0.513333 0.009313 0.066667
5 0.417928 0.273333 0.009313 0.066667
24 0.511059 0.273333 0.018626 0.066667
9 0.511059 0.153333 0.009313 0.066667
2 0.511059 0.753333 0.009313 0.066667
28 0.604191 0.153333 0.027939 0.066667
4 0.604191 0.753333 0.009313 0.066667
6 0.604191 0.633333 0.009313 0.066667
1 0.697322 0.273333 0.009313 0.066667
24 0.697322 0.513333 0.018626 0.066667
2 0.790454 0.513333 0.009313 0.066667
17 0.790454 0.753333 0.018626 0.066667
6 0.790454 0.273333 0.009313 0.066667
12 0.790454 0.153333 0.018626 0.066667
2 0.883586 0.273333 0.009313 0.066667