13 0.144410 0.633333 0.024845 0.066667
15 0.144410 0.273333 0.024845 0.066667
21 0.226708 0.753333 0.024845 0.066667
8 0.309006 0.513333 0.012422 0.066667
12 0.309006 0.633333 0.024845 0.066667
13 0.391304 0.153333 0.024845 0.066667
8 0.391304 0.273333 0.012422 0.066667
4 0.391304 0.633333 0.012422 0.066667
12 0.473602 0.753333 0.024845 0.066667
14 0.555901 0.393333 0.024845 0.066667
15 0.555901 0.273333 0.024845 0.066667
28 0.555901 0.513333 0.037267 0.066667
3 0.638199 0.393333 0.012422 0.066667
0 0.638199 0.513333 0.012422 0.066667
24 0.720497 0.153333 0.024845 0.066667
6 0.802795 0.633333 0.012422 0.066667
0 0.802795 0.273333 0.012422 0.066667
9 0.885093 0.153333 0.012422 0.066667
3 0.885093 0.393333 0.012422 0.066667
3 0.885093 0.513333 0.012422 0.066667