28 0.121604 0.753333 0.031048 0.066667
0 0.192755 0.393333 0.010349 0.066667
12 0.263907 0.153333 0.020699 0.066667
3 0.263907 0.753333 0.010349 0.066667
9 0.335058 0.753333 0.010349 0.066667
27 0.334411 0.513333 0.009056 0.053333
10 0.335058 0.633333 0.020699 0.066667
27 0.405563 0.273333 0.009056 0.053333
28 0.406210 0.153333 0.031048 0.066667
16 0.477361 0.393333 0.020699 0.066667
0 0.477361 0.753333 0.010349 0.066667
6 0.477361 0.633333 0.010349 0.066667
28 0.547219 0.153333 0.031048 0.066667
15 0.547219 0.753333 0.020699 0.066667
8 0.547219 0.513333 0.010349 0.066667
20 0.618370 0.633333 0.020699 0.066667
10 0.618370 0.393333 0.020699 0.066667
27 0.690168 0.753333 0.009056 0.053333
1 0.689521 0.393333 0.010349 0.066667
5 0.689521 0.273333 0.010349 0.066667
24 0.760673 0.153333 0.020699 0.066667
10 0.760673 0.273333 0.020699 0.066667
21 0.760673 0.633333 0.020699 0.066667
22 0.831824 0.513333 0.020699 0.066667
10 0.831824 0.753333 0.020699 0.066667
8 0.831824 0.393333 0.010349 0.066667
9 0.831824 0.273333 0.010349 0.066667
2 0.902975 0.633333 0.010349 0.066667