21 0.121816 0.273333 0.017719 0.066667
1 0.121816 0.753333 0.008859 0.066667
0 0.199336 0.153333 0.008859 0.066667
18 0.276855 0.513333 0.017719 0.066667
18 0.276855 0.633333 0.017719 0.066667
5 0.276855 0.273333 0.008859 0.066667
6 0.355482 0.513333 0.008859 0.066667
2 0.355482 0.753333 0.008859 0.066667
9 0.355482 0.153333 0.008859 0.066667
17 0.433001 0.153333 0.017719 0.066667
5 0.433001 0.753333 0.008859 0.066667
2 0.433001 0.273333 0.008859 0.066667
2 0.510520 0.393333 0.008859 0.066667
2 0.510520 0.633333 0.008859 0.066667
1 0.588040 0.153333 0.008859 0.066667
12 0.588040 0.513333 0.017719 0.066667
10 0.588040 0.393333 0.017719 0.066667
0 0.588040 0.273333 0.008859 0.066667
15 0.666667 0.273333 0.017719 0.066667
1 0.666667 0.393333 0.008859 0.066667
12 0.744186 0.513333 0.017719 0.066667
4 0.744186 0.153333 0.008859 0.066667
1 0.821705 0.273333 0.008859 0.066667
1 0.821705 0.513333 0.008859 0.066667
17 0.899225 0.513333 0.017719 0.066667
9 0.899225 0.633333 0.008859 0.066667
18 0.899225 0.753333 0.017719 0.066667