0 0.114286 0.273333 0.008466 0.066667
3 0.186243 0.273333 0.008466 0.066667
0 0.186243 0.393333 0.008466 0.066667
2 0.186243 0.153333 0.008466 0.066667
0 0.186243 0.513333 0.008466 0.066667
13 0.258201 0.513333 0.016931 0.066667
0 0.258201 0.633333 0.008466 0.066667
3 0.330159 0.273333 0.008466 0.066667
3 0.330159 0.153333 0.008466 0.066667
5 0.402116 0.633333 0.008466 0.066667
0 0.402116 0.513333 0.008466 0.066667
4 0.402116 0.273333 0.008466 0.066667
7 0.474074 0.633333 0.008466 0.066667
0 0.474074 0.273333 0.008466 0.066667
2 0.474074 0.753333 0.008466 0.066667
0 0.546032 0.633333 0.008466 0.066667
1 0.617989 0.513333 0.008466 0.066667
0 0.617989 0.753333 0.008466 0.066667
2 0.689947 0.753333 0.008466 0.066667
19 0.689947 0.633333 0.016931 0.066667
18 0.689947 0.513333 0.016931 0.066667
5 0.761905 0.273333 0.008466 0.066667
14 0.761905 0.513333 0.016931 0.066667
6 0.833862 0.513333 0.008466 0.066667
2 0.833862 0.153333 0.008466 0.066667
0 0.905820 0.273333 0.008466 0.066667
11 0.905820 0.153333 0.016931 0.066667