2 0.141089 0.513333 0.009901 0.066667
6 0.141089 0.273333 0.009901 0.066667
9 0.141089 0.633333 0.009901 0.066667
2 0.233911 0.753333 0.009901 0.066667
5 0.233911 0.153333 0.009901 0.066667
10 0.233911 0.513333 0.019802 0.066667
11 0.326733 0.513333 0.019802 0.066667
19 0.419554 0.513333 0.019802 0.066667
0 0.512376 0.633333 0.009901 0.066667
6 0.512376 0.753333 0.009901 0.066667
11 0.512376 0.393333 0.019802 0.066667
0 0.512376 0.273333 0.009901 0.066667
10 0.603960 0.273333 0.019802 0.066667
7 0.696782 0.153333 0.009901 0.066667
3 0.696782 0.633333 0.009901 0.066667
11 0.789604 0.273333 0.019802 0.066667
4 0.882426 0.153333 0.009901 0.066667
9 0.882426 0.273333 0.009901 0.066667