0 0.156593 0.273333 0.010989 0.066667
17 0.156593 0.513333 0.021978 0.066667
1 0.156593 0.393333 0.010989 0.066667
0 0.258242 0.513333 0.010989 0.066667
7 0.258242 0.273333 0.010989 0.066667
28 0.258242 0.633333 0.032967 0.066667
12 0.258242 0.753333 0.021978 0.066667
3 0.359890 0.393333 0.010989 0.066667
7 0.359890 0.273333 0.010989 0.066667
15 0.359890 0.753333 0.021978 0.066667
9 0.461538 0.513333 0.010989 0.066667
3 0.461538 0.393333 0.010989 0.066667
1 0.564560 0.513333 0.010989 0.066667
6 0.564560 0.273333 0.010989 0.066667
4 0.564560 0.393333 0.010989 0.066667
1 0.666209 0.153333 0.010989 0.066667
12 0.666209 0.273333 0.021978 0.066667
5 0.767857 0.753333 0.010989 0.066667
2 0.767857 0.393333 0.010989 0.066667
5 0.767857 0.273333 0.010989 0.066667
9 0.767857 0.153333 0.010989 0.066667
4 0.869505 0.513333 0.010989 0.066667