0 0.128358 0.513333 0.011940 0.066667
4 0.128358 0.753333 0.011940 0.066667
5 0.128358 0.273333 0.011940 0.066667
27 0.129104 0.633333 0.010448 0.053333
21 0.198507 0.273333 0.023881 0.066667
6 0.268657 0.153333 0.011940 0.066667
5 0.268657 0.513333 0.011940 0.066667
5 0.338806 0.153333 0.011940 0.066667
24 0.338806 0.393333 0.023881 0.066667
22 0.338806 0.273333 0.023881 0.066667
3 0.338806 0.753333 0.011940 0.066667
5 0.408955 0.633333 0.011940 0.066667
3 0.408955 0.393333 0.011940 0.066667
22 0.408955 0.273333 0.023881 0.066667
7 0.479104 0.153333 0.011940 0.066667
18 0.479104 0.633333 0.023881 0.066667
6 0.479104 0.753333 0.011940 0.066667
7 0.549254 0.513333 0.011940 0.066667
0 0.619403 0.753333 0.011940 0.066667
10 0.619403 0.273333 0.023881 0.066667
27 0.688806 0.273333 0.010448 0.053333
16 0.689552 0.513333 0.023881 0.066667
8 0.689552 0.753333 0.011940 0.066667
3 0.759701 0.393333 0.011940 0.066667
1 0.829851 0.393333 0.011940 0.066667
5 0.829851 0.513333 0.011940 0.066667
0 0.829851 0.153333 0.011940 0.066667
4 0.829851 0.753333 0.011940 0.066667
8 0.900000 0.633333 0.011940 0.066667
7 0.900000 0.753333 0.011940 0.066667
4 0.900000 0.153333 0.011940 0.066667