8 0.134890 0.633333 0.010376 0.066667
7 0.134890 0.513333 0.010376 0.066667
2 0.219196 0.753333 0.010376 0.066667
17 0.302205 0.393333 0.020752 0.066667
0 0.302205 0.153333 0.010376 0.066667
1 0.302205 0.273333 0.010376 0.066667
27 0.387160 0.273333 0.009079 0.053333
28 0.386511 0.753333 0.031128 0.066667
2 0.386511 0.393333 0.010376 0.066667
1 0.470817 0.753333 0.010376 0.066667
0 0.470817 0.393333 0.010376 0.066667
28 0.470817 0.153333 0.041505 0.066667
1 0.553826 0.513333 0.010376 0.066667
12 0.553826 0.393333 0.020752 0.066667
4 0.553826 0.633333 0.010376 0.066667
11 0.638132 0.273333 0.020752 0.066667
2 0.638132 0.633333 0.010376 0.066667
7 0.638132 0.513333 0.010376 0.066667
27 0.721790 0.633333 0.009079 0.053333
5 0.722438 0.393333 0.010376 0.066667
2 0.805447 0.273333 0.010376 0.066667
11 0.889754 0.393333 0.020752 0.066667
5 0.889754 0.633333 0.010376 0.066667