0 0.136913 0.753333 0.010738 0.066667
7 0.136913 0.273333 0.010738 0.066667
10 0.136913 0.633333 0.021477 0.066667
19 0.220134 0.393333 0.021477 0.066667
17 0.220134 0.633333 0.021477 0.066667
4 0.303356 0.633333 0.010738 0.066667
9 0.303356 0.273333 0.010738 0.066667
2 0.387919 0.633333 0.010738 0.066667
0 0.387919 0.753333 0.010738 0.066667
4 0.471141 0.273333 0.010738 0.066667
0 0.471141 0.153333 0.010738 0.066667
6 0.554362 0.513333 0.010738 0.066667
12 0.554362 0.273333 0.021477 0.066667
7 0.637584 0.153333 0.010738 0.066667
17 0.722148 0.393333 0.021477 0.066667
10 0.722148 0.153333 0.021477 0.066667
10 0.805369 0.153333 0.021477 0.066667
14 0.805369 0.513333 0.021477 0.066667
11 0.805369 0.393333 0.021477 0.066667
4 0.805369 0.273333 0.010738 0.066667
6 0.888591 0.753333 0.010738 0.066667