13 0.129323 0.273333 0.024060 0.066667
0 0.129323 0.753333 0.012030 0.066667
6 0.129323 0.153333 0.012030 0.066667
6 0.200000 0.393333 0.012030 0.066667
0 0.200000 0.753333 0.012030 0.066667
24 0.200000 0.273333 0.024060 0.066667
2 0.269173 0.273333 0.012030 0.066667
13 0.339850 0.153333 0.024060 0.066667
9 0.409023 0.513333 0.012030 0.066667
11 0.409023 0.753333 0.024060 0.066667
8 0.409023 0.273333 0.012030 0.066667
9 0.479699 0.393333 0.012030 0.066667
23 0.479699 0.753333 0.024060 0.066667
3 0.548872 0.633333 0.012030 0.066667
12 0.548872 0.513333 0.024060 0.066667
2 0.548872 0.273333 0.012030 0.066667
1 0.619549 0.633333 0.012030 0.066667
13 0.619549 0.273333 0.024060 0.066667
7 0.619549 0.393333 0.012030 0.066667
2 0.619549 0.753333 0.012030 0.066667
2 0.688722 0.393333 0.012030 0.066667
9 0.688722 0.513333 0.012030 0.066667
15 0.759398 0.633333 0.024060 0.066667
4 0.759398 0.273333 0.012030 0.066667
4 0.759398 0.753333 0.012030 0.066667
0 0.828571 0.393333 0.012030 0.066667
6 0.899248 0.753333 0.012030 0.066667