2 0.148526 0.513333 0.009070 0.066667
4 0.148526 0.633333 0.009070 0.066667
12 0.148526 0.753333 0.018141 0.066667
3 0.251701 0.633333 0.009070 0.066667
13 0.251701 0.753333 0.018141 0.066667
8 0.356009 0.393333 0.009070 0.066667
3 0.356009 0.273333 0.009070 0.066667
21 0.356009 0.753333 0.018141 0.066667
8 0.459184 0.153333 0.009070 0.066667
2 0.562358 0.273333 0.009070 0.066667
2 0.666667 0.513333 0.009070 0.066667
2 0.769841 0.153333 0.009070 0.066667
28 0.873016 0.513333 0.036281 0.066667
7 0.873016 0.633333 0.009070 0.066667