0 0.141439 0.633333 0.009926 0.066667
2 0.141439 0.153333 0.009926 0.066667
0 0.141439 0.753333 0.009926 0.066667
5 0.141439 0.393333 0.009926 0.066667
27 0.233871 0.513333 0.008685 0.053333
19 0.326303 0.393333 0.019851 0.066667
1 0.326303 0.513333 0.009926 0.066667
0 0.419355 0.753333 0.009926 0.066667
7 0.419355 0.153333 0.009926 0.066667
5 0.419355 0.513333 0.009926 0.066667
7 0.419355 0.393333 0.009926 0.066667
19 0.512407 0.273333 0.019851 0.066667
13 0.512407 0.153333 0.019851 0.066667
6 0.604218 0.273333 0.009926 0.066667
27 0.604839 0.393333 0.008685 0.053333
2 0.604218 0.753333 0.009926 0.066667
4 0.604218 0.513333 0.009926 0.066667
9 0.697270 0.273333 0.009926 0.066667
4 0.789082 0.513333 0.009926 0.066667
4 0.882134 0.633333 0.009926 0.066667
9 0.882134 0.393333 0.009926 0.066667
16 0.882134 0.513333 0.019851 0.066667
0 0.882134 0.753333 0.009926 0.066667