13 0.155229 0.273333 0.026144 0.066667
6 0.245098 0.633333 0.013072 0.066667
4 0.245098 0.393333 0.013072 0.066667
10 0.245098 0.513333 0.026144 0.066667
15 0.334967 0.393333 0.026144 0.066667
27 0.335784 0.153333 0.011438 0.053333
5 0.334967 0.633333 0.013072 0.066667
2 0.424837 0.153333 0.013072 0.066667
28 0.424837 0.633333 0.052288 0.066667
3 0.424837 0.273333 0.013072 0.066667
15 0.424837 0.393333 0.026144 0.066667
4 0.516340 0.153333 0.013072 0.066667
13 0.516340 0.633333 0.026144 0.066667
0 0.606209 0.753333 0.013072 0.066667
0 0.606209 0.153333 0.013072 0.066667
6 0.696078 0.273333 0.013072 0.066667
6 0.696078 0.153333 0.013072 0.066667
7 0.696078 0.753333 0.013072 0.066667
16 0.785948 0.753333 0.026144 0.066667
6 0.785948 0.513333 0.013072 0.066667
5 0.785948 0.633333 0.013072 0.066667
13 0.875817 0.513333 0.026144 0.066667
6 0.875817 0.273333 0.013072 0.066667