7 0.134106 0.273333 0.013245 0.066667
5 0.203642 0.513333 0.013245 0.066667
23 0.203642 0.273333 0.026490 0.066667
2 0.273179 0.633333 0.013245 0.066667
0 0.273179 0.153333 0.013245 0.066667
23 0.273179 0.273333 0.026490 0.066667
4 0.342715 0.753333 0.013245 0.066667
9 0.412252 0.633333 0.013245 0.066667
4 0.412252 0.153333 0.013245 0.066667
9 0.481788 0.753333 0.013245 0.066667
3 0.549669 0.633333 0.013245 0.066667
28 0.549669 0.153333 0.039735 0.066667
10 0.549669 0.513333 0.026490 0.066667
6 0.619205 0.513333 0.013245 0.066667
8 0.688742 0.513333 0.013245 0.066667
3 0.688742 0.393333 0.013245 0.066667
24 0.688742 0.153333 0.026490 0.066667
12 0.758278 0.513333 0.026490 0.066667
4 0.827815 0.393333 0.013245 0.066667
27 0.826987 0.753333 0.011589 0.053333
1 0.827815 0.633333 0.013245 0.066667
28 0.897351 0.273333 0.052980 0.066667
1 0.897351 0.513333 0.013245 0.066667