3 0.151478 0.513333 0.009852 0.066667
28 0.151478 0.393333 0.029557 0.066667
22 0.254926 0.393333 0.019704 0.066667
27 0.254310 0.633333 0.008621 0.053333
1 0.357143 0.393333 0.009852 0.066667
9 0.357143 0.753333 0.009852 0.066667
4 0.460591 0.273333 0.009852 0.066667
2 0.562808 0.153333 0.009852 0.066667
4 0.562808 0.393333 0.009852 0.066667
0 0.562808 0.633333 0.009852 0.066667
6 0.666256 0.633333 0.009852 0.066667
1 0.768473 0.753333 0.009852 0.066667
1 0.768473 0.393333 0.009852 0.066667
9 0.768473 0.513333 0.009852 0.066667
1 0.768473 0.633333 0.009852 0.066667
11 0.871921 0.393333 0.019704 0.066667