5 0.149236 0.393333 0.009401 0.066667
6 0.149236 0.753333 0.009401 0.066667
2 0.149236 0.633333 0.009401 0.066667
0 0.252644 0.393333 0.009401 0.066667
21 0.252644 0.273333 0.018801 0.066667
0 0.252644 0.753333 0.009401 0.066667
0 0.356052 0.153333 0.009401 0.066667
13 0.459459 0.513333 0.018801 0.066667
12 0.459459 0.393333 0.018801 0.066667
2 0.459459 0.633333 0.009401 0.066667
5 0.562867 0.393333 0.009401 0.066667
14 0.666275 0.153333 0.018801 0.066667
0 0.666275 0.513333 0.009401 0.066667
4 0.666275 0.273333 0.009401 0.066667
2 0.769683 0.273333 0.009401 0.066667
27 0.872503 0.753333 0.008226 0.053333
0 0.873090 0.273333 0.009401 0.066667