11 0.177384 0.273333 0.017738 0.066667
1 0.310421 0.633333 0.008869 0.066667
0 0.310421 0.153333 0.008869 0.066667
18 0.443459 0.273333 0.017738 0.066667
27 0.577051 0.633333 0.007761 0.053333
6 0.577605 0.513333 0.008869 0.066667
3 0.577605 0.753333 0.008869 0.066667
4 0.577605 0.393333 0.008869 0.066667
2 0.710643 0.153333 0.008869 0.066667
3 0.710643 0.633333 0.008869 0.066667
2 0.710643 0.273333 0.008869 0.066667
21 0.710643 0.753333 0.017738 0.066667
0 0.843681 0.513333 0.008869 0.066667
24 0.843681 0.273333 0.017738 0.066667