10 0.122034 0.753333 0.018079 0.066667
15 0.200000 0.273333 0.018079 0.066667
19 0.200000 0.513333 0.018079 0.066667
2 0.277966 0.513333 0.009040 0.066667
5 0.277966 0.393333 0.009040 0.066667
5 0.277966 0.153333 0.009040 0.066667
27 0.355367 0.753333 0.007910 0.053333
5 0.432768 0.513333 0.009040 0.066667
18 0.432768 0.153333 0.018079 0.066667
7 0.510734 0.633333 0.009040 0.066667
5 0.510734 0.393333 0.009040 0.066667
14 0.510734 0.513333 0.018079 0.066667
1 0.588701 0.273333 0.009040 0.066667
2 0.588701 0.753333 0.009040 0.066667
14 0.666667 0.513333 0.018079 0.066667
11 0.666667 0.153333 0.018079 0.066667
1 0.666667 0.753333 0.009040 0.066667
2 0.743503 0.393333 0.009040 0.066667
9 0.743503 0.753333 0.009040 0.066667
8 0.821469 0.273333 0.009040 0.066667
2 0.821469 0.633333 0.009040 0.066667
0 0.821469 0.153333 0.009040 0.066667
0 0.899435 0.753333 0.009040 0.066667
3 0.899435 0.513333 0.009040 0.066667