4 0.137472 0.753333 0.008869 0.066667
0 0.137472 0.513333 0.008869 0.066667
2 0.230599 0.633333 0.008869 0.066667
4 0.230599 0.153333 0.008869 0.066667
5 0.230599 0.273333 0.008869 0.066667
13 0.323725 0.273333 0.017738 0.066667
22 0.416851 0.393333 0.017738 0.066667
9 0.511086 0.273333 0.008869 0.066667
10 0.511086 0.153333 0.017738 0.066667
0 0.511086 0.633333 0.008869 0.066667
5 0.511086 0.753333 0.008869 0.066667
8 0.604213 0.273333 0.008869 0.066667
8 0.604213 0.753333 0.008869 0.066667
3 0.697339 0.273333 0.008869 0.066667
0 0.790466 0.153333 0.008869 0.066667
22 0.790466 0.633333 0.017738 0.066667
7 0.883592 0.633333 0.008869 0.066667
0 0.883592 0.753333 0.008869 0.066667
12 0.883592 0.273333 0.017738 0.066667