7 0.185083 0.273333 0.011050 0.066667
23 0.316298 0.513333 0.022099 0.066667
13 0.316298 0.633333 0.022099 0.066667
6 0.447514 0.393333 0.011050 0.066667
12 0.447514 0.753333 0.022099 0.066667
13 0.447514 0.633333 0.022099 0.066667
28 0.447514 0.273333 0.033149 0.066667
18 0.578729 0.753333 0.022099 0.066667
2 0.578729 0.513333 0.011050 0.066667
28 0.578729 0.273333 0.044199 0.066667
0 0.709945 0.273333 0.011050 0.066667
7 0.709945 0.153333 0.011050 0.066667
8 0.709945 0.393333 0.011050 0.066667
24 0.709945 0.513333 0.022099 0.066667
1 0.841160 0.753333 0.011050 0.066667
13 0.841160 0.513333 0.022099 0.066667
0 0.841160 0.273333 0.011050 0.066667