2 0.128889 0.753333 0.011852 0.066667
0 0.128889 0.273333 0.011852 0.066667
9 0.128889 0.393333 0.011852 0.066667
7 0.198519 0.153333 0.011852 0.066667
8 0.198519 0.513333 0.011852 0.066667
1 0.268148 0.153333 0.011852 0.066667
1 0.268148 0.633333 0.011852 0.066667
7 0.339259 0.393333 0.011852 0.066667
16 0.339259 0.753333 0.023704 0.066667
10 0.408889 0.753333 0.023704 0.066667
7 0.478519 0.153333 0.011852 0.066667
0 0.549630 0.273333 0.011852 0.066667
9 0.549630 0.153333 0.011852 0.066667
3 0.549630 0.753333 0.011852 0.066667
10 0.619259 0.513333 0.023704 0.066667
5 0.688889 0.153333 0.011852 0.066667
10 0.688889 0.273333 0.023704 0.066667
18 0.760000 0.273333 0.023704 0.066667
22 0.760000 0.633333 0.023704 0.066667
4 0.760000 0.153333 0.011852 0.066667
3 0.829630 0.273333 0.011852 0.066667
13 0.829630 0.393333 0.023704 0.066667
14 0.899259 0.393333 0.023704 0.066667
10 0.899259 0.513333 0.023704 0.066667
3 0.899259 0.633333 0.011852 0.066667
6 0.899259 0.273333 0.011852 0.066667