17 0.152760 0.633333 0.020539 0.066667
7 0.152760 0.393333 0.010270 0.066667
0 0.152760 0.273333 0.010270 0.066667
0 0.255456 0.753333 0.010270 0.066667
28 0.255456 0.273333 0.030809 0.066667
0 0.358151 0.393333 0.010270 0.066667
6 0.358151 0.153333 0.010270 0.066667
3 0.460847 0.633333 0.010270 0.066667
5 0.460847 0.393333 0.010270 0.066667
20 0.563543 0.753333 0.020539 0.066667
13 0.666239 0.153333 0.020539 0.066667
5 0.666239 0.273333 0.010270 0.066667
0 0.768935 0.393333 0.010270 0.066667
2 0.768935 0.153333 0.010270 0.066667
0 0.871630 0.393333 0.010270 0.066667
1 0.871630 0.753333 0.010270 0.066667
22 0.871630 0.273333 0.020539 0.066667