8 0.161254 0.633333 0.008959 0.066667
0 0.161254 0.513333 0.008959 0.066667
18 0.161254 0.393333 0.017917 0.066667
0 0.277716 0.753333 0.008959 0.066667
2 0.277716 0.633333 0.008959 0.066667
0 0.394177 0.513333 0.008959 0.066667
7 0.394177 0.153333 0.008959 0.066667
4 0.510638 0.513333 0.008959 0.066667
13 0.510638 0.153333 0.017917 0.066667
5 0.510638 0.753333 0.008959 0.066667
7 0.510638 0.633333 0.008959 0.066667
1 0.627100 0.633333 0.008959 0.066667
0 0.743561 0.633333 0.008959 0.066667
13 0.860022 0.273333 0.017917 0.066667
0 0.860022 0.153333 0.008959 0.066667
6 0.860022 0.753333 0.008959 0.066667
0 0.860022 0.633333 0.008959 0.066667