5 0.114165 0.513333 0.008457 0.066667
8 0.114165 0.153333 0.008457 0.066667
3 0.186047 0.633333 0.008457 0.066667
0 0.186047 0.273333 0.008457 0.066667
11 0.257928 0.153333 0.016913 0.066667
5 0.329810 0.513333 0.008457 0.066667
11 0.401691 0.753333 0.016913 0.066667
28 0.401691 0.513333 0.025370 0.066667
5 0.473573 0.393333 0.008457 0.066667
16 0.473573 0.633333 0.016913 0.066667
5 0.546512 0.513333 0.008457 0.066667
0 0.546512 0.273333 0.008457 0.066667
19 0.546512 0.633333 0.016913 0.066667
3 0.546512 0.153333 0.008457 0.066667
6 0.618393 0.273333 0.008457 0.066667
8 0.690275 0.753333 0.008457 0.066667
11 0.690275 0.633333 0.016913 0.066667
5 0.762156 0.393333 0.008457 0.066667
3 0.762156 0.153333 0.008457 0.066667
24 0.762156 0.633333 0.016913 0.066667
6 0.834038 0.273333 0.008457 0.066667
0 0.905920 0.153333 0.008457 0.066667