1 0.137233 0.753333 0.008999 0.066667
9 0.137233 0.393333 0.008999 0.066667
18 0.137233 0.633333 0.017998 0.066667
8 0.137233 0.153333 0.008999 0.066667
4 0.230596 0.153333 0.008999 0.066667
5 0.230596 0.393333 0.008999 0.066667
10 0.323960 0.153333 0.017998 0.066667
4 0.323960 0.273333 0.008999 0.066667
1 0.323960 0.633333 0.008999 0.066667
6 0.417323 0.393333 0.008999 0.066667
3 0.417323 0.753333 0.008999 0.066667
12 0.417323 0.153333 0.017998 0.066667
13 0.510686 0.633333 0.017998 0.066667
2 0.510686 0.393333 0.008999 0.066667
12 0.604049 0.393333 0.017998 0.066667
7 0.604049 0.273333 0.008999 0.066667
20 0.604049 0.633333 0.017998 0.066667
0 0.697413 0.753333 0.008999 0.066667
24 0.697413 0.633333 0.017998 0.066667
3 0.697413 0.393333 0.008999 0.066667
17 0.697413 0.513333 0.017998 0.066667
9 0.790776 0.393333 0.008999 0.066667
0 0.790776 0.513333 0.008999 0.066667
9 0.884139 0.153333 0.008999 0.066667