7 0.165846 0.153333 0.013136 0.066667
5 0.266010 0.273333 0.013136 0.066667
17 0.266010 0.393333 0.026273 0.066667
1 0.366174 0.633333 0.013136 0.066667
0 0.366174 0.153333 0.013136 0.066667
5 0.466338 0.153333 0.013136 0.066667
19 0.466338 0.753333 0.026273 0.066667
7 0.466338 0.273333 0.013136 0.066667
2 0.566502 0.633333 0.013136 0.066667
0 0.666667 0.513333 0.013136 0.066667
3 0.766831 0.393333 0.013136 0.066667
0 0.766831 0.153333 0.013136 0.066667
20 0.766831 0.633333 0.026273 0.066667
4 0.766831 0.513333 0.013136 0.066667
1 0.866995 0.513333 0.013136 0.066667