13 0.142145 0.753333 0.019950 0.066667
13 0.142145 0.393333 0.019950 0.066667
3 0.234414 0.393333 0.009975 0.066667
1 0.234414 0.153333 0.009975 0.066667
24 0.234414 0.273333 0.019950 0.066667
6 0.234414 0.753333 0.009975 0.066667
5 0.326683 0.153333 0.009975 0.066667
5 0.326683 0.393333 0.009975 0.066667
4 0.418953 0.513333 0.009975 0.066667
20 0.418953 0.393333 0.019950 0.066667
4 0.418953 0.273333 0.009975 0.066667
10 0.512469 0.153333 0.019950 0.066667
1 0.512469 0.393333 0.009975 0.066667
28 0.604738 0.273333 0.029925 0.066667
2 0.604738 0.753333 0.009975 0.066667
4 0.697007 0.153333 0.009975 0.066667
2 0.697007 0.513333 0.009975 0.066667
18 0.789277 0.513333 0.019950 0.066667
13 0.789277 0.393333 0.019950 0.066667
0 0.789277 0.273333 0.009975 0.066667
5 0.881546 0.153333 0.009975 0.066667