0 0.142012 0.153333 0.011834 0.066667
18 0.142012 0.273333 0.023669 0.066667
1 0.142012 0.753333 0.011834 0.066667
0 0.224852 0.753333 0.011834 0.066667
27 0.224112 0.273333 0.010355 0.053333
10 0.224852 0.633333 0.023669 0.066667
11 0.307692 0.153333 0.023669 0.066667
4 0.307692 0.633333 0.011834 0.066667
8 0.307692 0.273333 0.011834 0.066667
14 0.390533 0.633333 0.023669 0.066667
5 0.390533 0.273333 0.011834 0.066667
7 0.390533 0.393333 0.011834 0.066667
0 0.473373 0.273333 0.011834 0.066667
0 0.556213 0.513333 0.011834 0.066667
10 0.639053 0.153333 0.023669 0.066667
8 0.721893 0.513333 0.011834 0.066667
15 0.721893 0.393333 0.023669 0.066667
9 0.804734 0.633333 0.011834 0.066667
1 0.887574 0.753333 0.011834 0.066667
0 0.887574 0.633333 0.011834 0.066667