3 0.141427 0.633333 0.010013 0.066667
11 0.141427 0.273333 0.020025 0.066667
5 0.234043 0.153333 0.010013 0.066667
28 0.234043 0.393333 0.030038 0.066667
0 0.326658 0.393333 0.010013 0.066667
7 0.326658 0.633333 0.010013 0.066667
22 0.419274 0.153333 0.020025 0.066667
27 0.419900 0.513333 0.008761 0.053333
1 0.419274 0.273333 0.010013 0.066667
5 0.511890 0.633333 0.010013 0.066667
5 0.511890 0.513333 0.010013 0.066667
2 0.604506 0.633333 0.010013 0.066667
27 0.603880 0.273333 0.008761 0.053333
7 0.697121 0.393333 0.010013 0.066667
2 0.697121 0.153333 0.010013 0.066667
20 0.697121 0.633333 0.020025 0.066667
0 0.697121 0.273333 0.010013 0.066667
20 0.789737 0.393333 0.020025 0.066667
28 0.882353 0.513333 0.030038 0.066667
3 0.882353 0.273333 0.010013 0.066667