0 0.115092 0.753333 0.008686 0.066667
11 0.115092 0.273333 0.017372 0.066667
3 0.186754 0.513333 0.008686 0.066667
0 0.186754 0.393333 0.008686 0.066667
7 0.258415 0.633333 0.008686 0.066667
2 0.258415 0.513333 0.008686 0.066667
7 0.330076 0.273333 0.008686 0.066667
3 0.330076 0.753333 0.008686 0.066667
5 0.402823 0.513333 0.008686 0.066667
3 0.402823 0.753333 0.008686 0.066667
4 0.474484 0.273333 0.008686 0.066667
17 0.474484 0.513333 0.017372 0.066667
28 0.474484 0.393333 0.034745 0.066667
1 0.546145 0.513333 0.008686 0.066667
2 0.617807 0.513333 0.008686 0.066667
5 0.617807 0.153333 0.008686 0.066667
2 0.617807 0.633333 0.008686 0.066667
10 0.690554 0.753333 0.017372 0.066667
7 0.762215 0.393333 0.008686 0.066667
21 0.833876 0.633333 0.017372 0.066667
2 0.833876 0.273333 0.008686 0.066667
5 0.905537 0.393333 0.008686 0.066667