1 0.166667 0.153333 0.010417 0.066667
28 0.166667 0.513333 0.031250 0.066667
13 0.166667 0.753333 0.020833 0.066667
20 0.282552 0.153333 0.020833 0.066667
3 0.282552 0.273333 0.010417 0.066667
1 0.282552 0.633333 0.010417 0.066667
5 0.397135 0.153333 0.010417 0.066667
15 0.397135 0.753333 0.020833 0.066667
0 0.397135 0.633333 0.010417 0.066667
14 0.513021 0.633333 0.020833 0.066667
15 0.513021 0.513333 0.020833 0.066667
20 0.627604 0.753333 0.020833 0.066667
5 0.743490 0.513333 0.010417 0.066667
10 0.743490 0.393333 0.020833 0.066667
4 0.858073 0.393333 0.010417 0.066667
23 0.858073 0.153333 0.020833 0.066667
1 0.858073 0.633333 0.010417 0.066667