28 0.148190 0.753333 0.027149 0.066667
2 0.148190 0.273333 0.009050 0.066667
10 0.148190 0.393333 0.018100 0.066667
22 0.252262 0.393333 0.018100 0.066667
10 0.355204 0.273333 0.018100 0.066667
11 0.355204 0.753333 0.018100 0.066667
1 0.459276 0.753333 0.009050 0.066667
12 0.459276 0.513333 0.018100 0.066667
3 0.459276 0.393333 0.009050 0.066667
1 0.562217 0.513333 0.009050 0.066667
0 0.666290 0.513333 0.009050 0.066667
27 0.665724 0.153333 0.007919 0.053333
11 0.666290 0.753333 0.018100 0.066667
1 0.769231 0.513333 0.009050 0.066667
14 0.873303 0.393333 0.018100 0.066667
13 0.873303 0.273333 0.018100 0.066667