7 0.160535 0.633333 0.008919 0.066667
6 0.277592 0.153333 0.008919 0.066667
13 0.277592 0.753333 0.017837 0.066667
8 0.277592 0.273333 0.008919 0.066667
0 0.393534 0.513333 0.008919 0.066667
3 0.510591 0.273333 0.008919 0.066667
0 0.510591 0.753333 0.008919 0.066667
8 0.627648 0.513333 0.008919 0.066667
8 0.627648 0.753333 0.008919 0.066667
5 0.627648 0.633333 0.008919 0.066667
3 0.743590 0.393333 0.008919 0.066667
17 0.743590 0.753333 0.017837 0.066667
0 0.860647 0.153333 0.008919 0.066667
12 0.860647 0.633333 0.017837 0.066667