1 0.149708 0.513333 0.009357 0.066667
1 0.149708 0.393333 0.009357 0.066667
3 0.149708 0.273333 0.009357 0.066667
3 0.252632 0.513333 0.009357 0.066667
3 0.252632 0.633333 0.009357 0.066667
7 0.252632 0.273333 0.009357 0.066667
20 0.356725 0.393333 0.018713 0.066667
0 0.356725 0.513333 0.009357 0.066667
7 0.459649 0.153333 0.009357 0.066667
4 0.459649 0.753333 0.009357 0.066667
1 0.459649 0.633333 0.009357 0.066667
9 0.562573 0.393333 0.009357 0.066667
9 0.666667 0.633333 0.009357 0.066667
3 0.769591 0.753333 0.009357 0.066667
3 0.769591 0.513333 0.009357 0.066667
12 0.872515 0.273333 0.018713 0.066667
21 0.872515 0.153333 0.018713 0.066667
0 0.872515 0.393333 0.009357 0.066667
6 0.872515 0.753333 0.009357 0.066667