19 0.162162 0.273333 0.018801 0.066667
10 0.162162 0.633333 0.018801 0.066667
11 0.162162 0.753333 0.018801 0.066667
18 0.278496 0.273333 0.018801 0.066667
7 0.394830 0.393333 0.009401 0.066667
1 0.511163 0.633333 0.009401 0.066667
5 0.511163 0.153333 0.009401 0.066667
4 0.511163 0.273333 0.009401 0.066667
0 0.627497 0.273333 0.009401 0.066667
18 0.627497 0.633333 0.018801 0.066667
28 0.743831 0.753333 0.028202 0.066667
11 0.743831 0.633333 0.018801 0.066667
18 0.860165 0.393333 0.018801 0.066667