0 0.177741 0.513333 0.013289 0.066667
11 0.177741 0.633333 0.026578 0.066667
9 0.290698 0.633333 0.013289 0.066667
7 0.290698 0.753333 0.013289 0.066667
1 0.403654 0.273333 0.013289 0.066667
20 0.403654 0.753333 0.026578 0.066667
15 0.516611 0.393333 0.026578 0.066667
14 0.516611 0.513333 0.026578 0.066667
27 0.515781 0.153333 0.011628 0.053333
12 0.516611 0.273333 0.026578 0.066667
8 0.627907 0.153333 0.013289 0.066667
15 0.627907 0.513333 0.026578 0.066667
1 0.740864 0.393333 0.013289 0.066667
13 0.740864 0.513333 0.026578 0.066667
0 0.853821 0.753333 0.013289 0.066667
1 0.853821 0.393333 0.013289 0.066667
23 0.853821 0.153333 0.026578 0.066667