8 0.158120 0.753333 0.011396 0.066667
5 0.158120 0.513333 0.011396 0.066667
6 0.259259 0.153333 0.011396 0.066667
1 0.259259 0.753333 0.011396 0.066667
1 0.361823 0.633333 0.011396 0.066667
6 0.361823 0.393333 0.011396 0.066667
19 0.462963 0.153333 0.022792 0.066667
20 0.462963 0.273333 0.022792 0.066667
0 0.564103 0.273333 0.011396 0.066667
5 0.564103 0.633333 0.011396 0.066667
8 0.666667 0.153333 0.011396 0.066667
3 0.767806 0.633333 0.011396 0.066667
15 0.767806 0.153333 0.022792 0.066667
2 0.767806 0.513333 0.011396 0.066667
28 0.868946 0.393333 0.034188 0.066667
3 0.868946 0.633333 0.011396 0.066667
9 0.868946 0.513333 0.011396 0.066667