10 0.185792 0.753333 0.021858 0.066667
2 0.316940 0.633333 0.010929 0.066667
9 0.316940 0.753333 0.010929 0.066667
3 0.316940 0.273333 0.010929 0.066667
0 0.448087 0.393333 0.010929 0.066667
24 0.448087 0.153333 0.021858 0.066667
8 0.448087 0.513333 0.010929 0.066667
5 0.579235 0.273333 0.010929 0.066667
0 0.579235 0.753333 0.010929 0.066667
11 0.579235 0.153333 0.021858 0.066667
0 0.710383 0.273333 0.010929 0.066667
1 0.841530 0.153333 0.010929 0.066667
5 0.841530 0.393333 0.010929 0.066667
28 0.841530 0.513333 0.043716 0.066667