5 0.167102 0.753333 0.010444 0.066667
3 0.167102 0.393333 0.010444 0.066667
2 0.281984 0.153333 0.010444 0.066667
6 0.281984 0.753333 0.010444 0.066667
1 0.281984 0.633333 0.010444 0.066667
28 0.396867 0.153333 0.041775 0.066667
1 0.396867 0.393333 0.010444 0.066667
4 0.513055 0.753333 0.010444 0.066667
0 0.627937 0.393333 0.010444 0.066667
0 0.627937 0.153333 0.010444 0.066667
2 0.627937 0.513333 0.010444 0.066667
9 0.742820 0.633333 0.010444 0.066667
6 0.742820 0.393333 0.010444 0.066667
23 0.742820 0.753333 0.020888 0.066667
1 0.857702 0.153333 0.010444 0.066667
19 0.857702 0.273333 0.020888 0.066667
22 0.857702 0.633333 0.020888 0.066667