1 0.126437 0.513333 0.008359 0.066667
4 0.212121 0.153333 0.008359 0.066667
5 0.296761 0.753333 0.008359 0.066667
12 0.296761 0.633333 0.016719 0.066667
1 0.382445 0.753333 0.008359 0.066667
13 0.382445 0.273333 0.016719 0.066667
0 0.467085 0.753333 0.008359 0.066667
10 0.467085 0.633333 0.016719 0.066667
1 0.467085 0.273333 0.008359 0.066667
7 0.552769 0.153333 0.008359 0.066667
9 0.552769 0.753333 0.008359 0.066667
4 0.552769 0.513333 0.008359 0.066667
6 0.637409 0.393333 0.008359 0.066667
2 0.637409 0.153333 0.008359 0.066667
16 0.723093 0.753333 0.016719 0.066667
11 0.723093 0.513333 0.016719 0.066667
1 0.723093 0.273333 0.008359 0.066667
9 0.807732 0.513333 0.008359 0.066667
20 0.807732 0.393333 0.016719 0.066667
3 0.807732 0.273333 0.008359 0.066667
5 0.807732 0.633333 0.008359 0.066667
1 0.893417 0.513333 0.008359 0.066667
3 0.893417 0.153333 0.008359 0.066667