2 0.135164 0.633333 0.008448 0.066667
23 0.135164 0.513333 0.016895 0.066667
6 0.135164 0.753333 0.008448 0.066667
2 0.229145 0.633333 0.008448 0.066667
1 0.229145 0.393333 0.008448 0.066667
28 0.323126 0.153333 0.033791 0.066667
10 0.323126 0.393333 0.016895 0.066667
20 0.416051 0.153333 0.016895 0.066667
14 0.416051 0.633333 0.016895 0.066667
3 0.416051 0.513333 0.008448 0.066667
0 0.416051 0.753333 0.008448 0.066667
9 0.510032 0.273333 0.008448 0.066667
3 0.510032 0.753333 0.008448 0.066667
19 0.604013 0.513333 0.016895 0.066667
27 0.603485 0.633333 0.007392 0.053333
2 0.696938 0.153333 0.008448 0.066667
27 0.791447 0.633333 0.007392 0.053333
2 0.790919 0.273333 0.008448 0.066667
1 0.790919 0.153333 0.008448 0.066667
0 0.884900 0.393333 0.008448 0.066667
0 0.884900 0.633333 0.008448 0.066667
5 0.884900 0.513333 0.008448 0.066667
0 0.884900 0.273333 0.008448 0.066667