1 0.122867 0.753333 0.009101 0.066667
4 0.122867 0.153333 0.009101 0.066667
8 0.122867 0.273333 0.009101 0.066667
9 0.122867 0.513333 0.009101 0.066667
4 0.200228 0.393333 0.009101 0.066667
21 0.200228 0.633333 0.018203 0.066667
3 0.277588 0.273333 0.009101 0.066667
1 0.356086 0.753333 0.009101 0.066667
27 0.355518 0.393333 0.007964 0.053333
28 0.356086 0.273333 0.027304 0.066667
24 0.433447 0.153333 0.018203 0.066667
28 0.433447 0.393333 0.027304 0.066667
5 0.510808 0.273333 0.009101 0.066667
8 0.588168 0.273333 0.009101 0.066667
4 0.588168 0.633333 0.009101 0.066667
19 0.666667 0.753333 0.018203 0.066667
12 0.666667 0.513333 0.018203 0.066667
12 0.666667 0.273333 0.018203 0.066667
7 0.666667 0.153333 0.009101 0.066667
19 0.744027 0.513333 0.018203 0.066667
3 0.744027 0.393333 0.009101 0.066667
28 0.744027 0.273333 0.036405 0.066667
3 0.821388 0.753333 0.009101 0.066667
5 0.821388 0.393333 0.009101 0.066667
13 0.821388 0.153333 0.018203 0.066667
0 0.898749 0.393333 0.009101 0.066667
4 0.898749 0.273333 0.009101 0.066667
6 0.898749 0.753333 0.009101 0.066667