7 0.177924 0.393333 0.013180 0.066667
21 0.177924 0.273333 0.026359 0.066667
6 0.289951 0.513333 0.013180 0.066667
10 0.403624 0.153333 0.026359 0.066667
7 0.403624 0.393333 0.013180 0.066667
8 0.515651 0.273333 0.013180 0.066667
2 0.515651 0.153333 0.013180 0.066667
19 0.515651 0.513333 0.026359 0.066667
10 0.515651 0.633333 0.026359 0.066667
1 0.627677 0.513333 0.013180 0.066667
11 0.627677 0.633333 0.026359 0.066667
0 0.627677 0.153333 0.013180 0.066667
5 0.627677 0.273333 0.013180 0.066667
10 0.741351 0.753333 0.026359 0.066667
0 0.741351 0.273333 0.013180 0.066667
20 0.853377 0.633333 0.026359 0.066667
22 0.853377 0.753333 0.026359 0.066667