28 0.120390 0.393333 0.026030 0.066667
2 0.198482 0.513333 0.008677 0.066667
1 0.276573 0.513333 0.008677 0.066667
21 0.276573 0.153333 0.017354 0.066667
1 0.276573 0.753333 0.008677 0.066667
3 0.276573 0.393333 0.008677 0.066667
0 0.354664 0.513333 0.008677 0.066667
1 0.354664 0.753333 0.008677 0.066667
10 0.354664 0.633333 0.017354 0.066667
4 0.354664 0.273333 0.008677 0.066667
2 0.432755 0.393333 0.008677 0.066667
12 0.510846 0.753333 0.017354 0.066667
4 0.587852 0.393333 0.008677 0.066667
7 0.665944 0.393333 0.008677 0.066667
4 0.744035 0.753333 0.008677 0.066667
3 0.822126 0.513333 0.008677 0.066667
0 0.822126 0.633333 0.008677 0.066667
0 0.900217 0.633333 0.008677 0.066667
11 0.900217 0.153333 0.017354 0.066667