2 0.146237 0.153333 0.008602 0.066667
9 0.250538 0.513333 0.008602 0.066667
6 0.250538 0.633333 0.008602 0.066667
5 0.354839 0.273333 0.008602 0.066667
28 0.354839 0.393333 0.025806 0.066667
0 0.458065 0.513333 0.008602 0.066667
1 0.458065 0.273333 0.008602 0.066667
0 0.458065 0.393333 0.008602 0.066667
1 0.458065 0.153333 0.008602 0.066667
8 0.562366 0.753333 0.008602 0.066667
6 0.562366 0.273333 0.008602 0.066667
8 0.666667 0.153333 0.008602 0.066667
1 0.666667 0.633333 0.008602 0.066667
1 0.769892 0.753333 0.008602 0.066667
7 0.874194 0.633333 0.008602 0.066667
0 0.874194 0.273333 0.008602 0.066667