5 0.157100 0.633333 0.008056 0.066667
0 0.157100 0.393333 0.008056 0.066667
0 0.157100 0.273333 0.008056 0.066667
17 0.274924 0.633333 0.016113 0.066667
6 0.391742 0.513333 0.008056 0.066667
28 0.391742 0.153333 0.024169 0.066667
22 0.391742 0.753333 0.016113 0.066667
0 0.391742 0.633333 0.008056 0.066667
12 0.509567 0.633333 0.016113 0.066667
0 0.627392 0.513333 0.008056 0.066667
2 0.627392 0.153333 0.008056 0.066667
0 0.627392 0.273333 0.008056 0.066667
3 0.744209 0.753333 0.008056 0.066667
1 0.862034 0.393333 0.008056 0.066667
4 0.862034 0.753333 0.008056 0.066667
1 0.862034 0.513333 0.008056 0.066667