6 0.157576 0.753333 0.008081 0.066667
4 0.157576 0.633333 0.008081 0.066667
7 0.274747 0.273333 0.008081 0.066667
28 0.274747 0.393333 0.032323 0.066667
2 0.274747 0.753333 0.008081 0.066667
12 0.391919 0.153333 0.016162 0.066667
28 0.391919 0.393333 0.024242 0.066667
0 0.510101 0.633333 0.008081 0.066667
16 0.510101 0.393333 0.016162 0.066667
5 0.510101 0.753333 0.008081 0.066667
8 0.627273 0.753333 0.008081 0.066667
7 0.627273 0.633333 0.008081 0.066667
1 0.744444 0.633333 0.008081 0.066667
0 0.861616 0.153333 0.008081 0.066667
28 0.861616 0.513333 0.024242 0.066667
3 0.861616 0.273333 0.008081 0.066667