8 0.128272 0.153333 0.010471 0.066667
13 0.128272 0.273333 0.020942 0.066667
23 0.205497 0.513333 0.020942 0.066667
5 0.205497 0.273333 0.010471 0.066667
0 0.282723 0.633333 0.010471 0.066667
1 0.282723 0.273333 0.010471 0.066667
20 0.358639 0.633333 0.020942 0.066667
11 0.435864 0.153333 0.020942 0.066667
22 0.513089 0.393333 0.020942 0.066667
0 0.513089 0.513333 0.010471 0.066667
20 0.513089 0.153333 0.020942 0.066667
13 0.589005 0.513333 0.020942 0.066667
10 0.589005 0.393333 0.020942 0.066667
3 0.589005 0.153333 0.010471 0.066667
2 0.589005 0.273333 0.010471 0.066667
0 0.666230 0.273333 0.010471 0.066667
4 0.743455 0.393333 0.010471 0.066667
9 0.743455 0.153333 0.010471 0.066667
20 0.819372 0.753333 0.020942 0.066667
0 0.819372 0.153333 0.010471 0.066667
24 0.819372 0.393333 0.020942 0.066667
1 0.896597 0.273333 0.010471 0.066667
11 0.896597 0.753333 0.020942 0.066667
7 0.896597 0.633333 0.010471 0.066667