22 0.131397 0.153333 0.022130 0.066667
28 0.131397 0.753333 0.044260 0.066667
1 0.131397 0.393333 0.011065 0.066667
4 0.207469 0.633333 0.011065 0.066667
1 0.207469 0.393333 0.011065 0.066667
6 0.207469 0.513333 0.011065 0.066667
5 0.207469 0.153333 0.011065 0.066667
13 0.283541 0.273333 0.022130 0.066667
8 0.283541 0.753333 0.011065 0.066667
7 0.283541 0.513333 0.011065 0.066667
22 0.283541 0.153333 0.022130 0.066667
6 0.360996 0.273333 0.011065 0.066667
12 0.360996 0.513333 0.022130 0.066667
10 0.437068 0.153333 0.022130 0.066667
2 0.513140 0.753333 0.011065 0.066667
14 0.513140 0.393333 0.022130 0.066667
1 0.513140 0.273333 0.011065 0.066667
9 0.513140 0.633333 0.011065 0.066667
12 0.589212 0.393333 0.022130 0.066667
8 0.589212 0.153333 0.011065 0.066667
8 0.589212 0.273333 0.011065 0.066667
11 0.589212 0.633333 0.022130 0.066667
2 0.666667 0.513333 0.011065 0.066667
6 0.666667 0.153333 0.011065 0.066667
2 0.742739 0.153333 0.011065 0.066667
23 0.818811 0.393333 0.022130 0.066667
7 0.818811 0.753333 0.011065 0.066667
3 0.818811 0.513333 0.011065 0.066667
7 0.894882 0.153333 0.011065 0.066667
17 0.894882 0.273333 0.022130 0.066667
0 0.894882 0.633333 0.011065 0.066667