21 0.125903 0.393333 0.016512 0.066667
9 0.125903 0.633333 0.008256 0.066667
6 0.125903 0.273333 0.008256 0.066667
0 0.211558 0.753333 0.008256 0.066667
3 0.296182 0.153333 0.008256 0.066667
3 0.296182 0.633333 0.008256 0.066667
11 0.381837 0.393333 0.016512 0.066667
28 0.467492 0.633333 0.033024 0.066667
18 0.552116 0.273333 0.016512 0.066667
24 0.552116 0.753333 0.016512 0.066667
27 0.637255 0.513333 0.007224 0.053333
17 0.637771 0.753333 0.016512 0.066667
23 0.637771 0.273333 0.016512 0.066667
2 0.723426 0.753333 0.008256 0.066667
6 0.808050 0.273333 0.008256 0.066667
5 0.808050 0.393333 0.008256 0.066667
7 0.808050 0.513333 0.008256 0.066667
0 0.893705 0.633333 0.008256 0.066667
4 0.893705 0.753333 0.008256 0.066667