4 0.121365 0.753333 0.010114 0.066667
4 0.121365 0.633333 0.010114 0.066667
12 0.192162 0.753333 0.020228 0.066667
6 0.192162 0.513333 0.010114 0.066667
2 0.192162 0.273333 0.010114 0.066667
7 0.262958 0.273333 0.010114 0.066667
18 0.262958 0.393333 0.020228 0.066667
6 0.262958 0.753333 0.010114 0.066667
28 0.333755 0.153333 0.040455 0.066667
17 0.333755 0.753333 0.020228 0.066667
28 0.405815 0.753333 0.030341 0.066667
10 0.405815 0.153333 0.020228 0.066667
28 0.476612 0.153333 0.030341 0.066667
0 0.476612 0.513333 0.010114 0.066667
8 0.476612 0.633333 0.010114 0.066667
15 0.476612 0.753333 0.020228 0.066667
22 0.547408 0.753333 0.020228 0.066667
0 0.547408 0.393333 0.010114 0.066667
21 0.547408 0.273333 0.020228 0.066667
5 0.618205 0.513333 0.010114 0.066667
16 0.690265 0.153333 0.020228 0.066667
6 0.690265 0.633333 0.010114 0.066667
11 0.690265 0.393333 0.020228 0.066667
12 0.761062 0.153333 0.020228 0.066667
0 0.761062 0.633333 0.010114 0.066667
1 0.761062 0.393333 0.010114 0.066667
6 0.831858 0.273333 0.010114 0.066667
2 0.831858 0.513333 0.010114 0.066667
23 0.902655 0.753333 0.020228 0.066667
6 0.902655 0.513333 0.010114 0.066667