10 0.141384 0.513333 0.023564 0.066667
1 0.141384 0.633333 0.011782 0.066667
27 0.140648 0.753333 0.010309 0.053333
27 0.224595 0.273333 0.010309 0.053333
0 0.223859 0.153333 0.011782 0.066667
2 0.223859 0.753333 0.011782 0.066667
22 0.306333 0.753333 0.023564 0.066667
5 0.306333 0.273333 0.011782 0.066667
2 0.390280 0.753333 0.011782 0.066667
9 0.472754 0.753333 0.011782 0.066667
6 0.472754 0.633333 0.011782 0.066667
2 0.555228 0.273333 0.011782 0.066667
19 0.555228 0.633333 0.023564 0.066667
1 0.637703 0.153333 0.011782 0.066667
2 0.637703 0.393333 0.011782 0.066667
8 0.637703 0.513333 0.011782 0.066667
5 0.721649 0.393333 0.011782 0.066667
17 0.721649 0.633333 0.023564 0.066667
8 0.804124 0.153333 0.011782 0.066667
7 0.886598 0.513333 0.011782 0.066667
10 0.886598 0.393333 0.023564 0.066667