17 0.165605 0.153333 0.020382 0.066667
16 0.165605 0.393333 0.020382 0.066667
6 0.165605 0.633333 0.010191 0.066667
3 0.281529 0.753333 0.010191 0.066667
3 0.281529 0.513333 0.010191 0.066667
19 0.396178 0.273333 0.020382 0.066667
2 0.396178 0.153333 0.010191 0.066667
9 0.512102 0.393333 0.010191 0.066667
4 0.628025 0.513333 0.010191 0.066667
19 0.628025 0.273333 0.020382 0.066667
17 0.628025 0.753333 0.020382 0.066667
14 0.742675 0.753333 0.020382 0.066667
21 0.858599 0.513333 0.020382 0.066667
28 0.858599 0.633333 0.030573 0.066667
4 0.858599 0.153333 0.010191 0.066667
4 0.858599 0.273333 0.010191 0.066667