2 0.136017 0.633333 0.008705 0.066667
3 0.229597 0.153333 0.008705 0.066667
21 0.229597 0.753333 0.017410 0.066667
21 0.323177 0.393333 0.017410 0.066667
1 0.416757 0.753333 0.008705 0.066667
4 0.416757 0.513333 0.008705 0.066667
1 0.416757 0.153333 0.008705 0.066667
4 0.416757 0.633333 0.008705 0.066667
6 0.510337 0.633333 0.008705 0.066667
6 0.603917 0.273333 0.008705 0.066667
28 0.697497 0.153333 0.026115 0.066667
2 0.697497 0.513333 0.008705 0.066667
2 0.791077 0.273333 0.008705 0.066667
1 0.791077 0.393333 0.008705 0.066667
5 0.791077 0.153333 0.008705 0.066667
21 0.791077 0.753333 0.017410 0.066667
14 0.884657 0.393333 0.017410 0.066667