13 0.135829 0.513333 0.017112 0.066667
28 0.229947 0.633333 0.025668 0.066667
2 0.229947 0.753333 0.008556 0.066667
4 0.322995 0.513333 0.008556 0.066667
2 0.322995 0.753333 0.008556 0.066667
15 0.417112 0.273333 0.017112 0.066667
4 0.417112 0.153333 0.008556 0.066667
0 0.510160 0.273333 0.008556 0.066667
7 0.510160 0.393333 0.008556 0.066667
1 0.510160 0.753333 0.008556 0.066667
16 0.604278 0.153333 0.017112 0.066667
4 0.604278 0.513333 0.008556 0.066667
7 0.697326 0.273333 0.008556 0.066667
8 0.697326 0.153333 0.008556 0.066667
9 0.697326 0.633333 0.008556 0.066667
15 0.791444 0.273333 0.017112 0.066667
6 0.884492 0.393333 0.008556 0.066667
0 0.884492 0.153333 0.008556 0.066667