17 0.138761 0.273333 0.018349 0.066667
18 0.138761 0.393333 0.018349 0.066667
1 0.231651 0.513333 0.009174 0.066667
10 0.231651 0.633333 0.018349 0.066667
10 0.231651 0.753333 0.018349 0.066667
0 0.324541 0.273333 0.009174 0.066667
3 0.324541 0.393333 0.009174 0.066667
0 0.417431 0.633333 0.009174 0.066667
0 0.511468 0.633333 0.009174 0.066667
4 0.511468 0.393333 0.009174 0.066667
16 0.604358 0.273333 0.018349 0.066667
2 0.697248 0.153333 0.009174 0.066667
0 0.697248 0.273333 0.009174 0.066667
2 0.790138 0.633333 0.009174 0.066667
5 0.790138 0.153333 0.009174 0.066667
0 0.790138 0.513333 0.009174 0.066667
5 0.883028 0.393333 0.009174 0.066667
1 0.883028 0.153333 0.009174 0.066667
4 0.883028 0.513333 0.009174 0.066667
5 0.883028 0.753333 0.009174 0.066667