21 0.126413 0.393333 0.016444 0.066667
4 0.126413 0.753333 0.008222 0.066667
12 0.211716 0.153333 0.016444 0.066667
8 0.211716 0.393333 0.008222 0.066667
0 0.211716 0.753333 0.008222 0.066667
15 0.211716 0.273333 0.016444 0.066667
8 0.297020 0.153333 0.008222 0.066667
1 0.382323 0.633333 0.008222 0.066667
2 0.467626 0.753333 0.008222 0.066667
1 0.467626 0.513333 0.008222 0.066667
1 0.467626 0.633333 0.008222 0.066667
0 0.552929 0.273333 0.008222 0.066667
20 0.552929 0.513333 0.016444 0.066667
10 0.638232 0.633333 0.016444 0.066667
4 0.638232 0.753333 0.008222 0.066667
3 0.723535 0.153333 0.008222 0.066667
5 0.723535 0.513333 0.008222 0.066667
6 0.723535 0.273333 0.008222 0.066667
6 0.723535 0.393333 0.008222 0.066667
3 0.808839 0.513333 0.008222 0.066667
20 0.894142 0.273333 0.016444 0.066667
10 0.894142 0.153333 0.016444 0.066667
0 0.894142 0.513333 0.008222 0.066667