3 0.121081 0.153333 0.008649 0.066667
1 0.121081 0.273333 0.008649 0.066667
1 0.198919 0.513333 0.008649 0.066667
6 0.198919 0.753333 0.008649 0.066667
5 0.276757 0.513333 0.008649 0.066667
0 0.354595 0.513333 0.008649 0.066667
1 0.354595 0.153333 0.008649 0.066667
6 0.354595 0.393333 0.008649 0.066667
3 0.354595 0.273333 0.008649 0.066667
0 0.432432 0.753333 0.008649 0.066667
3 0.510270 0.393333 0.008649 0.066667
2 0.588108 0.633333 0.008649 0.066667
5 0.588108 0.513333 0.008649 0.066667
2 0.588108 0.393333 0.008649 0.066667
24 0.665946 0.513333 0.017297 0.066667
4 0.665946 0.273333 0.008649 0.066667
17 0.665946 0.153333 0.017297 0.066667
5 0.743784 0.153333 0.008649 0.066667
0 0.743784 0.633333 0.008649 0.066667
4 0.743784 0.513333 0.008649 0.066667
4 0.743784 0.753333 0.008649 0.066667
13 0.821622 0.273333 0.017297 0.066667
1 0.821622 0.393333 0.008649 0.066667
13 0.899459 0.273333 0.017297 0.066667
23 0.899459 0.513333 0.017297 0.066667