11 0.166033 0.633333 0.020279 0.066667
8 0.166033 0.273333 0.010139 0.066667
15 0.166033 0.513333 0.020279 0.066667
7 0.281369 0.393333 0.010139 0.066667
8 0.281369 0.753333 0.010139 0.066667
3 0.396705 0.393333 0.010139 0.066667
6 0.396705 0.513333 0.010139 0.066667
17 0.396705 0.273333 0.020279 0.066667
3 0.512041 0.153333 0.010139 0.066667
6 0.512041 0.633333 0.010139 0.066667
4 0.627376 0.273333 0.010139 0.066667
24 0.627376 0.393333 0.020279 0.066667
0 0.742712 0.153333 0.010139 0.066667
5 0.742712 0.753333 0.010139 0.066667
3 0.742712 0.513333 0.010139 0.066667
19 0.858048 0.153333 0.020279 0.066667
16 0.858048 0.633333 0.020279 0.066667
5 0.858048 0.513333 0.010139 0.066667