18 0.147564 0.753333 0.022923 0.066667
2 0.147564 0.393333 0.011461 0.066667
4 0.147564 0.273333 0.011461 0.066667
0 0.239255 0.753333 0.011461 0.066667
27 0.330229 0.273333 0.010029 0.053333
7 0.330946 0.633333 0.011461 0.066667
12 0.330946 0.153333 0.022923 0.066667
2 0.422636 0.633333 0.011461 0.066667
4 0.514327 0.513333 0.011461 0.066667
0 0.604585 0.273333 0.011461 0.066667
0 0.604585 0.153333 0.011461 0.066667
9 0.604585 0.393333 0.011461 0.066667
0 0.604585 0.633333 0.011461 0.066667
3 0.696275 0.273333 0.011461 0.066667
2 0.696275 0.393333 0.011461 0.066667
15 0.696275 0.753333 0.022923 0.066667
2 0.696275 0.633333 0.011461 0.066667
7 0.787966 0.753333 0.011461 0.066667
1 0.879656 0.273333 0.011461 0.066667