1 0.134253 0.153333 0.010038 0.066667
1 0.134253 0.273333 0.010038 0.066667
3 0.218319 0.273333 0.010038 0.066667
9 0.218319 0.153333 0.010038 0.066667
5 0.302384 0.153333 0.010038 0.066667
4 0.302384 0.753333 0.010038 0.066667
20 0.386449 0.393333 0.020075 0.066667
10 0.386449 0.753333 0.020075 0.066667
12 0.470514 0.513333 0.020075 0.066667
8 0.470514 0.393333 0.010038 0.066667
5 0.554580 0.393333 0.010038 0.066667
5 0.638645 0.633333 0.010038 0.066667
15 0.638645 0.393333 0.020075 0.066667
1 0.722710 0.753333 0.010038 0.066667
21 0.806775 0.513333 0.020075 0.066667
5 0.890841 0.393333 0.010038 0.066667
4 0.890841 0.273333 0.010038 0.066667
6 0.890841 0.153333 0.010038 0.066667
5 0.890841 0.513333 0.010038 0.066667