1 0.145777 0.153333 0.010899 0.066667
6 0.237057 0.633333 0.010899 0.066667
3 0.329700 0.513333 0.010899 0.066667
12 0.420981 0.393333 0.021798 0.066667
5 0.420981 0.273333 0.010899 0.066667
20 0.420981 0.513333 0.021798 0.066667
1 0.420981 0.153333 0.010899 0.066667
15 0.513624 0.273333 0.021798 0.066667
14 0.513624 0.393333 0.021798 0.066667
1 0.513624 0.753333 0.010899 0.066667
15 0.604905 0.153333 0.021798 0.066667
4 0.604905 0.513333 0.010899 0.066667
11 0.696185 0.513333 0.021798 0.066667
13 0.696185 0.273333 0.021798 0.066667
22 0.788828 0.393333 0.021798 0.066667
7 0.788828 0.753333 0.010899 0.066667
10 0.880109 0.753333 0.021798 0.066667