23 0.160714 0.633333 0.023810 0.066667
0 0.160714 0.753333 0.011905 0.066667
0 0.160714 0.273333 0.011905 0.066667
3 0.160714 0.153333 0.011905 0.066667
9 0.261905 0.633333 0.011905 0.066667
11 0.363095 0.633333 0.023810 0.066667
0 0.363095 0.513333 0.011905 0.066667
18 0.464286 0.393333 0.023810 0.066667
0 0.565476 0.393333 0.011905 0.066667
21 0.565476 0.513333 0.023810 0.066667
2 0.565476 0.633333 0.011905 0.066667
2 0.565476 0.273333 0.011905 0.066667
23 0.666667 0.753333 0.023810 0.066667
15 0.767857 0.153333 0.023810 0.066667
10 0.767857 0.273333 0.023810 0.066667
7 0.869048 0.513333 0.011905 0.066667