27 0.132716 0.273333 0.008642 0.053333
1 0.217284 0.633333 0.009877 0.066667
0 0.301235 0.273333 0.009877 0.066667
2 0.301235 0.393333 0.009877 0.066667
5 0.385185 0.153333 0.009877 0.066667
10 0.469136 0.393333 0.019753 0.066667
28 0.469136 0.753333 0.039506 0.066667
8 0.554321 0.513333 0.009877 0.066667
10 0.554321 0.153333 0.019753 0.066667
8 0.554321 0.753333 0.009877 0.066667
7 0.554321 0.633333 0.009877 0.066667
4 0.638272 0.753333 0.009877 0.066667
13 0.638272 0.513333 0.019753 0.066667
0 0.638272 0.153333 0.009877 0.066667
11 0.638272 0.633333 0.019753 0.066667
18 0.722222 0.633333 0.019753 0.066667
18 0.722222 0.513333 0.019753 0.066667
0 0.806173 0.633333 0.009877 0.066667
14 0.890123 0.633333 0.019753 0.066667
2 0.890123 0.513333 0.009877 0.066667
28 0.890123 0.393333 0.029630 0.066667