2 0.122222 0.513333 0.008889 0.066667
2 0.122222 0.753333 0.008889 0.066667
4 0.122222 0.633333 0.008889 0.066667
4 0.200000 0.513333 0.008889 0.066667
28 0.200000 0.153333 0.026667 0.066667
2 0.277778 0.153333 0.008889 0.066667
1 0.277778 0.753333 0.008889 0.066667
1 0.355556 0.153333 0.008889 0.066667
23 0.433333 0.513333 0.017778 0.066667
7 0.433333 0.153333 0.008889 0.066667
0 0.433333 0.393333 0.008889 0.066667
1 0.511111 0.633333 0.008889 0.066667
7 0.511111 0.753333 0.008889 0.066667
0 0.588889 0.753333 0.008889 0.066667
3 0.588889 0.153333 0.008889 0.066667
2 0.666667 0.393333 0.008889 0.066667
3 0.744444 0.393333 0.008889 0.066667
10 0.744444 0.633333 0.017778 0.066667
0 0.744444 0.753333 0.008889 0.066667
21 0.744444 0.153333 0.017778 0.066667
3 0.822222 0.273333 0.008889 0.066667
23 0.822222 0.633333 0.017778 0.066667
10 0.900000 0.273333 0.017778 0.066667
9 0.900000 0.513333 0.008889 0.066667
5 0.900000 0.753333 0.008889 0.066667