0 0.134347 0.633333 0.010139 0.066667
5 0.134347 0.273333 0.010139 0.066667
9 0.134347 0.513333 0.010139 0.066667
7 0.217997 0.273333 0.010139 0.066667
28 0.217997 0.513333 0.030418 0.066667
1 0.301648 0.393333 0.010139 0.066667
12 0.301648 0.153333 0.020279 0.066667
9 0.301648 0.513333 0.010139 0.066667
3 0.386565 0.753333 0.010139 0.066667
15 0.386565 0.393333 0.020279 0.066667
6 0.470215 0.153333 0.010139 0.066667
0 0.470215 0.633333 0.010139 0.066667
0 0.553866 0.273333 0.010139 0.066667
0 0.637516 0.153333 0.010139 0.066667
8 0.722433 0.153333 0.010139 0.066667
6 0.722433 0.633333 0.010139 0.066667
4 0.722433 0.513333 0.010139 0.066667
2 0.806084 0.273333 0.010139 0.066667
18 0.806084 0.153333 0.020279 0.066667
21 0.806084 0.393333 0.020279 0.066667
9 0.806084 0.513333 0.010139 0.066667
2 0.889734 0.393333 0.010139 0.066667
9 0.889734 0.513333 0.010139 0.066667
0 0.889734 0.273333 0.010139 0.066667