13 0.144986 0.633333 0.021680 0.066667
6 0.144986 0.753333 0.010840 0.066667
7 0.237127 0.273333 0.010840 0.066667
7 0.237127 0.153333 0.010840 0.066667
5 0.329268 0.153333 0.010840 0.066667
10 0.329268 0.633333 0.021680 0.066667
0 0.421409 0.273333 0.010840 0.066667
27 0.420732 0.513333 0.009485 0.053333
3 0.513550 0.153333 0.010840 0.066667
27 0.512873 0.753333 0.009485 0.053333
5 0.513550 0.633333 0.010840 0.066667
8 0.513550 0.393333 0.010840 0.066667
5 0.604336 0.273333 0.010840 0.066667
3 0.604336 0.513333 0.010840 0.066667
9 0.604336 0.633333 0.010840 0.066667
19 0.604336 0.753333 0.021680 0.066667
0 0.696477 0.393333 0.010840 0.066667
3 0.696477 0.273333 0.010840 0.066667
27 0.787940 0.633333 0.009485 0.053333
27 0.787940 0.273333 0.009485 0.053333
18 0.880759 0.393333 0.021680 0.066667
8 0.880759 0.153333 0.010840 0.066667