15 0.145161 0.153333 0.025806 0.066667
3 0.145161 0.273333 0.012903 0.066667
6 0.145161 0.513333 0.012903 0.066667
3 0.227419 0.633333 0.012903 0.066667
11 0.227419 0.273333 0.025806 0.066667
2 0.227419 0.753333 0.012903 0.066667
4 0.309677 0.633333 0.012903 0.066667
6 0.309677 0.513333 0.012903 0.066667
2 0.309677 0.393333 0.012903 0.066667
2 0.391935 0.513333 0.012903 0.066667
5 0.474194 0.273333 0.012903 0.066667
15 0.474194 0.753333 0.025806 0.066667
9 0.474194 0.393333 0.012903 0.066667
9 0.556452 0.273333 0.012903 0.066667
27 0.555645 0.513333 0.011290 0.053333
14 0.638710 0.513333 0.025806 0.066667
0 0.638710 0.153333 0.012903 0.066667
4 0.720968 0.513333 0.012903 0.066667
0 0.720968 0.393333 0.012903 0.066667
5 0.803226 0.633333 0.012903 0.066667
3 0.803226 0.513333 0.012903 0.066667
9 0.803226 0.273333 0.012903 0.066667
6 0.885484 0.633333 0.012903 0.066667
10 0.885484 0.393333 0.025806 0.066667
8 0.885484 0.273333 0.012903 0.066667