15 0.141384 0.633333 0.023564 0.066667
4 0.141384 0.753333 0.011782 0.066667
3 0.141384 0.513333 0.011782 0.066667
2 0.223859 0.273333 0.011782 0.066667
0 0.223859 0.513333 0.011782 0.066667
28 0.223859 0.633333 0.047128 0.066667
14 0.306333 0.633333 0.023564 0.066667
9 0.390280 0.393333 0.011782 0.066667
0 0.390280 0.633333 0.011782 0.066667
1 0.472754 0.513333 0.011782 0.066667
20 0.472754 0.273333 0.023564 0.066667
1 0.555228 0.753333 0.011782 0.066667
0 0.555228 0.633333 0.011782 0.066667
3 0.555228 0.153333 0.011782 0.066667
2 0.555228 0.513333 0.011782 0.066667
27 0.638439 0.393333 0.010309 0.053333
0 0.721649 0.153333 0.011782 0.066667
6 0.721649 0.273333 0.011782 0.066667
2 0.804124 0.393333 0.011782 0.066667
11 0.804124 0.753333 0.023564 0.066667
3 0.804124 0.513333 0.011782 0.066667
2 0.886598 0.633333 0.011782 0.066667
9 0.886598 0.153333 0.011782 0.066667