4 0.150150 0.633333 0.012012 0.066667
0 0.241742 0.753333 0.012012 0.066667
11 0.241742 0.273333 0.024024 0.066667
0 0.241742 0.633333 0.012012 0.066667
3 0.331832 0.753333 0.012012 0.066667
2 0.423423 0.273333 0.012012 0.066667
1 0.423423 0.633333 0.012012 0.066667
5 0.423423 0.513333 0.012012 0.066667
11 0.423423 0.153333 0.024024 0.066667
0 0.515015 0.153333 0.012012 0.066667
5 0.515015 0.633333 0.012012 0.066667
1 0.605105 0.513333 0.012012 0.066667
2 0.696697 0.633333 0.012012 0.066667
0 0.696697 0.153333 0.012012 0.066667
0 0.696697 0.393333 0.012012 0.066667
10 0.696697 0.273333 0.024024 0.066667
7 0.786787 0.633333 0.012012 0.066667
3 0.786787 0.393333 0.012012 0.066667
0 0.786787 0.753333 0.012012 0.066667
0 0.786787 0.273333 0.012012 0.066667
8 0.878378 0.753333 0.012012 0.066667
10 0.878378 0.513333 0.024024 0.066667