0 0.132353 0.393333 0.009804 0.066667
8 0.132353 0.273333 0.009804 0.066667
2 0.132353 0.153333 0.009804 0.066667
4 0.216912 0.633333 0.009804 0.066667
3 0.216912 0.153333 0.009804 0.066667
0 0.301471 0.153333 0.009804 0.066667
0 0.301471 0.273333 0.009804 0.066667
11 0.384804 0.273333 0.019608 0.066667
4 0.384804 0.393333 0.009804 0.066667
1 0.384804 0.153333 0.009804 0.066667
3 0.469363 0.153333 0.009804 0.066667
0 0.469363 0.273333 0.009804 0.066667
7 0.553922 0.393333 0.009804 0.066667
16 0.638480 0.753333 0.019608 0.066667
2 0.721814 0.753333 0.009804 0.066667
3 0.721814 0.153333 0.009804 0.066667
4 0.721814 0.393333 0.009804 0.066667
6 0.806373 0.273333 0.009804 0.066667
6 0.806373 0.513333 0.009804 0.066667
2 0.806373 0.633333 0.009804 0.066667
12 0.806373 0.753333 0.019608 0.066667
0 0.890931 0.753333 0.009804 0.066667
21 0.890931 0.153333 0.019608 0.066667