5 0.148688 0.273333 0.011662 0.066667
6 0.148688 0.153333 0.011662 0.066667
2 0.148688 0.753333 0.011662 0.066667
3 0.148688 0.393333 0.011662 0.066667
3 0.240525 0.513333 0.011662 0.066667
5 0.240525 0.753333 0.011662 0.066667
6 0.330904 0.633333 0.011662 0.066667
5 0.330904 0.753333 0.011662 0.066667
3 0.330904 0.393333 0.011662 0.066667
14 0.422741 0.513333 0.023324 0.066667
3 0.422741 0.633333 0.011662 0.066667
2 0.422741 0.393333 0.011662 0.066667
13 0.422741 0.753333 0.023324 0.066667
9 0.514577 0.273333 0.011662 0.066667
8 0.514577 0.633333 0.011662 0.066667
6 0.514577 0.393333 0.011662 0.066667
0 0.604956 0.153333 0.011662 0.066667
0 0.604956 0.513333 0.011662 0.066667
13 0.604956 0.633333 0.023324 0.066667
5 0.696793 0.633333 0.011662 0.066667
10 0.696793 0.753333 0.023324 0.066667
9 0.696793 0.273333 0.011662 0.066667
0 0.787172 0.393333 0.011662 0.066667
1 0.787172 0.633333 0.011662 0.066667
23 0.879009 0.153333 0.023324 0.066667