2 0.180723 0.153333 0.009639 0.066667
3 0.180723 0.633333 0.009639 0.066667
5 0.180723 0.273333 0.009639 0.066667
10 0.180723 0.513333 0.019277 0.066667
3 0.313253 0.273333 0.009639 0.066667
6 0.313253 0.753333 0.009639 0.066667
5 0.313253 0.633333 0.009639 0.066667
19 0.445783 0.153333 0.019277 0.066667
28 0.445783 0.633333 0.028916 0.066667
5 0.578313 0.513333 0.009639 0.066667
24 0.578313 0.273333 0.019277 0.066667
14 0.710843 0.633333 0.019277 0.066667
5 0.710843 0.513333 0.009639 0.066667
9 0.843373 0.273333 0.009639 0.066667