1 0.135684 0.153333 0.008547 0.066667
4 0.135684 0.633333 0.008547 0.066667
8 0.135684 0.273333 0.008547 0.066667
1 0.229701 0.753333 0.008547 0.066667
3 0.229701 0.633333 0.008547 0.066667
1 0.322650 0.153333 0.008547 0.066667
4 0.322650 0.393333 0.008547 0.066667
0 0.416667 0.273333 0.008547 0.066667
4 0.510684 0.393333 0.008547 0.066667
20 0.510684 0.753333 0.017094 0.066667
12 0.510684 0.153333 0.017094 0.066667
5 0.510684 0.273333 0.008547 0.066667
11 0.603632 0.153333 0.017094 0.066667
3 0.603632 0.393333 0.008547 0.066667
8 0.697650 0.753333 0.008547 0.066667
1 0.697650 0.153333 0.008547 0.066667
5 0.697650 0.633333 0.008547 0.066667
28 0.790598 0.513333 0.034188 0.066667
2 0.884615 0.753333 0.008547 0.066667
20 0.884615 0.273333 0.017094 0.066667