0 0.159609 0.393333 0.008686 0.066667
1 0.276873 0.633333 0.008686 0.066667
15 0.393051 0.153333 0.017372 0.066667
16 0.393051 0.753333 0.017372 0.066667
4 0.393051 0.513333 0.008686 0.066667
2 0.510315 0.273333 0.008686 0.066667
0 0.510315 0.153333 0.008686 0.066667
1 0.627579 0.513333 0.008686 0.066667
27 0.627036 0.153333 0.007600 0.053333
18 0.743757 0.393333 0.017372 0.066667
6 0.861021 0.153333 0.008686 0.066667
9 0.861021 0.513333 0.008686 0.066667
2 0.861021 0.633333 0.008686 0.066667
10 0.861021 0.273333 0.017372 0.066667