8 0.127325 0.633333 0.011445 0.066667
1 0.127325 0.513333 0.011445 0.066667
5 0.197425 0.633333 0.011445 0.066667
0 0.197425 0.753333 0.011445 0.066667
0 0.267525 0.753333 0.011445 0.066667
4 0.267525 0.393333 0.011445 0.066667
2 0.267525 0.513333 0.011445 0.066667
12 0.337625 0.273333 0.022890 0.066667
10 0.337625 0.633333 0.022890 0.066667
21 0.407725 0.513333 0.022890 0.066667
3 0.407725 0.153333 0.011445 0.066667
17 0.407725 0.633333 0.022890 0.066667
0 0.477825 0.753333 0.011445 0.066667
4 0.477825 0.153333 0.011445 0.066667
14 0.549356 0.753333 0.022890 0.066667
1 0.549356 0.513333 0.011445 0.066667
0 0.619456 0.393333 0.011445 0.066667
19 0.689557 0.273333 0.022890 0.066667
1 0.689557 0.513333 0.011445 0.066667
23 0.689557 0.633333 0.022890 0.066667
5 0.759657 0.633333 0.011445 0.066667
19 0.759657 0.273333 0.022890 0.066667
11 0.759657 0.513333 0.022890 0.066667
3 0.829757 0.393333 0.011445 0.066667
6 0.899857 0.153333 0.011445 0.066667
22 0.899857 0.393333 0.022890 0.066667