5 0.127983 0.273333 0.008677 0.066667
4 0.127983 0.153333 0.008677 0.066667
24 0.127983 0.753333 0.017354 0.066667
0 0.212581 0.633333 0.008677 0.066667
0 0.212581 0.753333 0.008677 0.066667
5 0.298265 0.273333 0.008677 0.066667
13 0.298265 0.513333 0.017354 0.066667
5 0.298265 0.153333 0.008677 0.066667
2 0.382863 0.753333 0.008677 0.066667
6 0.382863 0.393333 0.008677 0.066667
0 0.382863 0.513333 0.008677 0.066667
9 0.382863 0.153333 0.008677 0.066667
1 0.467462 0.153333 0.008677 0.066667
3 0.467462 0.753333 0.008677 0.066667
11 0.553145 0.753333 0.017354 0.066667
19 0.637744 0.513333 0.017354 0.066667
1 0.637744 0.393333 0.008677 0.066667
5 0.722343 0.753333 0.008677 0.066667
12 0.722343 0.633333 0.017354 0.066667
10 0.808026 0.393333 0.017354 0.066667
20 0.808026 0.753333 0.017354 0.066667
9 0.808026 0.153333 0.008677 0.066667
3 0.892625 0.513333 0.008677 0.066667
10 0.892625 0.753333 0.017354 0.066667
3 0.892625 0.153333 0.008677 0.066667