8 0.117509 0.753333 0.009401 0.066667
0 0.189189 0.513333 0.009401 0.066667
5 0.189189 0.633333 0.009401 0.066667
3 0.189189 0.153333 0.009401 0.066667
16 0.260870 0.393333 0.018801 0.066667
5 0.260870 0.513333 0.009401 0.066667
1 0.332550 0.633333 0.009401 0.066667
1 0.332550 0.753333 0.009401 0.066667
6 0.332550 0.153333 0.009401 0.066667
24 0.404230 0.273333 0.018801 0.066667
3 0.475911 0.513333 0.009401 0.066667
2 0.475911 0.153333 0.009401 0.066667
1 0.475911 0.273333 0.009401 0.066667
0 0.546416 0.153333 0.009401 0.066667
11 0.618096 0.153333 0.018801 0.066667
4 0.618096 0.393333 0.009401 0.066667
3 0.689777 0.633333 0.009401 0.066667
17 0.689777 0.153333 0.018801 0.066667
24 0.689777 0.273333 0.018801 0.066667
7 0.761457 0.633333 0.009401 0.066667
4 0.761457 0.273333 0.009401 0.066667
1 0.833137 0.633333 0.009401 0.066667
2 0.904818 0.153333 0.009401 0.066667
8 0.904818 0.513333 0.009401 0.066667
21 0.904818 0.753333 0.018801 0.066667
10 0.904818 0.633333 0.018801 0.066667