27 0.124399 0.273333 0.008413 0.053333
12 0.201923 0.273333 0.019231 0.066667
4 0.201923 0.153333 0.009615 0.066667
6 0.201923 0.633333 0.009615 0.066667
19 0.280048 0.753333 0.019231 0.066667
14 0.280048 0.393333 0.019231 0.066667
21 0.356971 0.753333 0.019231 0.066667
4 0.356971 0.273333 0.009615 0.066667
2 0.356971 0.393333 0.009615 0.066667
13 0.356971 0.513333 0.019231 0.066667
10 0.433894 0.393333 0.019231 0.066667
6 0.433894 0.633333 0.009615 0.066667
3 0.512019 0.153333 0.009615 0.066667
1 0.512019 0.633333 0.009615 0.066667
0 0.512019 0.753333 0.009615 0.066667
12 0.588942 0.633333 0.019231 0.066667
9 0.588942 0.753333 0.009615 0.066667
6 0.665865 0.393333 0.009615 0.066667
7 0.665865 0.513333 0.009615 0.066667
15 0.665865 0.153333 0.019231 0.066667
0 0.665865 0.633333 0.009615 0.066667
7 0.743990 0.633333 0.009615 0.066667
7 0.743990 0.393333 0.009615 0.066667
3 0.743990 0.153333 0.009615 0.066667
18 0.820913 0.153333 0.019231 0.066667
1 0.820913 0.633333 0.009615 0.066667
5 0.897837 0.633333 0.009615 0.066667