2 0.119543 0.393333 0.008316 0.066667
10 0.119543 0.633333 0.016632 0.066667
3 0.119543 0.513333 0.008316 0.066667
5 0.197505 0.633333 0.008316 0.066667
0 0.197505 0.513333 0.008316 0.066667
3 0.275468 0.393333 0.008316 0.066667
2 0.353430 0.513333 0.008316 0.066667
0 0.431393 0.633333 0.008316 0.066667
2 0.510395 0.753333 0.008316 0.066667
3 0.510395 0.273333 0.008316 0.066667
2 0.510395 0.633333 0.008316 0.066667
1 0.588358 0.153333 0.008316 0.066667
3 0.666320 0.393333 0.008316 0.066667
0 0.666320 0.633333 0.008316 0.066667
11 0.666320 0.513333 0.016632 0.066667
27 0.744802 0.273333 0.007277 0.053333
5 0.744283 0.633333 0.008316 0.066667
2 0.744283 0.153333 0.008316 0.066667
3 0.822245 0.393333 0.008316 0.066667
5 0.822245 0.633333 0.008316 0.066667
23 0.900208 0.753333 0.016632 0.066667