28 0.152038 0.633333 0.050157 0.066667
0 0.152038 0.513333 0.012539 0.066667
2 0.242947 0.513333 0.012539 0.066667
2 0.333856 0.273333 0.012539 0.066667
9 0.333856 0.153333 0.012539 0.066667
2 0.424765 0.633333 0.012539 0.066667
5 0.424765 0.273333 0.012539 0.066667
2 0.424765 0.753333 0.012539 0.066667
2 0.515674 0.273333 0.012539 0.066667
2 0.515674 0.513333 0.012539 0.066667
7 0.515674 0.633333 0.012539 0.066667
11 0.605016 0.633333 0.025078 0.066667
3 0.605016 0.513333 0.012539 0.066667
27 0.605799 0.393333 0.010972 0.053333
10 0.695925 0.633333 0.025078 0.066667
0 0.695925 0.393333 0.012539 0.066667
7 0.695925 0.273333 0.012539 0.066667
5 0.786834 0.393333 0.012539 0.066667
7 0.786834 0.273333 0.012539 0.066667
3 0.786834 0.633333 0.012539 0.066667
7 0.786834 0.513333 0.012539 0.066667
3 0.877743 0.633333 0.012539 0.066667
0 0.877743 0.273333 0.012539 0.066667
8 0.877743 0.513333 0.012539 0.066667