5 0.149826 0.633333 0.009292 0.066667
0 0.149826 0.753333 0.009292 0.066667
10 0.253194 0.153333 0.018583 0.066667
2 0.356562 0.393333 0.009292 0.066667
11 0.356562 0.273333 0.018583 0.066667
0 0.459930 0.393333 0.009292 0.066667
3 0.459930 0.633333 0.009292 0.066667
14 0.563298 0.153333 0.018583 0.066667
1 0.563298 0.633333 0.009292 0.066667
3 0.666667 0.393333 0.009292 0.066667
3 0.666667 0.753333 0.009292 0.066667
12 0.666667 0.273333 0.018583 0.066667
6 0.666667 0.513333 0.009292 0.066667
4 0.770035 0.153333 0.009292 0.066667
6 0.770035 0.273333 0.009292 0.066667
13 0.770035 0.393333 0.018583 0.066667
5 0.873403 0.393333 0.009292 0.066667
7 0.873403 0.753333 0.009292 0.066667
28 0.873403 0.633333 0.037166 0.066667