5 0.168022 0.753333 0.010840 0.066667
27 0.168699 0.153333 0.009485 0.053333
9 0.283198 0.633333 0.010840 0.066667
17 0.283198 0.273333 0.021680 0.066667
21 0.283198 0.393333 0.021680 0.066667
0 0.398374 0.153333 0.010840 0.066667
1 0.398374 0.513333 0.010840 0.066667
24 0.513550 0.753333 0.021680 0.066667
8 0.513550 0.153333 0.010840 0.066667
3 0.627371 0.633333 0.010840 0.066667
5 0.627371 0.153333 0.010840 0.066667
2 0.627371 0.513333 0.010840 0.066667
2 0.742547 0.393333 0.010840 0.066667
2 0.742547 0.513333 0.010840 0.066667
1 0.742547 0.633333 0.010840 0.066667
7 0.857724 0.633333 0.010840 0.066667
14 0.857724 0.753333 0.021680 0.066667