0 0.122034 0.393333 0.009040 0.066667
2 0.122034 0.273333 0.009040 0.066667
4 0.122034 0.633333 0.009040 0.066667
8 0.122034 0.753333 0.009040 0.066667
9 0.200000 0.753333 0.009040 0.066667
21 0.277966 0.513333 0.018079 0.066667
24 0.277966 0.153333 0.018079 0.066667
0 0.277966 0.633333 0.009040 0.066667
3 0.355932 0.393333 0.009040 0.066667
1 0.432768 0.633333 0.009040 0.066667
0 0.432768 0.513333 0.009040 0.066667
4 0.432768 0.153333 0.009040 0.066667
24 0.510734 0.273333 0.018079 0.066667
17 0.510734 0.633333 0.018079 0.066667
4 0.510734 0.393333 0.009040 0.066667
27 0.511299 0.513333 0.007910 0.053333
5 0.588701 0.513333 0.009040 0.066667
13 0.588701 0.153333 0.018079 0.066667
2 0.588701 0.273333 0.009040 0.066667
6 0.666667 0.753333 0.009040 0.066667
2 0.666667 0.273333 0.009040 0.066667
0 0.743503 0.753333 0.009040 0.066667
6 0.821469 0.273333 0.009040 0.066667
7 0.821469 0.513333 0.009040 0.066667
10 0.821469 0.633333 0.018079 0.066667
2 0.899435 0.633333 0.009040 0.066667