0 0.134689 0.753333 0.010165 0.066667
2 0.134689 0.153333 0.010165 0.066667
4 0.218551 0.513333 0.010165 0.066667
17 0.302414 0.513333 0.020330 0.066667
16 0.302414 0.273333 0.020330 0.066667
28 0.386277 0.393333 0.030496 0.066667
3 0.386277 0.153333 0.010165 0.066667
10 0.470140 0.633333 0.020330 0.066667
2 0.470140 0.153333 0.010165 0.066667
0 0.554003 0.153333 0.010165 0.066667
10 0.554003 0.633333 0.020330 0.066667
5 0.637865 0.513333 0.010165 0.066667
4 0.637865 0.153333 0.010165 0.066667
3 0.637865 0.633333 0.010165 0.066667
12 0.637865 0.393333 0.020330 0.066667
3 0.721728 0.393333 0.010165 0.066667
24 0.721728 0.753333 0.020330 0.066667
15 0.805591 0.153333 0.020330 0.066667
0 0.805591 0.273333 0.010165 0.066667
15 0.889454 0.153333 0.020330 0.066667