1 0.139942 0.273333 0.011662 0.066667
0 0.139942 0.153333 0.011662 0.066667
1 0.223032 0.153333 0.011662 0.066667
0 0.223032 0.753333 0.011662 0.066667
22 0.306122 0.513333 0.023324 0.066667
16 0.306122 0.633333 0.023324 0.066667
1 0.389213 0.153333 0.011662 0.066667
16 0.389213 0.513333 0.023324 0.066667
4 0.472303 0.393333 0.011662 0.066667
3 0.472303 0.153333 0.011662 0.066667
27 0.554665 0.273333 0.010204 0.053333
27 0.554665 0.393333 0.010204 0.053333
1 0.555394 0.633333 0.011662 0.066667
3 0.638484 0.513333 0.011662 0.066667
0 0.638484 0.153333 0.011662 0.066667
20 0.638484 0.273333 0.023324 0.066667
2 0.638484 0.393333 0.011662 0.066667
3 0.721574 0.393333 0.011662 0.066667
5 0.721574 0.633333 0.011662 0.066667
10 0.804665 0.633333 0.023324 0.066667
6 0.804665 0.393333 0.011662 0.066667
2 0.804665 0.153333 0.011662 0.066667
1 0.804665 0.273333 0.011662 0.066667
6 0.887755 0.753333 0.011662 0.066667
2 0.887755 0.273333 0.011662 0.066667