11 0.161339 0.153333 0.024353 0.066667
13 0.161339 0.393333 0.024353 0.066667
0 0.161339 0.513333 0.012177 0.066667
13 0.161339 0.633333 0.024353 0.066667
10 0.261796 0.273333 0.024353 0.066667
28 0.261796 0.753333 0.036530 0.066667
14 0.363775 0.753333 0.024353 0.066667
1 0.363775 0.273333 0.012177 0.066667
13 0.363775 0.633333 0.024353 0.066667
0 0.464231 0.513333 0.012177 0.066667
2 0.464231 0.393333 0.012177 0.066667
8 0.464231 0.153333 0.012177 0.066667
1 0.564688 0.753333 0.012177 0.066667
1 0.666667 0.633333 0.012177 0.066667
3 0.666667 0.153333 0.012177 0.066667
28 0.767123 0.753333 0.048706 0.066667
17 0.767123 0.513333 0.024353 0.066667
3 0.867580 0.513333 0.012177 0.066667
2 0.867580 0.273333 0.012177 0.066667
0 0.867580 0.393333 0.012177 0.066667