8 0.138462 0.633333 0.011189 0.066667
12 0.222378 0.753333 0.022378 0.066667
1 0.222378 0.273333 0.011189 0.066667
18 0.222378 0.633333 0.022378 0.066667
0 0.222378 0.153333 0.011189 0.066667
1 0.304895 0.513333 0.011189 0.066667
1 0.388811 0.273333 0.011189 0.066667
9 0.471329 0.273333 0.011189 0.066667
2 0.471329 0.513333 0.011189 0.066667
4 0.471329 0.393333 0.011189 0.066667
6 0.471329 0.753333 0.011189 0.066667
5 0.555245 0.633333 0.011189 0.066667
0 0.555245 0.393333 0.011189 0.066667
0 0.637762 0.633333 0.011189 0.066667
5 0.637762 0.273333 0.011189 0.066667
14 0.637762 0.153333 0.022378 0.066667
6 0.637762 0.393333 0.011189 0.066667
27 0.720979 0.633333 0.009790 0.053333
8 0.721678 0.273333 0.011189 0.066667
16 0.721678 0.753333 0.022378 0.066667
0 0.804196 0.153333 0.011189 0.066667
11 0.888112 0.633333 0.022378 0.066667