4 0.172312 0.753333 0.011782 0.066667
28 0.172312 0.513333 0.047128 0.066667
17 0.285714 0.153333 0.023564 0.066667
2 0.285714 0.633333 0.011782 0.066667
8 0.285714 0.273333 0.011782 0.066667
0 0.400589 0.633333 0.011782 0.066667
9 0.400589 0.153333 0.011782 0.066667
2 0.513991 0.273333 0.011782 0.066667
11 0.627393 0.273333 0.023564 0.066667
5 0.742268 0.633333 0.011782 0.066667
9 0.855670 0.273333 0.011782 0.066667
1 0.855670 0.633333 0.011782 0.066667
6 0.855670 0.513333 0.011782 0.066667
12 0.855670 0.393333 0.023564 0.066667