2 0.128400 0.633333 0.008705 0.066667
12 0.128400 0.753333 0.017410 0.066667
1 0.128400 0.393333 0.008705 0.066667
21 0.213275 0.393333 0.017410 0.066667
0 0.213275 0.273333 0.008705 0.066667
6 0.213275 0.513333 0.008705 0.066667
6 0.298150 0.273333 0.008705 0.066667
6 0.298150 0.633333 0.008705 0.066667
7 0.298150 0.153333 0.008705 0.066667
5 0.383025 0.633333 0.008705 0.066667
10 0.467900 0.153333 0.017410 0.066667
11 0.467900 0.273333 0.017410 0.066667
5 0.552775 0.633333 0.008705 0.066667
2 0.552775 0.153333 0.008705 0.066667
4 0.637650 0.753333 0.008705 0.066667
8 0.637650 0.153333 0.008705 0.066667
27 0.723069 0.273333 0.007617 0.053333
3 0.722524 0.633333 0.008705 0.066667
12 0.807399 0.513333 0.017410 0.066667
3 0.807399 0.273333 0.008705 0.066667
0 0.807399 0.153333 0.008705 0.066667
21 0.892274 0.273333 0.017410 0.066667
5 0.892274 0.753333 0.008705 0.066667
8 0.892274 0.513333 0.008705 0.066667