5 0.127524 0.273333 0.008502 0.066667
9 0.212540 0.513333 0.008502 0.066667
28 0.212540 0.393333 0.025505 0.066667
3 0.297556 0.753333 0.008502 0.066667
0 0.382572 0.393333 0.008502 0.066667
8 0.467588 0.393333 0.008502 0.066667
3 0.467588 0.513333 0.008502 0.066667
13 0.467588 0.153333 0.017003 0.066667
5 0.552604 0.153333 0.008502 0.066667
13 0.552604 0.633333 0.017003 0.066667
10 0.552604 0.753333 0.017003 0.066667
0 0.552604 0.393333 0.008502 0.066667
3 0.637620 0.273333 0.008502 0.066667
5 0.637620 0.633333 0.008502 0.066667
5 0.722635 0.153333 0.008502 0.066667
9 0.722635 0.273333 0.008502 0.066667
12 0.722635 0.393333 0.017003 0.066667
0 0.722635 0.753333 0.008502 0.066667
21 0.807651 0.753333 0.017003 0.066667
12 0.807651 0.153333 0.017003 0.066667
0 0.807651 0.633333 0.008502 0.066667
17 0.892667 0.393333 0.017003 0.066667
6 0.892667 0.273333 0.008502 0.066667
1 0.892667 0.153333 0.008502 0.066667