10 0.167785 0.273333 0.021477 0.066667
0 0.167785 0.513333 0.010738 0.066667
4 0.167785 0.753333 0.010738 0.066667
9 0.283221 0.153333 0.010738 0.066667
6 0.283221 0.393333 0.010738 0.066667
4 0.397315 0.153333 0.010738 0.066667
0 0.512752 0.753333 0.010738 0.066667
0 0.628188 0.393333 0.010738 0.066667
2 0.628188 0.273333 0.010738 0.066667
0 0.742282 0.273333 0.010738 0.066667
1 0.857718 0.633333 0.010738 0.066667
2 0.857718 0.153333 0.010738 0.066667
4 0.857718 0.753333 0.010738 0.066667
0 0.857718 0.513333 0.010738 0.066667