6 0.123147 0.513333 0.009122 0.066667
3 0.123147 0.393333 0.009122 0.066667
13 0.200684 0.633333 0.018244 0.066667
13 0.200684 0.393333 0.018244 0.066667
11 0.278221 0.753333 0.018244 0.066667
9 0.278221 0.513333 0.009122 0.066667
2 0.355758 0.633333 0.009122 0.066667
17 0.433295 0.513333 0.018244 0.066667
2 0.510832 0.753333 0.009122 0.066667
4 0.588369 0.153333 0.009122 0.066667
2 0.588369 0.273333 0.009122 0.066667
0 0.588369 0.513333 0.009122 0.066667
3 0.588369 0.393333 0.009122 0.066667
9 0.665906 0.393333 0.009122 0.066667
15 0.743444 0.153333 0.018244 0.066667
13 0.743444 0.753333 0.018244 0.066667
1 0.743444 0.633333 0.009122 0.066667
21 0.820981 0.153333 0.018244 0.066667
3 0.820981 0.393333 0.009122 0.066667
4 0.820981 0.513333 0.009122 0.066667
0 0.820981 0.273333 0.009122 0.066667
24 0.898518 0.393333 0.018244 0.066667