3 0.139344 0.273333 0.013115 0.066667
12 0.214754 0.753333 0.026230 0.066667
20 0.214754 0.153333 0.026230 0.066667
3 0.290164 0.273333 0.013115 0.066667
7 0.290164 0.153333 0.013115 0.066667
3 0.290164 0.513333 0.013115 0.066667
6 0.290164 0.393333 0.013115 0.066667
20 0.365574 0.753333 0.026230 0.066667
28 0.365574 0.513333 0.052459 0.066667
11 0.440984 0.153333 0.026230 0.066667
13 0.440984 0.753333 0.026230 0.066667
28 0.440984 0.393333 0.039344 0.066667
23 0.516393 0.153333 0.026230 0.066667
7 0.590164 0.393333 0.013115 0.066667
5 0.590164 0.273333 0.013115 0.066667
20 0.665574 0.633333 0.026230 0.066667
2 0.740984 0.153333 0.013115 0.066667
11 0.740984 0.753333 0.026230 0.066667
13 0.740984 0.393333 0.026230 0.066667
1 0.740984 0.513333 0.013115 0.066667
1 0.816393 0.633333 0.013115 0.066667
0 0.816393 0.153333 0.013115 0.066667
2 0.816393 0.273333 0.013115 0.066667
1 0.891803 0.273333 0.013115 0.066667
3 0.891803 0.393333 0.013115 0.066667
9 0.891803 0.633333 0.013115 0.066667