17 0.155116 0.273333 0.026403 0.066667
13 0.155116 0.153333 0.026403 0.066667
2 0.155116 0.393333 0.013201 0.066667
0 0.245875 0.513333 0.013201 0.066667
13 0.245875 0.753333 0.026403 0.066667
10 0.334983 0.633333 0.026403 0.066667
4 0.425743 0.753333 0.013201 0.066667
1 0.425743 0.393333 0.013201 0.066667
3 0.425743 0.513333 0.013201 0.066667
9 0.516502 0.273333 0.013201 0.066667
12 0.516502 0.513333 0.026403 0.066667
4 0.605611 0.513333 0.013201 0.066667
2 0.605611 0.753333 0.013201 0.066667
3 0.605611 0.393333 0.013201 0.066667
3 0.696370 0.753333 0.013201 0.066667
17 0.696370 0.393333 0.026403 0.066667
5 0.785479 0.513333 0.013201 0.066667
12 0.785479 0.633333 0.026403 0.066667
1 0.876238 0.153333 0.013201 0.066667
0 0.876238 0.393333 0.013201 0.066667