12 0.162413 0.273333 0.018561 0.066667
11 0.278422 0.153333 0.018561 0.066667
6 0.394432 0.633333 0.009281 0.066667
12 0.394432 0.753333 0.018561 0.066667
5 0.511601 0.393333 0.009281 0.066667
23 0.511601 0.153333 0.018561 0.066667
24 0.627610 0.273333 0.018561 0.066667
6 0.627610 0.753333 0.009281 0.066667
4 0.743619 0.273333 0.009281 0.066667
1 0.743619 0.393333 0.009281 0.066667
12 0.743619 0.513333 0.018561 0.066667
9 0.743619 0.153333 0.009281 0.066667
3 0.859629 0.513333 0.009281 0.066667
4 0.859629 0.153333 0.009281 0.066667