8 0.137346 0.513333 0.012346 0.066667
18 0.137346 0.753333 0.024691 0.066667
9 0.212963 0.753333 0.012346 0.066667
0 0.288580 0.273333 0.012346 0.066667
27 0.287809 0.513333 0.010802 0.053333
2 0.364198 0.753333 0.012346 0.066667
7 0.364198 0.513333 0.012346 0.066667
2 0.439815 0.153333 0.012346 0.066667
4 0.515432 0.513333 0.012346 0.066667
13 0.515432 0.273333 0.024691 0.066667
1 0.591049 0.633333 0.012346 0.066667
22 0.591049 0.513333 0.024691 0.066667
3 0.666667 0.153333 0.012346 0.066667
21 0.666667 0.633333 0.024691 0.066667
1 0.742284 0.153333 0.012346 0.066667
5 0.742284 0.753333 0.012346 0.066667
4 0.742284 0.633333 0.012346 0.066667
3 0.817901 0.393333 0.012346 0.066667
8 0.817901 0.513333 0.012346 0.066667
3 0.817901 0.633333 0.012346 0.066667
2 0.817901 0.753333 0.012346 0.066667
6 0.893519 0.513333 0.012346 0.066667