0 0.163987 0.273333 0.012862 0.066667
0 0.163987 0.513333 0.012862 0.066667
0 0.163987 0.393333 0.012862 0.066667
24 0.263666 0.393333 0.025723 0.066667
4 0.263666 0.633333 0.012862 0.066667
8 0.263666 0.273333 0.012862 0.066667
2 0.263666 0.153333 0.012862 0.066667
9 0.364952 0.633333 0.012862 0.066667
9 0.364952 0.513333 0.012862 0.066667
2 0.464630 0.513333 0.012862 0.066667
1 0.464630 0.153333 0.012862 0.066667
2 0.565916 0.753333 0.012862 0.066667
3 0.565916 0.393333 0.012862 0.066667
3 0.665595 0.513333 0.012862 0.066667
21 0.665595 0.273333 0.025723 0.066667
1 0.766881 0.753333 0.012862 0.066667
20 0.866559 0.753333 0.025723 0.066667
3 0.866559 0.513333 0.012862 0.066667
11 0.866559 0.393333 0.025723 0.066667