13 0.164198 0.513333 0.019753 0.066667
2 0.280247 0.633333 0.009877 0.066667
0 0.280247 0.153333 0.009877 0.066667
1 0.396296 0.273333 0.009877 0.066667
13 0.512346 0.393333 0.019753 0.066667
5 0.512346 0.153333 0.009877 0.066667
3 0.512346 0.753333 0.009877 0.066667
3 0.627160 0.393333 0.009877 0.066667
5 0.627160 0.273333 0.009877 0.066667
13 0.627160 0.513333 0.019753 0.066667
11 0.743210 0.513333 0.019753 0.066667
5 0.743210 0.633333 0.009877 0.066667
10 0.743210 0.153333 0.019753 0.066667
28 0.859259 0.273333 0.039506 0.066667