17 0.147353 0.153333 0.022890 0.066667
3 0.238913 0.153333 0.011445 0.066667
9 0.238913 0.513333 0.011445 0.066667
0 0.330472 0.513333 0.011445 0.066667
14 0.330472 0.153333 0.022890 0.066667
4 0.422031 0.633333 0.011445 0.066667
0 0.513591 0.513333 0.011445 0.066667
10 0.605150 0.513333 0.022890 0.066667
3 0.696710 0.633333 0.011445 0.066667
8 0.696710 0.393333 0.011445 0.066667
4 0.788269 0.393333 0.011445 0.066667
10 0.788269 0.633333 0.022890 0.066667
22 0.788269 0.153333 0.022890 0.066667
18 0.788269 0.753333 0.022890 0.066667
5 0.879828 0.153333 0.011445 0.066667
3 0.879828 0.633333 0.011445 0.066667
5 0.879828 0.273333 0.011445 0.066667
21 0.879828 0.753333 0.022890 0.066667