1 0.146211 0.273333 0.008538 0.066667
3 0.146211 0.393333 0.008538 0.066667
2 0.146211 0.153333 0.008538 0.066667
19 0.249733 0.273333 0.017076 0.066667
4 0.354322 0.153333 0.008538 0.066667
7 0.354322 0.753333 0.008538 0.066667
3 0.457844 0.753333 0.008538 0.066667
0 0.562433 0.753333 0.008538 0.066667
0 0.562433 0.633333 0.008538 0.066667
12 0.562433 0.513333 0.017076 0.066667
2 0.665955 0.273333 0.008538 0.066667
12 0.770544 0.513333 0.017076 0.066667
20 0.770544 0.633333 0.017076 0.066667
3 0.874066 0.393333 0.008538 0.066667
7 0.874066 0.753333 0.008538 0.066667