6 0.129797 0.633333 0.009029 0.066667
10 0.129797 0.753333 0.018059 0.066667
3 0.129797 0.393333 0.009029 0.066667
5 0.214447 0.633333 0.009029 0.066667
0 0.299097 0.513333 0.009029 0.066667
11 0.299097 0.273333 0.018059 0.066667
11 0.299097 0.753333 0.018059 0.066667
0 0.383747 0.153333 0.009029 0.066667
8 0.383747 0.513333 0.009029 0.066667
4 0.383747 0.753333 0.009029 0.066667
0 0.468397 0.153333 0.009029 0.066667
10 0.468397 0.633333 0.018059 0.066667
3 0.468397 0.393333 0.009029 0.066667
0 0.553047 0.393333 0.009029 0.066667
27 0.553612 0.633333 0.007901 0.053333
2 0.553047 0.753333 0.009029 0.066667
0 0.637698 0.753333 0.009029 0.066667
18 0.637698 0.393333 0.018059 0.066667
10 0.637698 0.273333 0.018059 0.066667
8 0.722348 0.753333 0.009029 0.066667
5 0.722348 0.633333 0.009029 0.066667
0 0.722348 0.153333 0.009029 0.066667
4 0.806998 0.633333 0.009029 0.066667
15 0.806998 0.753333 0.018059 0.066667
11 0.806998 0.153333 0.018059 0.066667
3 0.891648 0.273333 0.009029 0.066667
23 0.891648 0.633333 0.018059 0.066667