0 0.138710 0.273333 0.012903 0.066667
4 0.138710 0.633333 0.012903 0.066667
3 0.138710 0.153333 0.012903 0.066667
8 0.214516 0.153333 0.012903 0.066667
4 0.214516 0.393333 0.012903 0.066667
15 0.290323 0.513333 0.025806 0.066667
0 0.290323 0.273333 0.012903 0.066667
5 0.364516 0.393333 0.012903 0.066667
2 0.440323 0.153333 0.012903 0.066667
2 0.440323 0.273333 0.012903 0.066667
28 0.516129 0.273333 0.038710 0.066667
0 0.516129 0.513333 0.012903 0.066667
9 0.516129 0.153333 0.012903 0.066667
0 0.516129 0.633333 0.012903 0.066667
19 0.590323 0.513333 0.025806 0.066667
2 0.590323 0.633333 0.012903 0.066667
1 0.666129 0.753333 0.012903 0.066667
5 0.666129 0.153333 0.012903 0.066667
6 0.741935 0.393333 0.012903 0.066667
20 0.741935 0.753333 0.025806 0.066667
2 0.741935 0.513333 0.012903 0.066667
4 0.816129 0.153333 0.012903 0.066667
0 0.816129 0.393333 0.012903 0.066667
5 0.816129 0.273333 0.012903 0.066667
3 0.816129 0.513333 0.012903 0.066667
15 0.891935 0.753333 0.025806 0.066667
6 0.891935 0.273333 0.012903 0.066667
6 0.891935 0.513333 0.012903 0.066667
8 0.891935 0.633333 0.012903 0.066667