5 0.154557 0.153333 0.010568 0.066667
1 0.154557 0.393333 0.010568 0.066667
0 0.256275 0.753333 0.010568 0.066667
3 0.359313 0.273333 0.010568 0.066667
1 0.359313 0.753333 0.010568 0.066667
16 0.461030 0.153333 0.021136 0.066667
20 0.461030 0.633333 0.021136 0.066667
0 0.564069 0.513333 0.010568 0.066667
3 0.665786 0.633333 0.010568 0.066667
7 0.665786 0.273333 0.010568 0.066667
5 0.768824 0.153333 0.010568 0.066667
24 0.768824 0.393333 0.021136 0.066667
0 0.870542 0.153333 0.010568 0.066667
7 0.870542 0.273333 0.010568 0.066667
5 0.870542 0.513333 0.010568 0.066667