17 0.157464 0.513333 0.016360 0.066667
5 0.157464 0.273333 0.008180 0.066667
13 0.275051 0.153333 0.016360 0.066667
5 0.392638 0.393333 0.008180 0.066667
3 0.392638 0.633333 0.008180 0.066667
5 0.392638 0.273333 0.008180 0.066667
6 0.510225 0.153333 0.008180 0.066667
5 0.510225 0.633333 0.008180 0.066667
20 0.626789 0.513333 0.016360 0.066667
4 0.626789 0.633333 0.008180 0.066667
1 0.626789 0.753333 0.008180 0.066667
1 0.744376 0.633333 0.008180 0.066667
10 0.744376 0.393333 0.016360 0.066667
10 0.861963 0.633333 0.016360 0.066667
5 0.861963 0.273333 0.008180 0.066667
4 0.861963 0.393333 0.008180 0.066667
2 0.861963 0.153333 0.008180 0.066667