22 0.137602 0.273333 0.021798 0.066667
1 0.137602 0.153333 0.010899 0.066667
2 0.137602 0.513333 0.010899 0.066667
20 0.220708 0.633333 0.021798 0.066667
0 0.303815 0.273333 0.010899 0.066667
4 0.303815 0.393333 0.010899 0.066667
11 0.388283 0.153333 0.021798 0.066667
19 0.471390 0.753333 0.021798 0.066667
17 0.471390 0.393333 0.021798 0.066667
21 0.471390 0.513333 0.021798 0.066667
11 0.471390 0.153333 0.021798 0.066667
7 0.554496 0.633333 0.010899 0.066667
9 0.554496 0.273333 0.010899 0.066667
3 0.554496 0.753333 0.010899 0.066667
13 0.554496 0.153333 0.021798 0.066667
5 0.637602 0.393333 0.010899 0.066667
11 0.637602 0.633333 0.021798 0.066667
11 0.637602 0.153333 0.021798 0.066667
1 0.722071 0.393333 0.010899 0.066667
1 0.805177 0.273333 0.010899 0.066667
5 0.805177 0.393333 0.010899 0.066667
8 0.805177 0.753333 0.010899 0.066667
4 0.805177 0.153333 0.010899 0.066667
5 0.888283 0.153333 0.010899 0.066667
7 0.888283 0.633333 0.010899 0.066667