6 0.122566 0.153333 0.009164 0.066667
11 0.200458 0.513333 0.018328 0.066667
6 0.200458 0.153333 0.009164 0.066667
22 0.278351 0.153333 0.018328 0.066667
1 0.278351 0.513333 0.009164 0.066667
1 0.278351 0.273333 0.009164 0.066667
20 0.356243 0.513333 0.018328 0.066667
3 0.356243 0.393333 0.009164 0.066667
14 0.356243 0.153333 0.018328 0.066667
0 0.432990 0.153333 0.009164 0.066667
20 0.432990 0.633333 0.018328 0.066667
13 0.510882 0.633333 0.018328 0.066667
2 0.510882 0.753333 0.009164 0.066667
24 0.588774 0.153333 0.018328 0.066667
27 0.588202 0.513333 0.008018 0.053333
0 0.666667 0.273333 0.009164 0.066667
0 0.743414 0.273333 0.009164 0.066667
6 0.743414 0.633333 0.009164 0.066667
12 0.743414 0.753333 0.018328 0.066667
1 0.821306 0.633333 0.009164 0.066667
21 0.821306 0.753333 0.018328 0.066667
9 0.899198 0.633333 0.009164 0.066667
12 0.899198 0.393333 0.018328 0.066667
0 0.899198 0.753333 0.009164 0.066667