10 0.158221 0.513333 0.016546 0.066667
5 0.158221 0.273333 0.008273 0.066667
3 0.275078 0.633333 0.008273 0.066667
12 0.275078 0.393333 0.016546 0.066667
7 0.275078 0.153333 0.008273 0.066667
10 0.275078 0.753333 0.016546 0.066667
2 0.392968 0.513333 0.008273 0.066667
7 0.392968 0.633333 0.008273 0.066667
2 0.509824 0.513333 0.008273 0.066667
10 0.509824 0.633333 0.016546 0.066667
1 0.626680 0.393333 0.008273 0.066667
0 0.626680 0.753333 0.008273 0.066667
5 0.626680 0.513333 0.008273 0.066667
20 0.626680 0.153333 0.016546 0.066667
4 0.744571 0.633333 0.008273 0.066667
6 0.744571 0.153333 0.008273 0.066667
6 0.861427 0.273333 0.008273 0.066667
27 0.861944 0.513333 0.007239 0.053333