6 0.124402 0.393333 0.009569 0.066667
3 0.124402 0.633333 0.009569 0.066667
8 0.124402 0.753333 0.009569 0.066667
7 0.202153 0.393333 0.009569 0.066667
28 0.202153 0.273333 0.028708 0.066667
13 0.202153 0.153333 0.019139 0.066667
0 0.279904 0.153333 0.009569 0.066667
7 0.356459 0.393333 0.009569 0.066667
2 0.356459 0.633333 0.009569 0.066667
17 0.434211 0.153333 0.019139 0.066667
0 0.434211 0.273333 0.009569 0.066667
6 0.511962 0.273333 0.009569 0.066667
4 0.511962 0.153333 0.009569 0.066667
3 0.588517 0.753333 0.009569 0.066667
10 0.588517 0.513333 0.019139 0.066667
13 0.588517 0.273333 0.019139 0.066667
0 0.666268 0.153333 0.009569 0.066667
1 0.744019 0.273333 0.009569 0.066667
5 0.744019 0.393333 0.009569 0.066667
8 0.744019 0.753333 0.009569 0.066667
1 0.820574 0.513333 0.009569 0.066667
11 0.898325 0.633333 0.019139 0.066667
20 0.898325 0.273333 0.019139 0.066667