8 0.135776 0.153333 0.008621 0.066667
1 0.135776 0.513333 0.008621 0.066667
0 0.135776 0.393333 0.008621 0.066667
27 0.230065 0.393333 0.007543 0.053333
11 0.229526 0.153333 0.017241 0.066667
2 0.323276 0.153333 0.008621 0.066667
3 0.323276 0.753333 0.008621 0.066667
12 0.417026 0.393333 0.017241 0.066667
10 0.417026 0.753333 0.017241 0.066667
3 0.510776 0.273333 0.008621 0.066667
0 0.510776 0.753333 0.008621 0.066667
10 0.603448 0.513333 0.017241 0.066667
10 0.603448 0.393333 0.017241 0.066667
0 0.603448 0.753333 0.008621 0.066667
28 0.697198 0.153333 0.025862 0.066667
3 0.697198 0.273333 0.008621 0.066667
16 0.697198 0.513333 0.017241 0.066667
6 0.697198 0.753333 0.008621 0.066667
15 0.790948 0.153333 0.017241 0.066667
9 0.790948 0.273333 0.008621 0.066667
1 0.884698 0.273333 0.008621 0.066667