0 0.126025 0.393333 0.008197 0.066667
3 0.126025 0.753333 0.008197 0.066667
3 0.126025 0.513333 0.008197 0.066667
28 0.211066 0.753333 0.032787 0.066667
0 0.211066 0.273333 0.008197 0.066667
22 0.296107 0.273333 0.016393 0.066667
1 0.296107 0.633333 0.008197 0.066667
10 0.382172 0.633333 0.016393 0.066667
5 0.382172 0.393333 0.008197 0.066667
1 0.382172 0.753333 0.008197 0.066667
1 0.467213 0.513333 0.008197 0.066667
6 0.467213 0.273333 0.008197 0.066667
13 0.467213 0.393333 0.016393 0.066667
3 0.467213 0.633333 0.008197 0.066667
8 0.552254 0.393333 0.008197 0.066667
19 0.637295 0.273333 0.016393 0.066667
8 0.723361 0.273333 0.008197 0.066667
20 0.808402 0.513333 0.016393 0.066667
3 0.893443 0.633333 0.008197 0.066667
10 0.893443 0.153333 0.016393 0.066667