3 0.158333 0.753333 0.008333 0.066667
10 0.158333 0.393333 0.016667 0.066667
1 0.158333 0.633333 0.008333 0.066667
5 0.276042 0.393333 0.008333 0.066667
11 0.276042 0.753333 0.016667 0.066667
1 0.392708 0.513333 0.008333 0.066667
16 0.392708 0.753333 0.016667 0.066667
0 0.510417 0.513333 0.008333 0.066667
4 0.627083 0.513333 0.008333 0.066667
0 0.627083 0.753333 0.008333 0.066667
0 0.744792 0.633333 0.008333 0.066667
6 0.744792 0.753333 0.008333 0.066667
1 0.744792 0.273333 0.008333 0.066667
1 0.861458 0.633333 0.008333 0.066667
6 0.861458 0.153333 0.008333 0.066667