2 0.122237 0.633333 0.010403 0.066667
8 0.193758 0.513333 0.010403 0.066667
9 0.193758 0.753333 0.010403 0.066667
10 0.193758 0.393333 0.020806 0.066667
9 0.263979 0.513333 0.010403 0.066667
5 0.335501 0.513333 0.010403 0.066667
3 0.335501 0.633333 0.010403 0.066667
0 0.335501 0.753333 0.010403 0.066667
9 0.335501 0.393333 0.010403 0.066667
7 0.405722 0.153333 0.010403 0.066667
3 0.405722 0.393333 0.010403 0.066667
4 0.405722 0.753333 0.010403 0.066667
3 0.405722 0.513333 0.010403 0.066667
5 0.477243 0.393333 0.010403 0.066667
9 0.547464 0.753333 0.010403 0.066667
0 0.547464 0.153333 0.010403 0.066667
0 0.547464 0.513333 0.010403 0.066667
0 0.618986 0.513333 0.010403 0.066667
14 0.618986 0.153333 0.020806 0.066667
5 0.618986 0.753333 0.010403 0.066667
27 0.689857 0.753333 0.009103 0.053333
3 0.689207 0.393333 0.010403 0.066667
13 0.689207 0.273333 0.020806 0.066667
20 0.760728 0.273333 0.020806 0.066667
21 0.760728 0.393333 0.020806 0.066667
10 0.830949 0.273333 0.020806 0.066667
16 0.830949 0.513333 0.020806 0.066667
8 0.902471 0.633333 0.010403 0.066667
0 0.902471 0.273333 0.010403 0.066667
2 0.902471 0.393333 0.010403 0.066667