0 0.149341 0.393333 0.011713 0.066667
23 0.149341 0.513333 0.023426 0.066667
0 0.240117 0.513333 0.011713 0.066667
6 0.240117 0.393333 0.011713 0.066667
1 0.330893 0.153333 0.011713 0.066667
20 0.423133 0.513333 0.023426 0.066667
5 0.513909 0.393333 0.011713 0.066667
21 0.513909 0.753333 0.023426 0.066667
27 0.514641 0.633333 0.010249 0.053333
0 0.604685 0.393333 0.011713 0.066667
9 0.604685 0.273333 0.011713 0.066667
10 0.696925 0.393333 0.023426 0.066667
14 0.696925 0.633333 0.023426 0.066667
3 0.787701 0.753333 0.011713 0.066667
4 0.878477 0.153333 0.011713 0.066667
1 0.878477 0.753333 0.011713 0.066667
1 0.878477 0.393333 0.011713 0.066667
1 0.878477 0.633333 0.011713 0.066667