1 0.154589 0.513333 0.012882 0.066667
12 0.244767 0.393333 0.025765 0.066667
20 0.244767 0.513333 0.025765 0.066667
21 0.244767 0.153333 0.025765 0.066667
4 0.334944 0.753333 0.012882 0.066667
5 0.425121 0.393333 0.012882 0.066667
7 0.425121 0.273333 0.012882 0.066667
5 0.515298 0.153333 0.012882 0.066667
23 0.515298 0.273333 0.025765 0.066667
4 0.515298 0.393333 0.012882 0.066667
13 0.605475 0.633333 0.025765 0.066667
9 0.605475 0.273333 0.012882 0.066667
1 0.695652 0.153333 0.012882 0.066667
1 0.785829 0.153333 0.012882 0.066667
17 0.785829 0.273333 0.025765 0.066667
3 0.785829 0.393333 0.012882 0.066667
4 0.876006 0.513333 0.012882 0.066667