16 0.120341 0.513333 0.017039 0.066667
0 0.120341 0.393333 0.008520 0.066667
1 0.120341 0.753333 0.008520 0.066667
2 0.198083 0.753333 0.008520 0.066667
21 0.275825 0.393333 0.017039 0.066667
0 0.354633 0.633333 0.008520 0.066667
8 0.354633 0.513333 0.008520 0.066667
4 0.432375 0.753333 0.008520 0.066667
2 0.432375 0.633333 0.008520 0.066667
13 0.432375 0.153333 0.017039 0.066667
8 0.510117 0.753333 0.008520 0.066667
0 0.510117 0.273333 0.008520 0.066667
5 0.510117 0.513333 0.008520 0.066667
7 0.587859 0.153333 0.008520 0.066667
3 0.587859 0.513333 0.008520 0.066667
5 0.666667 0.753333 0.008520 0.066667
9 0.666667 0.273333 0.008520 0.066667
24 0.666667 0.153333 0.017039 0.066667
18 0.666667 0.633333 0.017039 0.066667
22 0.744409 0.633333 0.017039 0.066667
12 0.744409 0.153333 0.017039 0.066667
17 0.822151 0.153333 0.017039 0.066667
0 0.822151 0.753333 0.008520 0.066667
4 0.822151 0.513333 0.008520 0.066667
0 0.899894 0.153333 0.008520 0.066667
20 0.899894 0.513333 0.017039 0.066667
14 0.899894 0.393333 0.017039 0.066667