6 0.137883 0.753333 0.011142 0.066667
6 0.137883 0.153333 0.011142 0.066667
4 0.137883 0.393333 0.011142 0.066667
8 0.137883 0.633333 0.011142 0.066667
19 0.221448 0.633333 0.022284 0.066667
0 0.221448 0.513333 0.011142 0.066667
2 0.221448 0.273333 0.011142 0.066667
0 0.305014 0.153333 0.011142 0.066667
2 0.305014 0.633333 0.011142 0.066667
7 0.388579 0.513333 0.011142 0.066667
15 0.472145 0.633333 0.022284 0.066667
2 0.554318 0.153333 0.011142 0.066667
0 0.554318 0.633333 0.011142 0.066667
3 0.637883 0.633333 0.011142 0.066667
16 0.637883 0.393333 0.022284 0.066667
3 0.637883 0.153333 0.011142 0.066667
8 0.721448 0.273333 0.011142 0.066667
20 0.721448 0.753333 0.022284 0.066667
4 0.721448 0.513333 0.011142 0.066667
3 0.721448 0.633333 0.011142 0.066667
7 0.805014 0.273333 0.011142 0.066667
1 0.805014 0.393333 0.011142 0.066667
4 0.805014 0.633333 0.011142 0.066667
0 0.805014 0.753333 0.011142 0.066667
6 0.888579 0.393333 0.011142 0.066667
0 0.888579 0.153333 0.011142 0.066667
1 0.888579 0.513333 0.011142 0.066667