1 0.150538 0.273333 0.009558 0.066667
22 0.150538 0.513333 0.019116 0.066667
1 0.253286 0.633333 0.009558 0.066667
0 0.253286 0.393333 0.009558 0.066667
2 0.253286 0.753333 0.009558 0.066667
16 0.253286 0.153333 0.019116 0.066667
3 0.357228 0.633333 0.009558 0.066667
4 0.357228 0.153333 0.009558 0.066667
4 0.357228 0.273333 0.009558 0.066667
12 0.357228 0.753333 0.019116 0.066667
17 0.459976 0.513333 0.019116 0.066667
21 0.459976 0.273333 0.019116 0.066667
7 0.459976 0.393333 0.009558 0.066667
7 0.459976 0.153333 0.009558 0.066667
2 0.562724 0.753333 0.009558 0.066667
2 0.666667 0.153333 0.009558 0.066667
0 0.666667 0.273333 0.009558 0.066667
1 0.666667 0.633333 0.009558 0.066667
0 0.666667 0.753333 0.009558 0.066667
0 0.769415 0.393333 0.009558 0.066667
5 0.769415 0.513333 0.009558 0.066667
6 0.872162 0.513333 0.009558 0.066667