16 0.192675 0.753333 0.025478 0.066667
27 0.191879 0.513333 0.011146 0.053333
27 0.191879 0.153333 0.011146 0.053333
3 0.321656 0.633333 0.012739 0.066667
1 0.321656 0.513333 0.012739 0.066667
3 0.321656 0.753333 0.012739 0.066667
7 0.450637 0.753333 0.012739 0.066667
17 0.450637 0.633333 0.025478 0.066667
8 0.579618 0.513333 0.012739 0.066667
7 0.579618 0.273333 0.012739 0.066667
9 0.579618 0.393333 0.012739 0.066667
4 0.579618 0.153333 0.012739 0.066667
27 0.709395 0.153333 0.011146 0.053333
1 0.837580 0.633333 0.012739 0.066667
2 0.837580 0.273333 0.012739 0.066667
0 0.837580 0.153333 0.012739 0.066667