6 0.139200 0.393333 0.012800 0.066667
5 0.139200 0.153333 0.012800 0.066667
2 0.214400 0.393333 0.012800 0.066667
1 0.289600 0.513333 0.012800 0.066667
11 0.289600 0.753333 0.025600 0.066667
1 0.289600 0.153333 0.012800 0.066667
5 0.364800 0.513333 0.012800 0.066667
0 0.364800 0.393333 0.012800 0.066667
2 0.364800 0.273333 0.012800 0.066667
18 0.440000 0.633333 0.025600 0.066667
5 0.440000 0.513333 0.012800 0.066667
0 0.515200 0.513333 0.012800 0.066667
8 0.515200 0.633333 0.012800 0.066667
1 0.590400 0.153333 0.012800 0.066667
0 0.590400 0.273333 0.012800 0.066667
1 0.665600 0.153333 0.012800 0.066667
2 0.665600 0.273333 0.012800 0.066667
0 0.665600 0.633333 0.012800 0.066667
5 0.740800 0.273333 0.012800 0.066667
28 0.740800 0.513333 0.038400 0.066667
20 0.740800 0.393333 0.025600 0.066667
1 0.816000 0.393333 0.012800 0.066667
8 0.891200 0.633333 0.012800 0.066667
12 0.891200 0.153333 0.025600 0.066667