1 0.113285 0.273333 0.008239 0.066667
3 0.185376 0.273333 0.008239 0.066667
1 0.185376 0.753333 0.008239 0.066667
7 0.257467 0.513333 0.008239 0.066667
13 0.257467 0.393333 0.016478 0.066667
9 0.257467 0.753333 0.008239 0.066667
0 0.257467 0.273333 0.008239 0.066667
0 0.329557 0.513333 0.008239 0.066667
6 0.329557 0.633333 0.008239 0.066667
17 0.329557 0.753333 0.016478 0.066667
24 0.401648 0.153333 0.016478 0.066667
10 0.401648 0.513333 0.016478 0.066667
0 0.473738 0.273333 0.008239 0.066667
10 0.473738 0.393333 0.016478 0.066667
24 0.545829 0.633333 0.016478 0.066667
0 0.545829 0.753333 0.008239 0.066667
6 0.617920 0.393333 0.008239 0.066667
21 0.617920 0.513333 0.016478 0.066667
1 0.690010 0.753333 0.008239 0.066667
7 0.762101 0.273333 0.008239 0.066667
2 0.762101 0.153333 0.008239 0.066667
22 0.762101 0.393333 0.016478 0.066667
2 0.834192 0.153333 0.008239 0.066667
18 0.834192 0.393333 0.016478 0.066667
2 0.834192 0.513333 0.008239 0.066667
3 0.834192 0.753333 0.008239 0.066667
0 0.906282 0.513333 0.008239 0.066667