1 0.158200 0.753333 0.011611 0.066667
21 0.259797 0.273333 0.023222 0.066667
21 0.361393 0.513333 0.023222 0.066667
18 0.361393 0.153333 0.023222 0.066667
1 0.462990 0.153333 0.011611 0.066667
8 0.462990 0.753333 0.011611 0.066667
9 0.462990 0.633333 0.011611 0.066667
21 0.564586 0.753333 0.023222 0.066667
5 0.564586 0.513333 0.011611 0.066667
13 0.666183 0.753333 0.023222 0.066667
16 0.767779 0.633333 0.023222 0.066667
4 0.767779 0.753333 0.011611 0.066667
11 0.767779 0.153333 0.023222 0.066667
1 0.767779 0.273333 0.011611 0.066667
9 0.869376 0.513333 0.011611 0.066667
1 0.869376 0.753333 0.011611 0.066667