4 0.135079 0.753333 0.008377 0.066667
0 0.135079 0.393333 0.008377 0.066667
2 0.229319 0.513333 0.008377 0.066667
4 0.229319 0.393333 0.008377 0.066667
8 0.229319 0.153333 0.008377 0.066667
27 0.323037 0.633333 0.007330 0.053333
5 0.322513 0.393333 0.008377 0.066667
13 0.416754 0.273333 0.016754 0.066667
28 0.509948 0.153333 0.025131 0.066667
4 0.604188 0.273333 0.008377 0.066667
2 0.697382 0.393333 0.008377 0.066667
20 0.791623 0.513333 0.016754 0.066667
24 0.791623 0.633333 0.016754 0.066667
1 0.791623 0.153333 0.008377 0.066667
5 0.884817 0.633333 0.008377 0.066667