0 0.161697 0.753333 0.009174 0.066667
5 0.161697 0.633333 0.009174 0.066667
4 0.278670 0.633333 0.009174 0.066667
9 0.278670 0.153333 0.009174 0.066667
1 0.278670 0.393333 0.009174 0.066667
14 0.394495 0.633333 0.018349 0.066667
0 0.511468 0.753333 0.009174 0.066667
28 0.511468 0.153333 0.027523 0.066667
4 0.627294 0.753333 0.009174 0.066667
2 0.744266 0.273333 0.009174 0.066667
2 0.744266 0.513333 0.009174 0.066667
5 0.860092 0.753333 0.009174 0.066667
0 0.860092 0.273333 0.009174 0.066667
4 0.860092 0.393333 0.009174 0.066667