1 0.118129 0.393333 0.009357 0.066667
3 0.118129 0.153333 0.009357 0.066667
6 0.189474 0.633333 0.009357 0.066667
3 0.189474 0.753333 0.009357 0.066667
1 0.260819 0.753333 0.009357 0.066667
6 0.260819 0.633333 0.009357 0.066667
4 0.332164 0.153333 0.009357 0.066667
22 0.332164 0.633333 0.018713 0.066667
14 0.403509 0.153333 0.018713 0.066667
10 0.403509 0.513333 0.018713 0.066667
18 0.474854 0.273333 0.018713 0.066667
0 0.474854 0.753333 0.009357 0.066667
12 0.474854 0.393333 0.018713 0.066667
1 0.547368 0.753333 0.009357 0.066667
6 0.618713 0.633333 0.009357 0.066667
17 0.690058 0.273333 0.018713 0.066667
1 0.690058 0.633333 0.009357 0.066667
0 0.761404 0.753333 0.009357 0.066667
8 0.761404 0.513333 0.009357 0.066667
3 0.761404 0.273333 0.009357 0.066667
10 0.761404 0.393333 0.018713 0.066667
7 0.832749 0.633333 0.009357 0.066667
28 0.832749 0.753333 0.037427 0.066667
3 0.904094 0.273333 0.009357 0.066667
14 0.904094 0.153333 0.018713 0.066667