4 0.158385 0.273333 0.008282 0.066667
15 0.158385 0.753333 0.016563 0.066667
14 0.275362 0.273333 0.016563 0.066667
7 0.392340 0.513333 0.008282 0.066667
1 0.392340 0.273333 0.008282 0.066667
16 0.510352 0.273333 0.016563 0.066667
0 0.510352 0.153333 0.008282 0.066667
8 0.627329 0.753333 0.008282 0.066667
23 0.627329 0.393333 0.016563 0.066667
3 0.744306 0.273333 0.008282 0.066667
10 0.744306 0.393333 0.016563 0.066667
4 0.744306 0.633333 0.008282 0.066667
18 0.861284 0.273333 0.016563 0.066667
4 0.861284 0.753333 0.008282 0.066667
15 0.861284 0.513333 0.016563 0.066667
1 0.861284 0.633333 0.008282 0.066667