4 0.170455 0.633333 0.011364 0.066667
7 0.170455 0.513333 0.011364 0.066667
1 0.170455 0.393333 0.011364 0.066667
7 0.285511 0.153333 0.011364 0.066667
3 0.285511 0.513333 0.011364 0.066667
5 0.399148 0.513333 0.011364 0.066667
9 0.514205 0.273333 0.011364 0.066667
0 0.514205 0.393333 0.011364 0.066667
4 0.514205 0.153333 0.011364 0.066667
3 0.627841 0.633333 0.011364 0.066667
9 0.742898 0.273333 0.011364 0.066667
3 0.742898 0.633333 0.011364 0.066667
5 0.856534 0.393333 0.011364 0.066667
7 0.856534 0.513333 0.011364 0.066667
6 0.856534 0.273333 0.011364 0.066667
4 0.856534 0.753333 0.011364 0.066667