7 0.125517 0.633333 0.011034 0.066667
2 0.125517 0.153333 0.011034 0.066667
16 0.195862 0.753333 0.022069 0.066667
1 0.266207 0.633333 0.011034 0.066667
1 0.266207 0.153333 0.011034 0.066667
17 0.266207 0.273333 0.022069 0.066667
0 0.336552 0.273333 0.011034 0.066667
0 0.336552 0.753333 0.011034 0.066667
14 0.406897 0.753333 0.022069 0.066667
0 0.406897 0.513333 0.011034 0.066667
0 0.477241 0.393333 0.011034 0.066667
10 0.477241 0.273333 0.022069 0.066667
2 0.477241 0.753333 0.011034 0.066667
9 0.548966 0.633333 0.011034 0.066667
5 0.548966 0.153333 0.011034 0.066667
13 0.619310 0.753333 0.022069 0.066667
2 0.619310 0.513333 0.011034 0.066667
11 0.619310 0.273333 0.022069 0.066667
4 0.689655 0.153333 0.011034 0.066667
0 0.689655 0.513333 0.011034 0.066667
0 0.760000 0.273333 0.011034 0.066667
3 0.760000 0.393333 0.011034 0.066667
23 0.830345 0.393333 0.022069 0.066667
27 0.831034 0.153333 0.009655 0.053333
27 0.831034 0.633333 0.009655 0.053333
2 0.900690 0.393333 0.011034 0.066667
16 0.900690 0.513333 0.022069 0.066667
5 0.900690 0.753333 0.011034 0.066667