1 0.141291 0.633333 0.009744 0.066667
7 0.141291 0.393333 0.009744 0.066667
0 0.233861 0.633333 0.009744 0.066667
19 0.326431 0.393333 0.019488 0.066667
0 0.326431 0.273333 0.009744 0.066667
12 0.326431 0.153333 0.019488 0.066667
7 0.419001 0.633333 0.009744 0.066667
11 0.419001 0.273333 0.019488 0.066667
0 0.419001 0.153333 0.009744 0.066667
10 0.511571 0.753333 0.019488 0.066667
10 0.511571 0.273333 0.019488 0.066667
28 0.604141 0.633333 0.029233 0.066667
0 0.696711 0.273333 0.009744 0.066667
2 0.696711 0.393333 0.009744 0.066667
5 0.696711 0.153333 0.009744 0.066667
6 0.789281 0.153333 0.009744 0.066667
6 0.881851 0.633333 0.009744 0.066667
7 0.881851 0.153333 0.009744 0.066667