15 0.126551 0.273333 0.019851 0.066667
2 0.126551 0.753333 0.009926 0.066667
8 0.203474 0.753333 0.009926 0.066667
16 0.203474 0.513333 0.019851 0.066667
2 0.280397 0.513333 0.009926 0.066667
6 0.280397 0.393333 0.009926 0.066667
10 0.280397 0.753333 0.019851 0.066667
19 0.357320 0.753333 0.019851 0.066667
10 0.357320 0.513333 0.019851 0.066667
17 0.434243 0.153333 0.019851 0.066667
2 0.512407 0.753333 0.009926 0.066667
27 0.511787 0.513333 0.008685 0.053333
5 0.512407 0.273333 0.009926 0.066667
3 0.589330 0.393333 0.009926 0.066667
5 0.666253 0.273333 0.009926 0.066667
20 0.666253 0.633333 0.019851 0.066667
12 0.743176 0.273333 0.019851 0.066667
1 0.743176 0.753333 0.009926 0.066667
2 0.743176 0.153333 0.009926 0.066667
6 0.820099 0.633333 0.009926 0.066667
2 0.820099 0.393333 0.009926 0.066667
1 0.897022 0.153333 0.009926 0.066667
3 0.897022 0.273333 0.009926 0.066667