4 0.112348 0.513333 0.008097 0.066667
28 0.112348 0.153333 0.024291 0.066667
9 0.184211 0.393333 0.008097 0.066667
13 0.184211 0.153333 0.016194 0.066667
11 0.184211 0.273333 0.016194 0.066667
13 0.184211 0.513333 0.016194 0.066667
5 0.257085 0.393333 0.008097 0.066667
9 0.257085 0.753333 0.008097 0.066667
11 0.328947 0.753333 0.016194 0.066667
20 0.328947 0.393333 0.016194 0.066667
13 0.328947 0.513333 0.016194 0.066667
3 0.400810 0.273333 0.008097 0.066667
1 0.473684 0.273333 0.008097 0.066667
4 0.473684 0.753333 0.008097 0.066667
2 0.473684 0.153333 0.008097 0.066667
21 0.545547 0.513333 0.016194 0.066667
23 0.618421 0.513333 0.016194 0.066667
22 0.618421 0.153333 0.016194 0.066667
5 0.690283 0.273333 0.008097 0.066667
18 0.762146 0.153333 0.016194 0.066667
0 0.835020 0.513333 0.008097 0.066667
0 0.835020 0.393333 0.008097 0.066667
1 0.906883 0.393333 0.008097 0.066667