0 0.149033 0.633333 0.009101 0.066667
4 0.149033 0.153333 0.009101 0.066667
17 0.252560 0.153333 0.018203 0.066667
0 0.356086 0.633333 0.009101 0.066667
17 0.356086 0.273333 0.018203 0.066667
3 0.459613 0.513333 0.009101 0.066667
4 0.459613 0.273333 0.009101 0.066667
4 0.459613 0.633333 0.009101 0.066667
21 0.563140 0.273333 0.018203 0.066667
5 0.563140 0.513333 0.009101 0.066667
0 0.666667 0.753333 0.009101 0.066667
8 0.666667 0.633333 0.009101 0.066667
1 0.770193 0.393333 0.009101 0.066667
5 0.873720 0.273333 0.009101 0.066667