8 0.119622 0.153333 0.008395 0.066667
8 0.197272 0.273333 0.008395 0.066667
21 0.197272 0.753333 0.016789 0.066667
10 0.275971 0.273333 0.016789 0.066667
0 0.353620 0.513333 0.008395 0.066667
6 0.353620 0.393333 0.008395 0.066667
10 0.353620 0.153333 0.016789 0.066667
6 0.353620 0.633333 0.008395 0.066667
9 0.432319 0.153333 0.008395 0.066667
4 0.509969 0.633333 0.008395 0.066667
11 0.509969 0.273333 0.016789 0.066667
9 0.509969 0.393333 0.008395 0.066667
23 0.509969 0.153333 0.016789 0.066667
2 0.587618 0.393333 0.008395 0.066667
5 0.587618 0.633333 0.008395 0.066667
0 0.587618 0.513333 0.008395 0.066667
1 0.666317 0.153333 0.008395 0.066667
10 0.666317 0.393333 0.016789 0.066667
3 0.743966 0.753333 0.008395 0.066667
11 0.743966 0.273333 0.016789 0.066667
12 0.822665 0.153333 0.016789 0.066667
5 0.900315 0.633333 0.008395 0.066667
8 0.900315 0.753333 0.008395 0.066667
8 0.900315 0.513333 0.008395 0.066667
28 0.900315 0.393333 0.025184 0.066667