24 0.136913 0.513333 0.021477 0.066667
18 0.220134 0.633333 0.021477 0.066667
1 0.220134 0.393333 0.010738 0.066667
5 0.303356 0.393333 0.010738 0.066667
27 0.304027 0.153333 0.009396 0.053333
3 0.387919 0.393333 0.010738 0.066667
7 0.387919 0.273333 0.010738 0.066667
9 0.387919 0.753333 0.010738 0.066667
4 0.471141 0.273333 0.010738 0.066667
1 0.554362 0.753333 0.010738 0.066667
4 0.637584 0.513333 0.010738 0.066667
0 0.637584 0.753333 0.010738 0.066667
7 0.722148 0.393333 0.010738 0.066667
18 0.722148 0.513333 0.021477 0.066667
23 0.805369 0.273333 0.021477 0.066667
2 0.888591 0.513333 0.010738 0.066667
0 0.888591 0.153333 0.010738 0.066667
21 0.888591 0.393333 0.021477 0.066667
14 0.888591 0.633333 0.021477 0.066667