0 0.126850 0.633333 0.008457 0.066667
6 0.212474 0.393333 0.008457 0.066667
6 0.297040 0.393333 0.008457 0.066667
3 0.297040 0.273333 0.008457 0.066667
0 0.382664 0.513333 0.008457 0.066667
0 0.382664 0.753333 0.008457 0.066667
11 0.467230 0.633333 0.016913 0.066667
14 0.467230 0.753333 0.016913 0.066667
0 0.552854 0.633333 0.008457 0.066667
0 0.552854 0.273333 0.008457 0.066667
1 0.552854 0.753333 0.008457 0.066667
0 0.637421 0.153333 0.008457 0.066667
8 0.637421 0.393333 0.008457 0.066667
0 0.637421 0.513333 0.008457 0.066667
2 0.723044 0.753333 0.008457 0.066667
18 0.723044 0.633333 0.016913 0.066667
14 0.807611 0.153333 0.016913 0.066667
2 0.807611 0.753333 0.008457 0.066667
3 0.893235 0.273333 0.008457 0.066667