2 0.168919 0.273333 0.010811 0.066667
12 0.168919 0.753333 0.021622 0.066667
2 0.168919 0.393333 0.010811 0.066667
5 0.168919 0.633333 0.010811 0.066667
0 0.283784 0.153333 0.010811 0.066667
17 0.283784 0.513333 0.021622 0.066667
2 0.283784 0.633333 0.010811 0.066667
11 0.398649 0.153333 0.021622 0.066667
4 0.398649 0.513333 0.010811 0.066667
7 0.398649 0.633333 0.010811 0.066667
27 0.397973 0.273333 0.009459 0.053333
4 0.513514 0.153333 0.010811 0.066667
10 0.513514 0.513333 0.021622 0.066667
15 0.513514 0.633333 0.021622 0.066667
10 0.513514 0.273333 0.021622 0.066667
2 0.628378 0.513333 0.010811 0.066667
1 0.743243 0.753333 0.010811 0.066667
6 0.743243 0.393333 0.010811 0.066667
0 0.743243 0.513333 0.010811 0.066667
19 0.743243 0.633333 0.021622 0.066667
7 0.858108 0.273333 0.010811 0.066667
6 0.858108 0.393333 0.010811 0.066667
9 0.858108 0.513333 0.010811 0.066667