3 0.122472 0.513333 0.008989 0.066667
11 0.200000 0.513333 0.017978 0.066667
10 0.277528 0.273333 0.017978 0.066667
12 0.355056 0.633333 0.017978 0.066667
3 0.355056 0.753333 0.008989 0.066667
1 0.355056 0.393333 0.008989 0.066667
10 0.355056 0.153333 0.017978 0.066667
6 0.432584 0.273333 0.008989 0.066667
3 0.511236 0.273333 0.008989 0.066667
8 0.511236 0.513333 0.008989 0.066667
22 0.511236 0.153333 0.017978 0.066667
15 0.588764 0.513333 0.017978 0.066667
18 0.588764 0.393333 0.017978 0.066667
0 0.666292 0.273333 0.008989 0.066667
3 0.666292 0.393333 0.008989 0.066667
5 0.666292 0.633333 0.008989 0.066667
28 0.743820 0.513333 0.026966 0.066667
0 0.743820 0.393333 0.008989 0.066667
10 0.821348 0.153333 0.017978 0.066667
2 0.821348 0.633333 0.008989 0.066667
6 0.821348 0.753333 0.008989 0.066667
9 0.898876 0.633333 0.008989 0.066667
2 0.898876 0.273333 0.008989 0.066667