1 0.122222 0.393333 0.008889 0.066667
7 0.122222 0.273333 0.008889 0.066667
6 0.200000 0.273333 0.008889 0.066667
0 0.277778 0.753333 0.008889 0.066667
22 0.277778 0.633333 0.017778 0.066667
10 0.355556 0.513333 0.017778 0.066667
3 0.433333 0.153333 0.008889 0.066667
3 0.511111 0.273333 0.008889 0.066667
0 0.511111 0.393333 0.008889 0.066667
0 0.588889 0.513333 0.008889 0.066667
0 0.588889 0.153333 0.008889 0.066667
19 0.666667 0.633333 0.017778 0.066667
7 0.666667 0.393333 0.008889 0.066667
5 0.666667 0.273333 0.008889 0.066667
10 0.744444 0.753333 0.017778 0.066667
0 0.744444 0.393333 0.008889 0.066667
17 0.822222 0.513333 0.017778 0.066667
10 0.822222 0.153333 0.017778 0.066667
1 0.822222 0.393333 0.008889 0.066667
1 0.900000 0.153333 0.008889 0.066667
10 0.900000 0.633333 0.017778 0.066667