28 0.128550 0.633333 0.035874 0.066667
3 0.128550 0.753333 0.011958 0.066667
1 0.198804 0.393333 0.011958 0.066667
9 0.198804 0.513333 0.011958 0.066667
10 0.198804 0.633333 0.023916 0.066667
24 0.198804 0.273333 0.023916 0.066667
1 0.269058 0.633333 0.011958 0.066667
8 0.339312 0.633333 0.011958 0.066667
2 0.339312 0.273333 0.011958 0.066667
0 0.339312 0.393333 0.011958 0.066667
0 0.409567 0.633333 0.011958 0.066667
9 0.409567 0.153333 0.011958 0.066667
7 0.409567 0.273333 0.011958 0.066667
0 0.409567 0.753333 0.011958 0.066667
8 0.479821 0.273333 0.011958 0.066667
4 0.479821 0.633333 0.011958 0.066667
20 0.479821 0.513333 0.023916 0.066667
13 0.548580 0.393333 0.023916 0.066667
3 0.618834 0.633333 0.011958 0.066667
8 0.618834 0.513333 0.011958 0.066667
3 0.618834 0.753333 0.011958 0.066667
0 0.689088 0.513333 0.011958 0.066667
6 0.689088 0.273333 0.011958 0.066667
0 0.689088 0.153333 0.011958 0.066667
4 0.759342 0.513333 0.011958 0.066667
11 0.759342 0.393333 0.023916 0.066667
10 0.759342 0.153333 0.023916 0.066667
4 0.829596 0.753333 0.011958 0.066667
3 0.829596 0.393333 0.011958 0.066667
1 0.829596 0.513333 0.011958 0.066667
2 0.829596 0.633333 0.011958 0.066667
2 0.899851 0.753333 0.011958 0.066667