15 0.192982 0.513333 0.025518 0.066667
1 0.192982 0.153333 0.012759 0.066667
0 0.322169 0.633333 0.012759 0.066667
2 0.322169 0.513333 0.012759 0.066667
9 0.322169 0.273333 0.012759 0.066667
23 0.451356 0.753333 0.025518 0.066667
9 0.451356 0.513333 0.012759 0.066667
0 0.580542 0.273333 0.012759 0.066667
3 0.580542 0.513333 0.012759 0.066667
1 0.709729 0.153333 0.012759 0.066667
6 0.709729 0.633333 0.012759 0.066667
0 0.838915 0.633333 0.012759 0.066667
13 0.838915 0.153333 0.025518 0.066667
3 0.838915 0.513333 0.012759 0.066667
18 0.838915 0.393333 0.025518 0.066667