15 0.142640 0.513333 0.024279 0.066667
2 0.142640 0.273333 0.012140 0.066667
13 0.224583 0.513333 0.024279 0.066667
6 0.224583 0.393333 0.012140 0.066667
1 0.224583 0.273333 0.012140 0.066667
6 0.224583 0.633333 0.012140 0.066667
6 0.308042 0.513333 0.012140 0.066667
10 0.308042 0.393333 0.024279 0.066667
0 0.308042 0.153333 0.012140 0.066667
10 0.389985 0.393333 0.024279 0.066667
3 0.473445 0.393333 0.012140 0.066667
8 0.473445 0.273333 0.012140 0.066667
5 0.555387 0.633333 0.012140 0.066667
3 0.555387 0.753333 0.012140 0.066667
20 0.555387 0.153333 0.024279 0.066667
6 0.638847 0.753333 0.012140 0.066667
13 0.720789 0.753333 0.024279 0.066667
3 0.720789 0.633333 0.012140 0.066667
5 0.720789 0.513333 0.012140 0.066667
10 0.804249 0.273333 0.024279 0.066667
10 0.804249 0.393333 0.024279 0.066667
2 0.886191 0.753333 0.012140 0.066667