17 0.116071 0.753333 0.017857 0.066667
2 0.116071 0.153333 0.008929 0.066667
6 0.187500 0.393333 0.008929 0.066667
7 0.258929 0.273333 0.008929 0.066667
1 0.258929 0.393333 0.008929 0.066667
0 0.258929 0.513333 0.008929 0.066667
3 0.331473 0.753333 0.008929 0.066667
8 0.331473 0.153333 0.008929 0.066667
0 0.331473 0.633333 0.008929 0.066667
4 0.402902 0.393333 0.008929 0.066667
15 0.474330 0.393333 0.017857 0.066667
6 0.474330 0.153333 0.008929 0.066667
6 0.474330 0.633333 0.008929 0.066667
3 0.474330 0.753333 0.008929 0.066667
3 0.546875 0.393333 0.008929 0.066667
0 0.546875 0.153333 0.008929 0.066667
28 0.546875 0.633333 0.035714 0.066667
27 0.546317 0.753333 0.007812 0.053333
3 0.618304 0.273333 0.008929 0.066667
5 0.618304 0.753333 0.008929 0.066667
20 0.689732 0.273333 0.017857 0.066667
0 0.689732 0.153333 0.008929 0.066667
1 0.762277 0.273333 0.008929 0.066667
6 0.762277 0.633333 0.008929 0.066667
4 0.833705 0.753333 0.008929 0.066667
0 0.905134 0.153333 0.008929 0.066667
0 0.905134 0.633333 0.008929 0.066667
13 0.905134 0.513333 0.017857 0.066667