1 0.174869 0.633333 0.008377 0.066667
20 0.174869 0.273333 0.016754 0.066667
4 0.174869 0.753333 0.008377 0.066667
15 0.308901 0.153333 0.016754 0.066667
3 0.308901 0.633333 0.008377 0.066667
0 0.308901 0.273333 0.008377 0.066667
1 0.442932 0.273333 0.008377 0.066667
6 0.442932 0.153333 0.008377 0.066667
10 0.442932 0.633333 0.016754 0.066667
16 0.442932 0.393333 0.016754 0.066667
2 0.576963 0.273333 0.008377 0.066667
10 0.576963 0.393333 0.016754 0.066667
3 0.576963 0.633333 0.008377 0.066667
2 0.710995 0.633333 0.008377 0.066667
4 0.710995 0.273333 0.008377 0.066667
3 0.710995 0.753333 0.008377 0.066667
4 0.845026 0.273333 0.008377 0.066667
23 0.845026 0.513333 0.016754 0.066667