16 0.158562 0.393333 0.016913 0.066667
3 0.158562 0.273333 0.008457 0.066667
7 0.158562 0.153333 0.008457 0.066667
5 0.158562 0.633333 0.008457 0.066667
4 0.275899 0.633333 0.008457 0.066667
13 0.275899 0.753333 0.016913 0.066667
1 0.275899 0.273333 0.008457 0.066667
10 0.393235 0.513333 0.016913 0.066667
18 0.393235 0.753333 0.016913 0.066667
7 0.393235 0.153333 0.008457 0.066667
2 0.510571 0.513333 0.008457 0.066667
0 0.510571 0.633333 0.008457 0.066667
22 0.626850 0.513333 0.016913 0.066667
3 0.626850 0.753333 0.008457 0.066667
2 0.626850 0.273333 0.008457 0.066667
1 0.744186 0.513333 0.008457 0.066667
24 0.744186 0.633333 0.016913 0.066667
0 0.861522 0.513333 0.008457 0.066667
10 0.861522 0.633333 0.016913 0.066667
4 0.861522 0.753333 0.008457 0.066667
0 0.861522 0.393333 0.008457 0.066667