0 0.148415 0.153333 0.011527 0.066667
2 0.148415 0.513333 0.011527 0.066667
5 0.148415 0.753333 0.011527 0.066667
15 0.239193 0.393333 0.023055 0.066667
28 0.239193 0.633333 0.046110 0.066667
11 0.331412 0.753333 0.023055 0.066667
5 0.331412 0.633333 0.011527 0.066667
6 0.422190 0.513333 0.011527 0.066667
15 0.422190 0.273333 0.023055 0.066667
11 0.514409 0.273333 0.023055 0.066667
0 0.514409 0.753333 0.011527 0.066667
6 0.514409 0.513333 0.011527 0.066667
8 0.514409 0.633333 0.011527 0.066667
1 0.605187 0.513333 0.011527 0.066667
5 0.605187 0.273333 0.011527 0.066667
0 0.695965 0.513333 0.011527 0.066667
11 0.695965 0.273333 0.023055 0.066667
9 0.695965 0.393333 0.011527 0.066667
2 0.788184 0.273333 0.011527 0.066667
8 0.788184 0.153333 0.011527 0.066667
1 0.878963 0.153333 0.011527 0.066667
2 0.878963 0.273333 0.011527 0.066667
3 0.878963 0.393333 0.011527 0.066667
2 0.878963 0.513333 0.011527 0.066667