1 0.118788 0.393333 0.009697 0.066667
0 0.118788 0.273333 0.009697 0.066667
28 0.190303 0.633333 0.029091 0.066667
8 0.190303 0.273333 0.009697 0.066667
5 0.190303 0.393333 0.009697 0.066667
3 0.261818 0.393333 0.009697 0.066667
0 0.261818 0.153333 0.009697 0.066667
4 0.261818 0.753333 0.009697 0.066667
4 0.261818 0.513333 0.009697 0.066667
8 0.333333 0.753333 0.009697 0.066667
6 0.333333 0.153333 0.009697 0.066667
0 0.404848 0.393333 0.009697 0.066667
1 0.404848 0.753333 0.009697 0.066667
0 0.404848 0.633333 0.009697 0.066667
17 0.476364 0.513333 0.019394 0.066667
3 0.546667 0.393333 0.009697 0.066667
2 0.546667 0.753333 0.009697 0.066667
8 0.546667 0.513333 0.009697 0.066667
18 0.618182 0.153333 0.019394 0.066667
1 0.618182 0.513333 0.009697 0.066667
13 0.689697 0.513333 0.019394 0.066667
1 0.761212 0.513333 0.009697 0.066667
1 0.761212 0.633333 0.009697 0.066667
3 0.832727 0.393333 0.009697 0.066667
8 0.832727 0.633333 0.009697 0.066667
6 0.904242 0.273333 0.009697 0.066667