0 0.121639 0.273333 0.010243 0.066667
27 0.120999 0.753333 0.008963 0.053333
24 0.121639 0.633333 0.020487 0.066667
5 0.121639 0.153333 0.010243 0.066667
2 0.192061 0.753333 0.010243 0.066667
13 0.192061 0.633333 0.020487 0.066667
3 0.263764 0.513333 0.010243 0.066667
16 0.263764 0.753333 0.020487 0.066667
18 0.334187 0.393333 0.020487 0.066667
8 0.405890 0.513333 0.010243 0.066667
7 0.476312 0.393333 0.010243 0.066667
17 0.476312 0.513333 0.020487 0.066667
24 0.476312 0.753333 0.020487 0.066667
9 0.548015 0.513333 0.010243 0.066667
12 0.618438 0.753333 0.020487 0.066667
2 0.618438 0.513333 0.010243 0.066667
9 0.690141 0.753333 0.010243 0.066667
0 0.690141 0.633333 0.010243 0.066667
8 0.690141 0.273333 0.010243 0.066667
2 0.760563 0.273333 0.010243 0.066667
0 0.832266 0.633333 0.010243 0.066667
27 0.903329 0.513333 0.008963 0.053333
8 0.902689 0.753333 0.010243 0.066667