0 0.127753 0.153333 0.011747 0.066667
6 0.127753 0.513333 0.011747 0.066667
5 0.127753 0.633333 0.011747 0.066667
15 0.127753 0.273333 0.023495 0.066667
5 0.198238 0.153333 0.011747 0.066667
8 0.268722 0.393333 0.011747 0.066667
1 0.339207 0.753333 0.011747 0.066667
3 0.339207 0.513333 0.011747 0.066667
8 0.408223 0.753333 0.011747 0.066667
2 0.408223 0.633333 0.011747 0.066667
1 0.478708 0.273333 0.011747 0.066667
28 0.478708 0.753333 0.035242 0.066667
4 0.478708 0.393333 0.011747 0.066667
10 0.478708 0.153333 0.023495 0.066667
15 0.549192 0.393333 0.023495 0.066667
18 0.549192 0.273333 0.023495 0.066667
7 0.549192 0.153333 0.011747 0.066667
21 0.549192 0.513333 0.023495 0.066667
3 0.619677 0.153333 0.011747 0.066667
10 0.688693 0.273333 0.023495 0.066667
0 0.688693 0.633333 0.011747 0.066667
2 0.688693 0.153333 0.011747 0.066667
14 0.759178 0.513333 0.023495 0.066667
3 0.759178 0.753333 0.011747 0.066667
1 0.759178 0.273333 0.011747 0.066667
2 0.829662 0.153333 0.011747 0.066667
16 0.829662 0.513333 0.023495 0.066667
1 0.900147 0.273333 0.011747 0.066667
28 0.900147 0.153333 0.035242 0.066667
1 0.900147 0.393333 0.011747 0.066667