10 0.130939 0.753333 0.018540 0.066667
3 0.130939 0.393333 0.009270 0.066667
13 0.215527 0.393333 0.018540 0.066667
2 0.215527 0.153333 0.009270 0.066667
8 0.300116 0.633333 0.009270 0.066667
5 0.300116 0.513333 0.009270 0.066667
7 0.300116 0.393333 0.009270 0.066667
1 0.384705 0.273333 0.009270 0.066667
7 0.384705 0.753333 0.009270 0.066667
2 0.384705 0.513333 0.009270 0.066667
6 0.469293 0.273333 0.009270 0.066667
16 0.469293 0.393333 0.018540 0.066667
0 0.553882 0.633333 0.009270 0.066667
6 0.553882 0.513333 0.009270 0.066667
0 0.638470 0.753333 0.009270 0.066667
3 0.638470 0.153333 0.009270 0.066667
14 0.638470 0.273333 0.018540 0.066667
0 0.638470 0.393333 0.009270 0.066667
23 0.723059 0.633333 0.018540 0.066667
9 0.723059 0.753333 0.009270 0.066667
14 0.807648 0.153333 0.018540 0.066667
6 0.892236 0.513333 0.009270 0.066667