6 0.173979 0.753333 0.012103 0.066667
0 0.173979 0.513333 0.012103 0.066667
5 0.287443 0.153333 0.012103 0.066667
0 0.400908 0.633333 0.012103 0.066667
11 0.400908 0.393333 0.024206 0.066667
2 0.514372 0.633333 0.012103 0.066667
5 0.514372 0.393333 0.012103 0.066667
24 0.627837 0.153333 0.024206 0.066667
5 0.627837 0.753333 0.012103 0.066667
0 0.627837 0.273333 0.012103 0.066667
6 0.741301 0.513333 0.012103 0.066667
4 0.741301 0.633333 0.012103 0.066667
5 0.854766 0.513333 0.012103 0.066667
13 0.854766 0.393333 0.024206 0.066667