2 0.140931 0.513333 0.009804 0.066667
2 0.140931 0.393333 0.009804 0.066667
5 0.140931 0.633333 0.009804 0.066667
1 0.234069 0.753333 0.009804 0.066667
24 0.325980 0.633333 0.019608 0.066667
5 0.325980 0.513333 0.009804 0.066667
2 0.419118 0.153333 0.009804 0.066667
12 0.419118 0.273333 0.019608 0.066667
2 0.512255 0.153333 0.009804 0.066667
0 0.512255 0.273333 0.009804 0.066667
5 0.604167 0.153333 0.009804 0.066667
11 0.604167 0.273333 0.019608 0.066667
6 0.604167 0.513333 0.009804 0.066667
9 0.697304 0.393333 0.009804 0.066667
0 0.697304 0.633333 0.009804 0.066667
12 0.697304 0.513333 0.019608 0.066667
13 0.789216 0.633333 0.019608 0.066667
4 0.882353 0.153333 0.009804 0.066667
13 0.882353 0.273333 0.019608 0.066667
2 0.882353 0.513333 0.009804 0.066667