5 0.127721 0.393333 0.011611 0.066667
24 0.127721 0.753333 0.023222 0.066667
3 0.127721 0.273333 0.011611 0.066667
10 0.197388 0.153333 0.023222 0.066667
4 0.197388 0.513333 0.011611 0.066667
8 0.268505 0.513333 0.011611 0.066667
0 0.338171 0.633333 0.011611 0.066667
0 0.338171 0.513333 0.011611 0.066667
27 0.408563 0.513333 0.010160 0.053333
9 0.407837 0.393333 0.011611 0.066667
14 0.478955 0.393333 0.023222 0.066667
3 0.478955 0.513333 0.011611 0.066667
12 0.548621 0.513333 0.023222 0.066667
7 0.548621 0.153333 0.011611 0.066667
11 0.548621 0.393333 0.023222 0.066667
19 0.548621 0.753333 0.023222 0.066667
1 0.619739 0.633333 0.011611 0.066667
9 0.619739 0.153333 0.011611 0.066667
1 0.619739 0.273333 0.011611 0.066667
0 0.689405 0.153333 0.011611 0.066667
6 0.689405 0.393333 0.011611 0.066667
0 0.759071 0.153333 0.011611 0.066667
8 0.830189 0.273333 0.011611 0.066667
2 0.899855 0.753333 0.011611 0.066667