9 0.168237 0.273333 0.010767 0.066667
6 0.282638 0.753333 0.010767 0.066667
2 0.282638 0.273333 0.010767 0.066667
3 0.282638 0.513333 0.010767 0.066667
0 0.398385 0.273333 0.010767 0.066667
19 0.398385 0.153333 0.021534 0.066667
15 0.398385 0.633333 0.021534 0.066667
11 0.398385 0.393333 0.021534 0.066667
17 0.512786 0.393333 0.021534 0.066667
18 0.512786 0.633333 0.021534 0.066667
3 0.512786 0.513333 0.010767 0.066667
0 0.512786 0.273333 0.010767 0.066667
2 0.627187 0.633333 0.010767 0.066667
9 0.742934 0.273333 0.010767 0.066667
5 0.742934 0.513333 0.010767 0.066667
17 0.857335 0.393333 0.021534 0.066667