0 0.153947 0.393333 0.010526 0.066667
10 0.256579 0.513333 0.021053 0.066667
0 0.359211 0.513333 0.010526 0.066667
2 0.359211 0.393333 0.010526 0.066667
10 0.461842 0.633333 0.021053 0.066667
0 0.461842 0.753333 0.010526 0.066667
2 0.461842 0.513333 0.010526 0.066667
1 0.461842 0.273333 0.010526 0.066667
27 0.563816 0.633333 0.009211 0.053333
2 0.665789 0.153333 0.010526 0.066667
4 0.665789 0.753333 0.010526 0.066667
3 0.768421 0.153333 0.010526 0.066667
27 0.767763 0.753333 0.009211 0.053333
0 0.871053 0.273333 0.010526 0.066667
0 0.871053 0.153333 0.010526 0.066667