4 0.134208 0.513333 0.008073 0.066667
8 0.134208 0.273333 0.008073 0.066667
3 0.228052 0.633333 0.008073 0.066667
0 0.228052 0.753333 0.008073 0.066667
3 0.228052 0.513333 0.008073 0.066667
17 0.228052 0.153333 0.016145 0.066667
12 0.321897 0.153333 0.016145 0.066667
24 0.321897 0.753333 0.016145 0.066667
4 0.415742 0.273333 0.008073 0.066667
6 0.415742 0.633333 0.008073 0.066667
10 0.415742 0.393333 0.016145 0.066667
3 0.509586 0.633333 0.008073 0.066667
3 0.603431 0.393333 0.008073 0.066667
8 0.603431 0.633333 0.008073 0.066667
4 0.697275 0.153333 0.008073 0.066667
2 0.791120 0.273333 0.008073 0.066667
14 0.884965 0.633333 0.016145 0.066667
10 0.884965 0.153333 0.016145 0.066667