15 0.128400 0.393333 0.017410 0.066667
1 0.128400 0.753333 0.008705 0.066667
20 0.213275 0.633333 0.017410 0.066667
19 0.213275 0.273333 0.017410 0.066667
1 0.298150 0.633333 0.008705 0.066667
24 0.383025 0.393333 0.017410 0.066667
14 0.383025 0.273333 0.017410 0.066667
5 0.467900 0.393333 0.008705 0.066667
2 0.467900 0.153333 0.008705 0.066667
23 0.467900 0.633333 0.017410 0.066667
3 0.552775 0.273333 0.008705 0.066667
3 0.552775 0.153333 0.008705 0.066667
12 0.637650 0.513333 0.017410 0.066667
2 0.637650 0.273333 0.008705 0.066667
16 0.722524 0.393333 0.017410 0.066667
0 0.722524 0.153333 0.008705 0.066667
3 0.807399 0.753333 0.008705 0.066667
14 0.807399 0.153333 0.017410 0.066667
0 0.892274 0.633333 0.008705 0.066667
4 0.892274 0.753333 0.008705 0.066667