7 0.155378 0.393333 0.010624 0.066667
5 0.155378 0.633333 0.010624 0.066667
1 0.155378 0.273333 0.010624 0.066667
9 0.257636 0.513333 0.010624 0.066667
1 0.359894 0.753333 0.010624 0.066667
4 0.462151 0.513333 0.010624 0.066667
0 0.564409 0.753333 0.010624 0.066667
11 0.564409 0.153333 0.021248 0.066667
5 0.666667 0.393333 0.010624 0.066667
14 0.666667 0.633333 0.021248 0.066667
8 0.666667 0.753333 0.010624 0.066667
8 0.768924 0.513333 0.010624 0.066667
10 0.768924 0.633333 0.021248 0.066667
10 0.768924 0.153333 0.021248 0.066667
9 0.768924 0.753333 0.010624 0.066667
4 0.871182 0.273333 0.010624 0.066667