4 0.118541 0.273333 0.008105 0.066667
0 0.118541 0.633333 0.008105 0.066667
0 0.196555 0.273333 0.008105 0.066667
3 0.196555 0.153333 0.008105 0.066667
2 0.274569 0.753333 0.008105 0.066667
0 0.274569 0.273333 0.008105 0.066667
1 0.353597 0.273333 0.008105 0.066667
9 0.353597 0.513333 0.008105 0.066667
3 0.353597 0.753333 0.008105 0.066667
8 0.431611 0.753333 0.008105 0.066667
17 0.431611 0.513333 0.016211 0.066667
13 0.509625 0.753333 0.016211 0.066667
10 0.587639 0.153333 0.016211 0.066667
7 0.587639 0.273333 0.008105 0.066667
9 0.666667 0.393333 0.008105 0.066667
0 0.666667 0.153333 0.008105 0.066667
20 0.744681 0.153333 0.016211 0.066667
11 0.744681 0.513333 0.016211 0.066667
1 0.822695 0.753333 0.008105 0.066667
16 0.822695 0.153333 0.016211 0.066667
4 0.822695 0.513333 0.008105 0.066667
5 0.900709 0.753333 0.008105 0.066667
0 0.900709 0.393333 0.008105 0.066667