19 0.112971 0.153333 0.016736 0.066667
1 0.185146 0.513333 0.008368 0.066667
5 0.185146 0.393333 0.008368 0.066667
5 0.257322 0.273333 0.008368 0.066667
4 0.257322 0.633333 0.008368 0.066667
9 0.329498 0.513333 0.008368 0.066667
21 0.329498 0.153333 0.016736 0.066667
1 0.329498 0.633333 0.008368 0.066667
1 0.401674 0.513333 0.008368 0.066667
28 0.473849 0.393333 0.025105 0.066667
14 0.473849 0.633333 0.016736 0.066667
22 0.546025 0.513333 0.016736 0.066667
6 0.546025 0.753333 0.008368 0.066667
0 0.546025 0.393333 0.008368 0.066667
8 0.546025 0.633333 0.008368 0.066667
9 0.618201 0.753333 0.008368 0.066667
0 0.618201 0.393333 0.008368 0.066667
1 0.618201 0.153333 0.008368 0.066667
3 0.690377 0.393333 0.008368 0.066667
18 0.762552 0.513333 0.016736 0.066667
3 0.762552 0.153333 0.008368 0.066667
0 0.762552 0.633333 0.008368 0.066667
15 0.762552 0.393333 0.016736 0.066667
3 0.834728 0.633333 0.008368 0.066667
1 0.906904 0.513333 0.008368 0.066667
15 0.906904 0.633333 0.016736 0.066667
4 0.906904 0.393333 0.008368 0.066667