5 0.174803 0.393333 0.012598 0.066667
10 0.174803 0.633333 0.025197 0.066667
4 0.174803 0.273333 0.012598 0.066667
9 0.288189 0.513333 0.012598 0.066667
2 0.288189 0.633333 0.012598 0.066667
9 0.401575 0.513333 0.012598 0.066667
8 0.514961 0.273333 0.012598 0.066667
0 0.514961 0.753333 0.012598 0.066667
5 0.628346 0.273333 0.012598 0.066667
2 0.741732 0.273333 0.012598 0.066667
5 0.741732 0.393333 0.012598 0.066667
11 0.741732 0.513333 0.025197 0.066667
1 0.855118 0.753333 0.012598 0.066667
19 0.855118 0.153333 0.025197 0.066667