0 0.175549 0.273333 0.008359 0.066667
2 0.175549 0.633333 0.008359 0.066667
11 0.175549 0.153333 0.016719 0.066667
2 0.309300 0.273333 0.008359 0.066667
20 0.309300 0.393333 0.016719 0.066667
20 0.443051 0.513333 0.016719 0.066667
13 0.443051 0.153333 0.016719 0.066667
6 0.443051 0.633333 0.008359 0.066667
23 0.576803 0.393333 0.016719 0.066667
9 0.576803 0.753333 0.008359 0.066667
23 0.576803 0.273333 0.016719 0.066667
6 0.710554 0.513333 0.008359 0.066667
16 0.844305 0.753333 0.016719 0.066667