24 0.163995 0.273333 0.019729 0.066667
5 0.279901 0.633333 0.009864 0.066667
2 0.279901 0.753333 0.009864 0.066667
4 0.395808 0.753333 0.009864 0.066667
7 0.395808 0.513333 0.009864 0.066667
0 0.511714 0.153333 0.009864 0.066667
28 0.627620 0.153333 0.029593 0.066667
7 0.627620 0.393333 0.009864 0.066667
0 0.627620 0.513333 0.009864 0.066667
10 0.627620 0.633333 0.019729 0.066667
28 0.743527 0.153333 0.029593 0.066667
20 0.743527 0.633333 0.019729 0.066667
5 0.859433 0.393333 0.009864 0.066667
28 0.859433 0.633333 0.029593 0.066667
22 0.859433 0.153333 0.019729 0.066667
3 0.859433 0.273333 0.009864 0.066667