3 0.177924 0.633333 0.013180 0.066667
0 0.177924 0.753333 0.013180 0.066667
2 0.289951 0.393333 0.013180 0.066667
3 0.289951 0.753333 0.013180 0.066667
20 0.403624 0.633333 0.026359 0.066667
11 0.403624 0.513333 0.026359 0.066667
7 0.403624 0.273333 0.013180 0.066667
4 0.515651 0.513333 0.013180 0.066667
2 0.515651 0.393333 0.013180 0.066667
5 0.515651 0.633333 0.013180 0.066667
0 0.627677 0.513333 0.013180 0.066667
3 0.627677 0.153333 0.013180 0.066667
4 0.741351 0.633333 0.013180 0.066667
3 0.853377 0.273333 0.013180 0.066667
4 0.853377 0.753333 0.013180 0.066667
0 0.853377 0.393333 0.013180 0.066667
9 0.853377 0.633333 0.013180 0.066667