14 0.117706 0.513333 0.016097 0.066667
9 0.117706 0.153333 0.008048 0.066667
3 0.117706 0.633333 0.008048 0.066667
2 0.196177 0.273333 0.008048 0.066667
18 0.196177 0.633333 0.016097 0.066667
1 0.274648 0.753333 0.008048 0.066667
1 0.274648 0.153333 0.008048 0.066667
9 0.353119 0.273333 0.008048 0.066667
6 0.353119 0.633333 0.008048 0.066667
8 0.431590 0.753333 0.008048 0.066667
2 0.510060 0.273333 0.008048 0.066667
22 0.510060 0.513333 0.016097 0.066667
1 0.510060 0.153333 0.008048 0.066667
6 0.587525 0.753333 0.008048 0.066667
20 0.587525 0.513333 0.016097 0.066667
22 0.665996 0.753333 0.016097 0.066667
11 0.665996 0.393333 0.016097 0.066667
16 0.665996 0.153333 0.016097 0.066667
21 0.744467 0.153333 0.016097 0.066667
3 0.744467 0.753333 0.008048 0.066667
28 0.744467 0.393333 0.032193 0.066667
8 0.744467 0.633333 0.008048 0.066667
17 0.822938 0.633333 0.016097 0.066667
27 0.822435 0.273333 0.007042 0.053333
10 0.822938 0.153333 0.016097 0.066667
22 0.901408 0.393333 0.016097 0.066667
7 0.901408 0.513333 0.008048 0.066667
5 0.901408 0.153333 0.008048 0.066667
19 0.901408 0.633333 0.016097 0.066667