7 0.134961 0.393333 0.010283 0.066667
7 0.134961 0.513333 0.010283 0.066667
9 0.218509 0.753333 0.010283 0.066667
21 0.218509 0.393333 0.020566 0.066667
6 0.302057 0.393333 0.010283 0.066667
8 0.302057 0.153333 0.010283 0.066667
7 0.386889 0.633333 0.010283 0.066667
1 0.470437 0.513333 0.010283 0.066667
5 0.470437 0.633333 0.010283 0.066667
20 0.470437 0.273333 0.020566 0.066667
7 0.470437 0.393333 0.010283 0.066667
1 0.553985 0.273333 0.010283 0.066667
11 0.553985 0.753333 0.020566 0.066667
4 0.553985 0.153333 0.010283 0.066667
0 0.637532 0.513333 0.010283 0.066667
2 0.637532 0.153333 0.010283 0.066667
27 0.721722 0.273333 0.008997 0.053333
18 0.722365 0.633333 0.020566 0.066667
2 0.805913 0.513333 0.010283 0.066667
2 0.889460 0.153333 0.010283 0.066667
27 0.890103 0.633333 0.008997 0.053333
1 0.889460 0.393333 0.010283 0.066667