2 0.145855 0.753333 0.008395 0.066667
13 0.145855 0.513333 0.016789 0.066667
19 0.249738 0.393333 0.016789 0.066667
13 0.353620 0.153333 0.016789 0.066667
9 0.353620 0.753333 0.008395 0.066667
3 0.457503 0.273333 0.008395 0.066667
11 0.562434 0.753333 0.016789 0.066667
28 0.562434 0.273333 0.025184 0.066667
5 0.666317 0.153333 0.008395 0.066667
4 0.666317 0.273333 0.008395 0.066667
22 0.666317 0.513333 0.016789 0.066667
2 0.770199 0.753333 0.008395 0.066667
7 0.874082 0.753333 0.008395 0.066667
18 0.874082 0.273333 0.016789 0.066667
1 0.874082 0.153333 0.008395 0.066667
3 0.874082 0.513333 0.008395 0.066667