2 0.141782 0.393333 0.010038 0.066667
0 0.141782 0.513333 0.010038 0.066667
2 0.141782 0.633333 0.010038 0.066667
11 0.234630 0.753333 0.020075 0.066667
9 0.234630 0.633333 0.010038 0.066667
1 0.327478 0.153333 0.010038 0.066667
10 0.327478 0.513333 0.020075 0.066667
1 0.419072 0.393333 0.010038 0.066667
0 0.419072 0.513333 0.010038 0.066667
1 0.511920 0.633333 0.010038 0.066667
10 0.604768 0.153333 0.020075 0.066667
5 0.696361 0.753333 0.010038 0.066667
3 0.696361 0.393333 0.010038 0.066667
0 0.789210 0.633333 0.010038 0.066667
12 0.789210 0.393333 0.020075 0.066667
23 0.789210 0.753333 0.020075 0.066667
28 0.882058 0.393333 0.040151 0.066667