0 0.139315 0.753333 0.009445 0.066667
9 0.232586 0.153333 0.009445 0.066667
13 0.325856 0.513333 0.018890 0.066667
22 0.417946 0.633333 0.018890 0.066667
4 0.417946 0.273333 0.009445 0.066667
2 0.511216 0.393333 0.009445 0.066667
8 0.511216 0.753333 0.009445 0.066667
21 0.604486 0.153333 0.018890 0.066667
2 0.604486 0.753333 0.009445 0.066667
14 0.696576 0.153333 0.018890 0.066667
14 0.696576 0.753333 0.018890 0.066667
4 0.696576 0.633333 0.009445 0.066667
5 0.696576 0.513333 0.009445 0.066667
14 0.789847 0.633333 0.018890 0.066667
3 0.789847 0.153333 0.009445 0.066667
7 0.883117 0.153333 0.009445 0.066667
8 0.883117 0.273333 0.009445 0.066667
14 0.883117 0.513333 0.018890 0.066667
27 0.882527 0.753333 0.008264 0.053333