7 0.133721 0.753333 0.011628 0.066667
10 0.133721 0.393333 0.023256 0.066667
4 0.133721 0.513333 0.011628 0.066667
6 0.133721 0.153333 0.011628 0.066667
0 0.209302 0.153333 0.011628 0.066667
4 0.209302 0.753333 0.011628 0.066667
1 0.209302 0.393333 0.011628 0.066667
0 0.209302 0.273333 0.011628 0.066667
18 0.286337 0.393333 0.023256 0.066667
1 0.286337 0.633333 0.011628 0.066667
1 0.286337 0.513333 0.011628 0.066667
5 0.361919 0.273333 0.011628 0.066667
3 0.361919 0.513333 0.011628 0.066667
2 0.437500 0.513333 0.011628 0.066667
6 0.437500 0.633333 0.011628 0.066667
0 0.514535 0.153333 0.011628 0.066667
4 0.514535 0.633333 0.011628 0.066667
0 0.590116 0.273333 0.011628 0.066667
9 0.590116 0.153333 0.011628 0.066667
0 0.665698 0.753333 0.011628 0.066667
5 0.665698 0.273333 0.011628 0.066667
9 0.742733 0.393333 0.011628 0.066667
4 0.818314 0.153333 0.011628 0.066667
12 0.818314 0.633333 0.023256 0.066667
17 0.818314 0.753333 0.023256 0.066667
0 0.893895 0.513333 0.011628 0.066667
6 0.893895 0.753333 0.011628 0.066667
2 0.893895 0.273333 0.011628 0.066667