14 0.144898 0.513333 0.016327 0.066667
22 0.248980 0.753333 0.016327 0.066667
4 0.248980 0.513333 0.008163 0.066667
3 0.248980 0.153333 0.008163 0.066667
7 0.353061 0.153333 0.008163 0.066667
16 0.353061 0.753333 0.016327 0.066667
28 0.457143 0.513333 0.024490 0.066667
15 0.562245 0.633333 0.016327 0.066667
12 0.666327 0.393333 0.016327 0.066667
18 0.666327 0.513333 0.016327 0.066667
16 0.770408 0.153333 0.016327 0.066667
4 0.770408 0.393333 0.008163 0.066667
18 0.874490 0.633333 0.016327 0.066667
16 0.874490 0.273333 0.016327 0.066667
4 0.874490 0.753333 0.008163 0.066667
2 0.874490 0.153333 0.008163 0.066667