10 0.188513 0.393333 0.023564 0.066667
3 0.188513 0.273333 0.011782 0.066667
0 0.188513 0.513333 0.011782 0.066667
6 0.188513 0.753333 0.011782 0.066667
3 0.318115 0.633333 0.011782 0.066667
28 0.318115 0.153333 0.035346 0.066667
15 0.449190 0.273333 0.023564 0.066667
1 0.449190 0.633333 0.011782 0.066667
2 0.449190 0.753333 0.011782 0.066667
0 0.578792 0.393333 0.011782 0.066667
8 0.578792 0.513333 0.011782 0.066667
2 0.709867 0.153333 0.011782 0.066667
1 0.709867 0.513333 0.011782 0.066667
2 0.709867 0.393333 0.011782 0.066667
3 0.709867 0.633333 0.011782 0.066667
7 0.839470 0.273333 0.011782 0.066667
16 0.839470 0.393333 0.023564 0.066667
2 0.839470 0.513333 0.011782 0.066667