9 0.133874 0.753333 0.008114 0.066667
6 0.133874 0.633333 0.008114 0.066667
1 0.133874 0.513333 0.008114 0.066667
4 0.228195 0.513333 0.008114 0.066667
2 0.228195 0.633333 0.008114 0.066667
6 0.321501 0.753333 0.008114 0.066667
6 0.321501 0.153333 0.008114 0.066667
5 0.321501 0.633333 0.008114 0.066667
19 0.415822 0.153333 0.016227 0.066667
3 0.415822 0.633333 0.008114 0.066667
0 0.415822 0.513333 0.008114 0.066667
11 0.510142 0.273333 0.016227 0.066667
20 0.603448 0.393333 0.016227 0.066667
3 0.603448 0.633333 0.008114 0.066667
1 0.603448 0.153333 0.008114 0.066667
5 0.697769 0.393333 0.008114 0.066667
0 0.697769 0.753333 0.008114 0.066667
5 0.697769 0.633333 0.008114 0.066667
0 0.697769 0.513333 0.008114 0.066667
21 0.791075 0.393333 0.016227 0.066667
2 0.791075 0.633333 0.008114 0.066667
17 0.791075 0.153333 0.016227 0.066667
8 0.885396 0.633333 0.008114 0.066667
7 0.885396 0.513333 0.008114 0.066667