7 0.143731 0.633333 0.012232 0.066667
1 0.143731 0.753333 0.012232 0.066667
2 0.143731 0.273333 0.012232 0.066667
1 0.226300 0.273333 0.012232 0.066667
7 0.308869 0.633333 0.012232 0.066667
2 0.391437 0.633333 0.012232 0.066667
5 0.391437 0.513333 0.012232 0.066667
7 0.391437 0.273333 0.012232 0.066667
0 0.474006 0.153333 0.012232 0.066667
22 0.474006 0.513333 0.024465 0.066667
4 0.474006 0.273333 0.012232 0.066667
4 0.556575 0.633333 0.012232 0.066667
13 0.556575 0.273333 0.024465 0.066667
0 0.639144 0.753333 0.012232 0.066667
4 0.639144 0.633333 0.012232 0.066667
5 0.639144 0.273333 0.012232 0.066667
0 0.639144 0.393333 0.012232 0.066667
0 0.721713 0.753333 0.012232 0.066667
1 0.804281 0.153333 0.012232 0.066667
0 0.886850 0.753333 0.012232 0.066667