8 0.130787 0.633333 0.009259 0.066667
3 0.215278 0.633333 0.009259 0.066667
1 0.215278 0.273333 0.009259 0.066667
7 0.299769 0.633333 0.009259 0.066667
21 0.299769 0.153333 0.018519 0.066667
3 0.299769 0.513333 0.009259 0.066667
2 0.299769 0.393333 0.009259 0.066667
11 0.384259 0.393333 0.018519 0.066667
3 0.384259 0.153333 0.009259 0.066667
3 0.384259 0.633333 0.009259 0.066667
3 0.468750 0.513333 0.009259 0.066667
20 0.553241 0.753333 0.018519 0.066667
28 0.637731 0.273333 0.027778 0.066667
1 0.722222 0.153333 0.009259 0.066667
10 0.722222 0.393333 0.018519 0.066667
5 0.722222 0.753333 0.009259 0.066667
16 0.722222 0.633333 0.018519 0.066667
9 0.806713 0.153333 0.009259 0.066667
1 0.806713 0.513333 0.009259 0.066667
0 0.806713 0.393333 0.009259 0.066667
1 0.891204 0.753333 0.009259 0.066667