2 0.163658 0.273333 0.009627 0.066667
22 0.163658 0.753333 0.019254 0.066667
6 0.163658 0.513333 0.009627 0.066667
7 0.279182 0.633333 0.009627 0.066667
8 0.279182 0.393333 0.009627 0.066667
17 0.279182 0.513333 0.019254 0.066667
0 0.395909 0.273333 0.009627 0.066667
6 0.395909 0.153333 0.009627 0.066667
18 0.395909 0.393333 0.019254 0.066667
0 0.511432 0.633333 0.009627 0.066667
6 0.511432 0.513333 0.009627 0.066667
1 0.626955 0.393333 0.009627 0.066667
7 0.743682 0.153333 0.009627 0.066667
2 0.859206 0.633333 0.009627 0.066667
5 0.859206 0.273333 0.009627 0.066667