8 0.138408 0.393333 0.009227 0.066667
3 0.138408 0.633333 0.009227 0.066667
9 0.138408 0.153333 0.009227 0.066667
0 0.138408 0.273333 0.009227 0.066667
2 0.231834 0.513333 0.009227 0.066667
0 0.231834 0.153333 0.009227 0.066667
13 0.325260 0.513333 0.018454 0.066667
4 0.325260 0.153333 0.009227 0.066667
0 0.417532 0.513333 0.009227 0.066667
28 0.417532 0.153333 0.027682 0.066667
12 0.510957 0.393333 0.018454 0.066667
0 0.604383 0.633333 0.009227 0.066667
21 0.604383 0.153333 0.018454 0.066667
16 0.696655 0.153333 0.018454 0.066667
2 0.696655 0.753333 0.009227 0.066667
15 0.790081 0.393333 0.018454 0.066667
4 0.790081 0.633333 0.009227 0.066667
11 0.883506 0.753333 0.018454 0.066667
8 0.883506 0.393333 0.009227 0.066667