4 0.111558 0.393333 0.008040 0.066667
3 0.111558 0.753333 0.008040 0.066667
22 0.111558 0.633333 0.016080 0.066667
0 0.111558 0.153333 0.008040 0.066667
3 0.183920 0.273333 0.008040 0.066667
8 0.183920 0.633333 0.008040 0.066667
21 0.256281 0.153333 0.016080 0.066667
1 0.256281 0.513333 0.008040 0.066667
0 0.256281 0.753333 0.008040 0.066667
11 0.256281 0.393333 0.016080 0.066667
0 0.328643 0.513333 0.008040 0.066667
18 0.401005 0.393333 0.016080 0.066667
3 0.473367 0.513333 0.008040 0.066667
2 0.473367 0.753333 0.008040 0.066667
2 0.473367 0.393333 0.008040 0.066667
6 0.545729 0.633333 0.008040 0.066667
8 0.545729 0.153333 0.008040 0.066667
0 0.618090 0.753333 0.008040 0.066667
16 0.618090 0.273333 0.016080 0.066667
28 0.618090 0.513333 0.024121 0.066667
5 0.690452 0.513333 0.008040 0.066667
1 0.762814 0.753333 0.008040 0.066667
7 0.835176 0.633333 0.008040 0.066667
8 0.835176 0.273333 0.008040 0.066667
5 0.835176 0.393333 0.008040 0.066667
13 0.907538 0.393333 0.016080 0.066667
3 0.907538 0.273333 0.008040 0.066667