0 0.184246 0.633333 0.010681 0.066667
12 0.184246 0.273333 0.021362 0.066667
14 0.315087 0.153333 0.021362 0.066667
3 0.447263 0.513333 0.010681 0.066667
0 0.447263 0.153333 0.010681 0.066667
0 0.447263 0.633333 0.010681 0.066667
10 0.578104 0.513333 0.021362 0.066667
4 0.578104 0.273333 0.010681 0.066667
2 0.578104 0.753333 0.010681 0.066667
1 0.710280 0.633333 0.010681 0.066667
10 0.710280 0.393333 0.021362 0.066667
0 0.710280 0.273333 0.010681 0.066667
10 0.841121 0.273333 0.021362 0.066667
17 0.841121 0.513333 0.021362 0.066667
10 0.841121 0.393333 0.021362 0.066667