4 0.123414 0.273333 0.009227 0.066667
9 0.123414 0.753333 0.009227 0.066667
2 0.200692 0.633333 0.009227 0.066667
27 0.201269 0.273333 0.008074 0.053333
3 0.277970 0.753333 0.009227 0.066667
14 0.277970 0.273333 0.018454 0.066667
3 0.356401 0.513333 0.009227 0.066667
2 0.356401 0.153333 0.009227 0.066667
9 0.356401 0.393333 0.009227 0.066667
3 0.433679 0.393333 0.009227 0.066667
5 0.510957 0.393333 0.009227 0.066667
6 0.510957 0.273333 0.009227 0.066667
4 0.510957 0.153333 0.009227 0.066667
3 0.588235 0.273333 0.009227 0.066667
3 0.588235 0.513333 0.009227 0.066667
0 0.666667 0.753333 0.009227 0.066667
19 0.743945 0.153333 0.018454 0.066667
0 0.821223 0.633333 0.009227 0.066667
2 0.821223 0.513333 0.009227 0.066667
1 0.898501 0.753333 0.009227 0.066667