5 0.140950 0.273333 0.011869 0.066667
2 0.224036 0.753333 0.011869 0.066667
10 0.224036 0.393333 0.023739 0.066667
3 0.224036 0.153333 0.011869 0.066667
11 0.224036 0.273333 0.023739 0.066667
7 0.307122 0.753333 0.011869 0.066667
1 0.307122 0.273333 0.011869 0.066667
8 0.307122 0.513333 0.011869 0.066667
5 0.307122 0.153333 0.011869 0.066667
3 0.390208 0.513333 0.011869 0.066667
1 0.390208 0.273333 0.011869 0.066667
2 0.473294 0.513333 0.011869 0.066667
6 0.473294 0.393333 0.011869 0.066667
11 0.554896 0.633333 0.023739 0.066667
6 0.554896 0.153333 0.011869 0.066667
4 0.554896 0.393333 0.011869 0.066667
2 0.637982 0.513333 0.011869 0.066667
9 0.721068 0.153333 0.011869 0.066667
10 0.721068 0.753333 0.023739 0.066667
1 0.721068 0.513333 0.011869 0.066667
2 0.804154 0.513333 0.011869 0.066667
23 0.887240 0.513333 0.023739 0.066667
15 0.887240 0.633333 0.023739 0.066667
15 0.887240 0.153333 0.023739 0.066667
10 0.887240 0.753333 0.023739 0.066667