4 0.155616 0.753333 0.010825 0.066667
9 0.257104 0.153333 0.010825 0.066667
4 0.257104 0.273333 0.010825 0.066667
0 0.257104 0.633333 0.010825 0.066667
5 0.359946 0.273333 0.010825 0.066667
21 0.359946 0.633333 0.021651 0.066667
0 0.359946 0.513333 0.010825 0.066667
11 0.359946 0.153333 0.021651 0.066667
8 0.461434 0.273333 0.010825 0.066667
27 0.563599 0.753333 0.009472 0.053333
12 0.665765 0.393333 0.021651 0.066667
18 0.665765 0.633333 0.021651 0.066667
4 0.768606 0.513333 0.010825 0.066667
3 0.870095 0.513333 0.010825 0.066667
8 0.870095 0.273333 0.010825 0.066667