4 0.173846 0.153333 0.012308 0.066667
0 0.287692 0.753333 0.012308 0.066667
2 0.287692 0.513333 0.012308 0.066667
8 0.401538 0.513333 0.012308 0.066667
14 0.515385 0.153333 0.024615 0.066667
18 0.515385 0.633333 0.024615 0.066667
6 0.627692 0.753333 0.012308 0.066667
3 0.627692 0.513333 0.012308 0.066667
4 0.627692 0.153333 0.012308 0.066667
9 0.741538 0.153333 0.012308 0.066667
12 0.741538 0.513333 0.024615 0.066667
1 0.855385 0.273333 0.012308 0.066667
14 0.855385 0.393333 0.024615 0.066667
28 0.855385 0.753333 0.036923 0.066667