10 0.112920 0.513333 0.016277 0.066667
11 0.112920 0.153333 0.016277 0.066667
20 0.185148 0.753333 0.016277 0.066667
10 0.185148 0.393333 0.016277 0.066667
0 0.257375 0.633333 0.008138 0.066667
6 0.329603 0.753333 0.008138 0.066667
12 0.329603 0.273333 0.016277 0.066667
4 0.329603 0.513333 0.008138 0.066667
11 0.401831 0.513333 0.016277 0.066667
22 0.401831 0.153333 0.016277 0.066667
0 0.401831 0.633333 0.008138 0.066667
2 0.474059 0.513333 0.008138 0.066667
5 0.546287 0.153333 0.008138 0.066667
9 0.546287 0.393333 0.008138 0.066667
8 0.618515 0.513333 0.008138 0.066667
2 0.618515 0.153333 0.008138 0.066667
6 0.690743 0.633333 0.008138 0.066667
3 0.762970 0.153333 0.008138 0.066667
7 0.835198 0.393333 0.008138 0.066667
12 0.835198 0.513333 0.016277 0.066667
18 0.835198 0.153333 0.016277 0.066667
0 0.835198 0.273333 0.008138 0.066667
11 0.907426 0.633333 0.016277 0.066667
13 0.907426 0.153333 0.016277 0.066667