0 0.145745 0.513333 0.008511 0.066667
9 0.145745 0.753333 0.008511 0.066667
0 0.145745 0.633333 0.008511 0.066667
27 0.250532 0.753333 0.007447 0.053333
0 0.354255 0.633333 0.008511 0.066667
0 0.354255 0.273333 0.008511 0.066667
8 0.458511 0.513333 0.008511 0.066667
17 0.458511 0.633333 0.017021 0.066667
5 0.458511 0.393333 0.008511 0.066667
3 0.458511 0.153333 0.008511 0.066667
27 0.562234 0.273333 0.007447 0.053333
15 0.561702 0.513333 0.017021 0.066667
20 0.665957 0.513333 0.017021 0.066667
5 0.770213 0.633333 0.008511 0.066667
3 0.874468 0.393333 0.008511 0.066667
23 0.874468 0.513333 0.017021 0.066667