3 0.134933 0.633333 0.011994 0.066667
19 0.211394 0.633333 0.023988 0.066667
20 0.211394 0.153333 0.023988 0.066667
2 0.286357 0.153333 0.011994 0.066667
0 0.286357 0.273333 0.011994 0.066667
1 0.286357 0.633333 0.011994 0.066667
28 0.362819 0.393333 0.035982 0.066667
7 0.437781 0.153333 0.011994 0.066667
23 0.437781 0.273333 0.023988 0.066667
4 0.437781 0.513333 0.011994 0.066667
12 0.437781 0.753333 0.023988 0.066667
2 0.514243 0.393333 0.011994 0.066667
0 0.514243 0.273333 0.011994 0.066667
2 0.514243 0.753333 0.011994 0.066667
2 0.590705 0.273333 0.011994 0.066667
4 0.590705 0.513333 0.011994 0.066667
17 0.590705 0.153333 0.023988 0.066667
2 0.665667 0.153333 0.011994 0.066667
27 0.666417 0.273333 0.010495 0.053333
14 0.742129 0.633333 0.023988 0.066667
7 0.742129 0.753333 0.011994 0.066667
0 0.817091 0.273333 0.011994 0.066667
7 0.817091 0.633333 0.011994 0.066667
9 0.817091 0.393333 0.011994 0.066667
20 0.817091 0.753333 0.023988 0.066667
4 0.893553 0.513333 0.011994 0.066667
10 0.893553 0.153333 0.023988 0.066667