1 0.147265 0.273333 0.011220 0.066667
0 0.147265 0.393333 0.011220 0.066667
1 0.238429 0.273333 0.011220 0.066667
3 0.329593 0.633333 0.011220 0.066667
2 0.329593 0.513333 0.011220 0.066667
5 0.329593 0.393333 0.011220 0.066667
5 0.422160 0.273333 0.011220 0.066667
6 0.513324 0.513333 0.011220 0.066667
3 0.604488 0.633333 0.011220 0.066667
21 0.604488 0.393333 0.022440 0.066667
10 0.604488 0.153333 0.022440 0.066667
10 0.604488 0.273333 0.022440 0.066667
4 0.697055 0.633333 0.011220 0.066667
1 0.697055 0.273333 0.011220 0.066667
0 0.697055 0.513333 0.011220 0.066667
3 0.697055 0.153333 0.011220 0.066667
4 0.788219 0.273333 0.011220 0.066667
0 0.788219 0.753333 0.011220 0.066667
9 0.879383 0.393333 0.011220 0.066667
4 0.879383 0.513333 0.011220 0.066667
1 0.879383 0.273333 0.011220 0.066667