9 0.116571 0.153333 0.009143 0.066667
8 0.116571 0.513333 0.009143 0.066667
18 0.188571 0.753333 0.018286 0.066667
1 0.260571 0.273333 0.009143 0.066667
0 0.260571 0.753333 0.009143 0.066667
6 0.331429 0.633333 0.009143 0.066667
4 0.331429 0.753333 0.009143 0.066667
5 0.331429 0.273333 0.009143 0.066667
5 0.403429 0.153333 0.009143 0.066667
18 0.403429 0.633333 0.018286 0.066667
2 0.403429 0.393333 0.009143 0.066667
1 0.475429 0.633333 0.009143 0.066667
1 0.475429 0.753333 0.009143 0.066667
3 0.546286 0.513333 0.009143 0.066667
12 0.618286 0.273333 0.018286 0.066667
13 0.690286 0.273333 0.018286 0.066667
27 0.689714 0.633333 0.008000 0.053333
3 0.690286 0.753333 0.009143 0.066667
3 0.761143 0.513333 0.009143 0.066667
12 0.833143 0.633333 0.018286 0.066667
4 0.905143 0.273333 0.009143 0.066667
10 0.905143 0.633333 0.018286 0.066667