4 0.160178 0.753333 0.008899 0.066667
3 0.160178 0.513333 0.008899 0.066667
19 0.276974 0.753333 0.017798 0.066667
3 0.393771 0.393333 0.008899 0.066667
4 0.393771 0.273333 0.008899 0.066667
14 0.393771 0.153333 0.017798 0.066667
14 0.393771 0.633333 0.017798 0.066667
17 0.510567 0.753333 0.017798 0.066667
14 0.510567 0.393333 0.017798 0.066667
11 0.510567 0.633333 0.017798 0.066667
14 0.627364 0.273333 0.017798 0.066667
3 0.744160 0.273333 0.008899 0.066667
10 0.744160 0.753333 0.017798 0.066667
2 0.860957 0.393333 0.008899 0.066667