4 0.145046 0.273333 0.008172 0.066667
7 0.145046 0.633333 0.008172 0.066667
2 0.249234 0.753333 0.008172 0.066667
0 0.249234 0.633333 0.008172 0.066667
1 0.353422 0.153333 0.008172 0.066667
0 0.353422 0.513333 0.008172 0.066667
2 0.457610 0.633333 0.008172 0.066667
11 0.457610 0.753333 0.016343 0.066667
2 0.457610 0.513333 0.008172 0.066667
15 0.561798 0.153333 0.016343 0.066667
3 0.561798 0.393333 0.008172 0.066667
7 0.561798 0.633333 0.008172 0.066667
28 0.665986 0.753333 0.032686 0.066667
2 0.665986 0.273333 0.008172 0.066667
12 0.770174 0.753333 0.016343 0.066667
9 0.770174 0.273333 0.008172 0.066667
6 0.770174 0.153333 0.008172 0.066667
0 0.770174 0.633333 0.008172 0.066667
5 0.874362 0.633333 0.008172 0.066667
5 0.874362 0.513333 0.008172 0.066667