10 0.130536 0.393333 0.018648 0.066667
2 0.130536 0.513333 0.009324 0.066667
28 0.130536 0.753333 0.027972 0.066667
3 0.215618 0.393333 0.009324 0.066667
4 0.215618 0.633333 0.009324 0.066667
10 0.215618 0.513333 0.018648 0.066667
20 0.299534 0.513333 0.018648 0.066667
0 0.384615 0.393333 0.009324 0.066667
6 0.384615 0.633333 0.009324 0.066667
0 0.384615 0.273333 0.009324 0.066667
5 0.468531 0.753333 0.009324 0.066667
2 0.468531 0.393333 0.009324 0.066667
0 0.468531 0.153333 0.009324 0.066667
19 0.553613 0.753333 0.018648 0.066667
3 0.553613 0.393333 0.009324 0.066667
0 0.637529 0.393333 0.009324 0.066667
0 0.722611 0.633333 0.009324 0.066667
0 0.806527 0.153333 0.009324 0.066667
4 0.891608 0.153333 0.009324 0.066667