28 0.161218 0.633333 0.027057 0.066667
6 0.277339 0.153333 0.009019 0.066667
9 0.277339 0.273333 0.009019 0.066667
0 0.394589 0.393333 0.009019 0.066667
2 0.394589 0.513333 0.009019 0.066667
2 0.510710 0.393333 0.009019 0.066667
12 0.510710 0.513333 0.018038 0.066667
5 0.510710 0.633333 0.009019 0.066667
17 0.626832 0.273333 0.018038 0.066667
6 0.626832 0.633333 0.009019 0.066667
3 0.626832 0.393333 0.009019 0.066667
15 0.626832 0.153333 0.018038 0.066667
3 0.744081 0.513333 0.009019 0.066667
3 0.860203 0.153333 0.009019 0.066667