17 0.123978 0.393333 0.021798 0.066667
6 0.123978 0.153333 0.010899 0.066667
4 0.194823 0.393333 0.010899 0.066667
4 0.194823 0.153333 0.010899 0.066667
9 0.265668 0.393333 0.010899 0.066667
24 0.265668 0.633333 0.021798 0.066667
7 0.336512 0.153333 0.010899 0.066667
11 0.336512 0.393333 0.021798 0.066667
3 0.336512 0.273333 0.010899 0.066667
0 0.407357 0.153333 0.010899 0.066667
23 0.407357 0.393333 0.021798 0.066667
28 0.478202 0.753333 0.032698 0.066667
0 0.478202 0.393333 0.010899 0.066667
5 0.547684 0.273333 0.010899 0.066667
8 0.618529 0.393333 0.010899 0.066667
28 0.689373 0.513333 0.032698 0.066667
3 0.689373 0.633333 0.010899 0.066667
1 0.760218 0.273333 0.010899 0.066667
10 0.831063 0.393333 0.021798 0.066667
7 0.831063 0.153333 0.010899 0.066667
17 0.901907 0.633333 0.021798 0.066667
19 0.901907 0.753333 0.021798 0.066667