1 0.129105 0.753333 0.009060 0.066667
3 0.129105 0.153333 0.009060 0.066667
27 0.129672 0.513333 0.007928 0.053333
4 0.214043 0.513333 0.009060 0.066667
28 0.298981 0.513333 0.027180 0.066667
2 0.298981 0.753333 0.009060 0.066667
0 0.298981 0.273333 0.009060 0.066667
1 0.298981 0.633333 0.009060 0.066667
16 0.383918 0.393333 0.018120 0.066667
2 0.468856 0.393333 0.009060 0.066667
8 0.552661 0.393333 0.009060 0.066667
6 0.552661 0.273333 0.009060 0.066667
1 0.637599 0.753333 0.009060 0.066667
2 0.722537 0.153333 0.009060 0.066667
3 0.722537 0.633333 0.009060 0.066667
9 0.807475 0.393333 0.009060 0.066667
11 0.892412 0.753333 0.018120 0.066667
11 0.892412 0.513333 0.018120 0.066667