8 0.200461 0.753333 0.009217 0.066667
7 0.200461 0.393333 0.009217 0.066667
12 0.355991 0.153333 0.018433 0.066667
28 0.355991 0.753333 0.027650 0.066667
12 0.355991 0.393333 0.018433 0.066667
11 0.355991 0.513333 0.018433 0.066667
4 0.511521 0.753333 0.009217 0.066667
27 0.510945 0.633333 0.008065 0.053333
7 0.665899 0.273333 0.009217 0.066667
0 0.665899 0.753333 0.009217 0.066667
0 0.821429 0.393333 0.009217 0.066667
0 0.821429 0.753333 0.009217 0.066667
3 0.821429 0.513333 0.009217 0.066667
4 0.821429 0.153333 0.009217 0.066667